index,true_family,pred_family,set_family,true_major,pred_major,set_major,true_leaf,pred_leaf,set_leaf
0,fam:Android,fam:Android,fam:Android,maj:Android_10,maj:Android_8,maj:Android_10|maj:Android_8|maj:Android_9,leaf:Android_10,leaf:Android_8_0.0,leaf:Android_10|leaf:Android_8_0.0|leaf:Android_9
2,fam:Android,fam:Android,fam:Android,maj:Android_10,maj:Android_10,maj:Android_10|maj:Android_8,leaf:Android_10,leaf:Android_8_0.0,leaf:Android_10|leaf:Android_8_0.0|leaf:Android_9
3,fam:Android,fam:Android,fam:Android,maj:Android_10,maj:Android_7,maj:Android_6|maj:Android_7,leaf:Android_10,leaf:Android_7_1.0,leaf:Android_5_1.0|leaf:Android_7_1.0
4,fam:Android,fam:Android,fam:Android,maj:Android_10,maj:Android_10,maj:Android_10|maj:Android_9,leaf:Android_10,leaf:Android_10,leaf:Android_10|leaf:Android_8_0.0|leaf:Android_8_1.0|leaf:Android_9
5,fam:Android,fam:Android,fam:Android,maj:Android_10,maj:Android_10,maj:Android_10|maj:Android_9,leaf:Android_10,leaf:Android_10,leaf:Android_10|leaf:Android_9
6,fam:Android,fam:Android,fam:Android,maj:Android_10,maj:Android_9,maj:Android_9,leaf:Android_10,leaf:Android_9,leaf:Android_8_0.0|leaf:Android_9
8,fam:Android,fam:Android,fam:Android,maj:Android_10,maj:Android_9,maj:Android_8|maj:Android_9,leaf:Android_10,leaf:Android_9,leaf:Android_10|leaf:Android_8_0.0|leaf:Android_8_1.0|leaf:Android_9
12,fam:Android,fam:Android,fam:Android,maj:Android_10,maj:Android_9,maj:Android_8|maj:Android_9,leaf:Android_10,leaf:Android_10,leaf:Android_10|leaf:Android_9
14,fam:Android,fam:Android,fam:Android,maj:Android_10,maj:Android_8,maj:Android_10|maj:Android_8|maj:Android_9,leaf:Android_10,leaf:Android_10,leaf:Android_10|leaf:Android_8_1.0|leaf:Android_9
17,fam:Android,fam:Android,fam:Android,maj:Android_10,maj:Android_10,maj:Android_10|maj:Android_9,leaf:Android_10,leaf:Android_10,leaf:Android_10|leaf:Android_9
21,fam:Android,fam:Android,fam:Android,maj:Android_10,maj:Android_10,maj:Android_10|maj:Android_9,leaf:Android_10,leaf:Android_10,leaf:Android_10|leaf:Android_9
22,fam:Android,fam:Android,,maj:Android_10,maj:Android_9,maj:Android_9,leaf:Android_10,leaf:Android_8_0.0,leaf:Android_8_0.0|leaf:Android_8_1.0|leaf:Android_9
24,fam:Android,fam:Android,fam:Android,maj:Android_10,maj:Android_8,maj:Android_8,leaf:Android_10,leaf:Android_8_1.0,leaf:Android_10|leaf:Android_8_0.0|leaf:Android_8_1.0|leaf:Android_9
26,fam:Android,fam:Android,fam:Android,maj:Android_10,maj:Android_7,maj:Android_7|maj:Android_9,leaf:Android_10,leaf:Android_9,leaf:Android_10|leaf:Android_9
27,fam:Android,fam:Android,fam:Android,maj:Android_10,maj:Android_9,maj:Android_10|maj:Android_9,leaf:Android_10,leaf:Android_9,leaf:Android_8_0.0|leaf:Android_9
28,fam:Android,fam:Android,fam:Android,maj:Android_10,maj:Android_8,maj:Android_8,leaf:Android_10,leaf:Android_9,leaf:Android_10|leaf:Android_8_0.0|leaf:Android_9
32,fam:Android,fam:Android,fam:Android,maj:Android_10,maj:Android_10,maj:Android_10|maj:Android_9,leaf:Android_10,leaf:Android_10,leaf:Android_10|leaf:Android_9
40,fam:Android,fam:Android,fam:Android,maj:Android_10,maj:Android_8,maj:Android_10|maj:Android_8|maj:Android_9,leaf:Android_10,leaf:Android_8_0.0,leaf:Android_8_0.0|leaf:Android_9
41,fam:Android,fam:Android,fam:Android,maj:Android_10,maj:Android_8,maj:Android_10|maj:Android_8|maj:Android_9,leaf:Android_10,leaf:Android_8_0.0,leaf:Android_10|leaf:Android_8_0.0|leaf:Android_9
43,fam:Android,fam:Android,fam:Android,maj:Android_10,maj:Android_10,maj:Android_10,leaf:Android_10,leaf:Android_10,leaf:Android_10|leaf:Android_9
46,fam:Android,fam:Android,fam:Android,maj:Android_10,maj:Android_10,maj:Android_10,leaf:Android_10,leaf:Android_10,leaf:Android_10|leaf:Android_9
47,fam:Android,fam:Android,fam:Android,maj:Android_10,maj:Android_8,maj:Android_8|maj:Android_9,leaf:Android_10,leaf:Android_8_0.0,leaf:Android_8_0.0|leaf:Android_9
48,fam:Android,fam:Android,fam:Android,maj:Android_10,maj:Android_7,maj:Android_10|maj:Android_7|maj:Android_9,leaf:Android_10,leaf:Android_10,leaf:Android_10|leaf:Android_7_1.0|leaf:Android_8_0.0|leaf:Android_9
49,fam:Android,fam:Android,fam:Android,maj:Android_10,maj:Android_8,maj:Android_8|maj:Android_9,leaf:Android_10,leaf:Android_8_1.0,leaf:Android_10|leaf:Android_8_0.0|leaf:Android_8_1.0
50,fam:Android,fam:Android,fam:Android,maj:Android_10,maj:Android_10,maj:Android_10|maj:Android_9,leaf:Android_10,leaf:Android_10,leaf:Android_10|leaf:Android_9
52,fam:Android,fam:Android,fam:Android,maj:Android_10,maj:Android_10,maj:Android_10,leaf:Android_10,leaf:Android_10,leaf:Android_10|leaf:Android_9
53,fam:Android,fam:Android,fam:Android,maj:Android_10,maj:Android_9,maj:Android_10|maj:Android_8|maj:Android_9,leaf:Android_10,leaf:Android_10,leaf:Android_10|leaf:Android_9
54,fam:Android,fam:Android,fam:Android,maj:Android_10,maj:Android_9,maj:Android_9,leaf:Android_10,leaf:Android_10,leaf:Android_10|leaf:Android_7_0.0|leaf:Android_9
55,fam:Android,fam:Android,fam:Android,maj:Android_10,maj:Android_8,maj:Android_10|maj:Android_8|maj:Android_9,leaf:Android_10,leaf:Android_8_1.0,leaf:Android_10|leaf:Android_8_0.0|leaf:Android_8_1.0|leaf:Android_9
57,fam:Android,fam:Android,fam:Android,maj:Android_10,maj:Android_10,maj:Android_10,leaf:Android_10,leaf:Android_10,leaf:Android_10|leaf:Android_8_1.0|leaf:Android_9
60,fam:Android,fam:Android,fam:Android,maj:Android_10,maj:Android_9,maj:Android_10|maj:Android_8|maj:Android_9,leaf:Android_10,leaf:Android_10,leaf:Android_10|leaf:Android_8_0.0|leaf:Android_9
62,fam:Android,fam:Android,fam:Android,maj:Android_10,maj:Android_10,maj:Android_10|maj:Android_8|maj:Android_9,leaf:Android_10,leaf:Android_8_0.0,leaf:Android_8_0.0|leaf:Android_8_1.0|leaf:Android_9
66,fam:Android,fam:Android,fam:Android,maj:Android_10,maj:Android_9,maj:Android_9,leaf:Android_10,leaf:Android_9,leaf:Android_10|leaf:Android_8_0.0|leaf:Android_8_1.0|leaf:Android_9
69,fam:Android,fam:Android,fam:Android,maj:Android_10,maj:Android_10,maj:Android_10|maj:Android_9,leaf:Android_10,leaf:Android_10,leaf:Android_10|leaf:Android_9
71,fam:Android,fam:Android,fam:Android,maj:Android_10,maj:Android_9,maj:Android_10|maj:Android_9,leaf:Android_10,leaf:Android_9,leaf:Android_10|leaf:Android_8_0.0|leaf:Android_8_1.0|leaf:Android_9
74,fam:Android,fam:Android,fam:Android,maj:Android_10,maj:Android_10,maj:Android_10|maj:Android_8,leaf:Android_10,leaf:Android_10,leaf:Android_10|leaf:Android_9
75,fam:Android,fam:Android,fam:Android,maj:Android_10,maj:Android_10,maj:Android_10,leaf:Android_10,leaf:Android_10,leaf:Android_10|leaf:Android_9
76,fam:Android,fam:Android,fam:Android,maj:Android_10,maj:Android_10,maj:Android_10|maj:Android_9,leaf:Android_10,leaf:Android_10,leaf:Android_10|leaf:Android_9
77,fam:Android,fam:Android,fam:Android,maj:Android_10,maj:Android_9,maj:Android_8|maj:Android_9,leaf:Android_10,leaf:Android_10,leaf:Android_10|leaf:Android_8_0.0|leaf:Android_9
78,fam:Android,fam:Android,fam:Android,maj:Android_10,maj:Android_10,maj:Android_10,leaf:Android_10,leaf:Android_10,leaf:Android_10|leaf:Android_9
79,fam:Android,fam:Android,fam:Android,maj:Android_10,maj:Android_8,maj:Android_10|maj:Android_8|maj:Android_9,leaf:Android_10,leaf:Android_8_0.0,leaf:Android_10|leaf:Android_8_0.0|leaf:Android_9
80,fam:Android,fam:Android,fam:Android,maj:Android_10,maj:Android_9,maj:Android_8|maj:Android_9,leaf:Android_10,leaf:Android_8_0.0,leaf:Android_10|leaf:Android_8_0.0|leaf:Android_9
81,fam:Android,fam:Android,fam:Android,maj:Android_10,maj:Android_10,maj:Android_10,leaf:Android_10,leaf:Android_10,leaf:Android_10|leaf:Android_9
82,fam:Android,fam:Android,fam:Android,maj:Android_10,maj:Android_10,maj:Android_10,leaf:Android_10,leaf:Android_10,leaf:Android_10|leaf:Android_9
83,fam:Android,fam:Android,fam:Android,maj:Android_10,maj:Android_10,maj:Android_10|maj:Android_9,leaf:Android_10,leaf:Android_10,leaf:Android_10|leaf:Android_9
84,fam:Android,fam:Android,fam:Android,maj:Android_10,maj:Android_9,maj:Android_10|maj:Android_9,leaf:Android_10,leaf:Android_8_1.0,leaf:Android_10|leaf:Android_8_0.0|leaf:Android_8_1.0|leaf:Android_9
87,fam:Android,fam:Android,fam:Android,maj:Android_10,maj:Android_10,maj:Android_10,leaf:Android_10,leaf:Android_10,leaf:Android_10|leaf:Android_9
89,fam:Android,fam:Android,fam:Android,maj:Android_10,maj:Android_10,maj:Android_10,leaf:Android_10,leaf:Android_10,leaf:Android_10|leaf:Android_9
91,fam:Android,fam:iOS,fam:iOS,maj:Android_10,maj:iOS_13,maj:iOS_13,leaf:Android_10,leaf:iOS_13_5.0,leaf:iOS_13_4.0|leaf:iOS_13_5.0
92,fam:Android,fam:Android,fam:Android,maj:Android_10,maj:Android_10,maj:Android_10,leaf:Android_10,leaf:Android_9,leaf:Android_10|leaf:Android_8_0.0|leaf:Android_9
93,fam:Android,fam:Android,fam:Android,maj:Android_10,maj:Android_8,maj:Android_10|maj:Android_8|maj:Android_9,leaf:Android_10,leaf:Android_8_0.0,leaf:Android_8_0.0|leaf:Android_9
95,fam:Android,fam:Android,fam:Android,maj:Android_10,maj:Android_10,maj:Android_10|maj:Android_9,leaf:Android_10,leaf:Android_10,leaf:Android_10|leaf:Android_9
96,fam:Android,fam:Android,fam:Android,maj:Android_10,maj:Android_10,maj:Android_10,leaf:Android_10,leaf:Android_10,leaf:Android_10|leaf:Android_9
99,fam:Android,fam:Android,fam:Android,maj:Android_10,maj:Android_10,maj:Android_10|maj:Android_9,leaf:Android_10,leaf:Android_10,leaf:Android_10|leaf:Android_9
102,fam:Android,fam:Android,fam:Android,maj:Android_10,maj:Android_9,maj:Android_10|maj:Android_8|maj:Android_9,leaf:Android_10,leaf:Android_9,leaf:Android_10|leaf:Android_8_0.0|leaf:Android_9
105,fam:Android,fam:Android,fam:Android,maj:Android_10,maj:Android_10,maj:Android_10|maj:Android_8,leaf:Android_10,leaf:Android_8_0.0,leaf:Android_8_0.0|leaf:Android_9
107,fam:Android,fam:Android,fam:Android,maj:Android_10,maj:Android_10,maj:Android_10,leaf:Android_10,leaf:Android_10,leaf:Android_10|leaf:Android_9
109,fam:Android,fam:Android,fam:Android,maj:Android_10,maj:Android_7,maj:Android_7,leaf:Android_10,leaf:Android_7_1.0,leaf:Android_7_1.0
110,fam:Android,fam:Android,fam:Android,maj:Android_10,maj:Android_10,maj:Android_10|maj:Android_9,leaf:Android_10,leaf:Android_10,leaf:Android_10|leaf:Android_9
116,fam:Android,fam:Android,fam:Android,maj:Android_10,maj:Android_10,maj:Android_10,leaf:Android_10,leaf:Android_10,leaf:Android_10|leaf:Android_9
117,fam:Android,fam:Android,fam:Android,maj:Android_10,maj:Android_10,maj:Android_10|maj:Android_9,leaf:Android_10,leaf:Android_10,leaf:Android_10|leaf:Android_9
119,fam:Android,fam:Android,fam:Android,maj:Android_10,maj:Android_8,maj:Android_10|maj:Android_8,leaf:Android_10,leaf:Android_8_0.0,leaf:Android_10|leaf:Android_8_0.0
120,fam:Android,fam:Android,fam:Android,maj:Android_10,maj:Android_8,maj:Android_8,leaf:Android_10,leaf:Android_8_0.0,leaf:Android_8_0.0|leaf:Android_9
122,fam:Android,fam:Android,fam:Android,maj:Android_10,maj:Android_10,maj:Android_10|maj:Android_8,leaf:Android_10,leaf:Android_8_1.0,leaf:Android_10|leaf:Android_8_0.0|leaf:Android_8_1.0|leaf:Android_9
124,fam:Android,fam:Android,fam:Android,maj:Android_10,maj:Android_9,maj:Android_10|maj:Android_9,leaf:Android_10,leaf:Android_9,leaf:Android_10|leaf:Android_8_0.0|leaf:Android_8_1.0|leaf:Android_9
125,fam:Android,fam:Android,fam:Android,maj:Android_10,maj:Android_10,maj:Android_10|maj:Android_8|maj:Android_9,leaf:Android_10,leaf:Android_8_0.0,leaf:Android_10|leaf:Android_8_0.0|leaf:Android_9
128,fam:Android,fam:Android,fam:Android,maj:Android_10,maj:Android_8,maj:Android_8,leaf:Android_10,leaf:Android_7_1.0,leaf:Android_7_1.0|leaf:Android_9
129,fam:Android,fam:Android,fam:Android,maj:Android_10,maj:Android_10,maj:Android_10,leaf:Android_10,leaf:Android_10,leaf:Android_10|leaf:Android_9
133,fam:Android,fam:Android,fam:Android,maj:Android_10,maj:Android_9,maj:Android_10|maj:Android_9,leaf:Android_10,leaf:Android_9,leaf:Android_10|leaf:Android_8_0.0|leaf:Android_8_1.0|leaf:Android_9
134,fam:Android,fam:Android,fam:Android,maj:Android_10,maj:Android_10,maj:Android_10|maj:Android_8,leaf:Android_10,leaf:Android_8_0.0,leaf:Android_10|leaf:Android_8_0.0|leaf:Android_9
136,fam:Android,fam:Android,fam:Android,maj:Android_10,maj:Android_9,maj:Android_10|maj:Android_9,leaf:Android_10,leaf:Android_8_0.0,leaf:Android_10|leaf:Android_8_0.0|leaf:Android_9
138,fam:Android,fam:Android,fam:Android,maj:Android_10,maj:Android_10,maj:Android_10|maj:Android_9,leaf:Android_10,leaf:Android_9,leaf:Android_10|leaf:Android_7_0.0|leaf:Android_9
139,fam:Android,fam:Android,fam:Android,maj:Android_10,maj:Android_9,maj:Android_10|maj:Android_9,leaf:Android_10,leaf:Android_10,leaf:Android_10|leaf:Android_8_0.0|leaf:Android_9
140,fam:Android,fam:Android,fam:Android,maj:Android_10,maj:Android_10,maj:Android_10|maj:Android_9,leaf:Android_10,leaf:Android_10,leaf:Android_10|leaf:Android_9
141,fam:Android,fam:Android,fam:Android,maj:Android_10,maj:Android_9,maj:Android_10|maj:Android_9,leaf:Android_10,leaf:Android_8_0.0,leaf:Android_10|leaf:Android_8_0.0|leaf:Android_9
142,fam:Android,fam:Android,fam:Android,maj:Android_10,maj:Android_10,maj:Android_10|maj:Android_8|maj:Android_9,leaf:Android_10,leaf:Android_8_1.0,leaf:Android_10|leaf:Android_8_0.0|leaf:Android_8_1.0|leaf:Android_9
144,fam:Android,fam:Android,fam:Android,maj:Android_10,maj:Android_10,maj:Android_10,leaf:Android_10,leaf:Android_10,leaf:Android_10
146,fam:Android,fam:Android,fam:Android,maj:Android_10,maj:Android_9,maj:Android_10|maj:Android_9,leaf:Android_10,leaf:Android_9,leaf:Android_10|leaf:Android_8_0.0|leaf:Android_9
150,fam:Android,fam:Android,fam:Android,maj:Android_10,maj:Android_8,maj:Android_10|maj:Android_8|maj:Android_9,leaf:Android_10,leaf:Android_8_0.0,leaf:Android_8_0.0|leaf:Android_9
154,fam:Android,fam:Android,fam:Android,maj:Android_10,maj:Android_8,maj:Android_8|maj:Android_9,leaf:Android_10,leaf:Android_10,leaf:Android_10|leaf:Android_8_1.0|leaf:Android_9
155,fam:Android,fam:Android,fam:Android,maj:Android_10,maj:Android_9,maj:Android_10|maj:Android_9,leaf:Android_10,leaf:Android_10,leaf:Android_10|leaf:Android_9
157,fam:Android,fam:Android,fam:Android,maj:Android_10,maj:Android_10,maj:Android_10,leaf:Android_10,leaf:Android_10,leaf:Android_10|leaf:Android_9
158,fam:Android,fam:Android,,maj:Android_10,maj:Android_9,maj:Android_9,leaf:Android_10,leaf:Android_8_0.0,leaf:Android_8_0.0|leaf:Android_9
159,fam:Android,fam:Android,,maj:Android_10,maj:Android_10,maj:Android_10,leaf:Android_10,leaf:Android_10,leaf:Android_10
161,fam:Android,fam:Android,fam:Android,maj:Android_10,maj:Android_10,maj:Android_10,leaf:Android_10,leaf:Android_8_0.0,leaf:Android_10|leaf:Android_8_0.0|leaf:Android_9
163,fam:Android,fam:Android,fam:Android,maj:Android_10,maj:Android_10,maj:Android_10,leaf:Android_10,leaf:Android_10,leaf:Android_10|leaf:Android_9
166,fam:Android,fam:Android,fam:Android,maj:Android_10,maj:Android_9,maj:Android_10|maj:Android_9,leaf:Android_10,leaf:Android_9,leaf:Android_10|leaf:Android_8_0.0|leaf:Android_9
167,fam:Android,fam:Android,fam:Android,maj:Android_10,maj:Android_10,maj:Android_10,leaf:Android_10,leaf:Android_10,leaf:Android_10|leaf:Android_8_1.0
168,fam:Android,fam:Android,fam:Android,maj:Android_10,maj:Android_10,maj:Android_10,leaf:Android_10,leaf:Android_9,leaf:Android_10|leaf:Android_9
172,fam:Android,fam:Android,fam:Android,maj:Android_10,maj:Android_9,maj:Android_8|maj:Android_9,leaf:Android_10,leaf:Android_9,leaf:Android_10|leaf:Android_8_0.0|leaf:Android_8_1.0|leaf:Android_9
173,fam:Android,fam:Android,fam:Android,maj:Android_10,maj:Android_9,maj:Android_10|maj:Android_9,leaf:Android_10,leaf:Android_9,leaf:Android_10|leaf:Android_8_0.0|leaf:Android_9
174,fam:Android,fam:Android,fam:Android,maj:Android_10,maj:Android_10,maj:Android_10|maj:Android_8,leaf:Android_10,leaf:Android_8_0.0,leaf:Android_10|leaf:Android_8_0.0|leaf:Android_9
175,fam:Android,fam:Android,fam:Android,maj:Android_10,maj:Android_8,maj:Android_10|maj:Android_8|maj:Android_9,leaf:Android_10,leaf:Android_8_0.0,leaf:Android_8_0.0|leaf:Android_9
176,fam:Android,fam:Android,fam:Android,maj:Android_10,maj:Android_10,maj:Android_10|maj:Android_8,leaf:Android_10,leaf:Android_8_1.0,leaf:Android_10|leaf:Android_8_0.0|leaf:Android_8_1.0|leaf:Android_9
179,fam:Android,fam:Android,fam:Android,maj:Android_10,maj:Android_7,maj:Android_10|maj:Android_7|maj:Android_9,leaf:Android_10,leaf:Android_9,leaf:Android_10|leaf:Android_8_0.0|leaf:Android_8_1.0|leaf:Android_9
181,fam:Android,fam:Android,fam:Android,maj:Android_10,maj:Android_10,maj:Android_10,leaf:Android_10,leaf:Android_10,leaf:Android_10|leaf:Android_9
185,fam:Android,fam:Android,fam:Android,maj:Android_10,maj:Android_9,maj:Android_10|maj:Android_8|maj:Android_9,leaf:Android_10,leaf:Android_8_0.0,leaf:Android_10|leaf:Android_8_0.0|leaf:Android_9
186,fam:Android,fam:Android,fam:Android,maj:Android_10,maj:Android_8,maj:Android_10|maj:Android_8,leaf:Android_10,leaf:Android_8_0.0,leaf:Android_10|leaf:Android_8_0.0|leaf:Android_9
189,fam:Android,fam:Android,fam:Android,maj:Android_10,maj:Android_10,maj:Android_10|maj:Android_9,leaf:Android_10,leaf:Android_10,leaf:Android_10|leaf:Android_8_0.0|leaf:Android_8_1.0|leaf:Android_9
191,fam:Android,fam:Android,fam:Android,maj:Android_10,maj:Android_8,maj:Android_10|maj:Android_8|maj:Android_9,leaf:Android_10,leaf:Android_8_1.0,leaf:Android_10|leaf:Android_8_0.0|leaf:Android_8_1.0
193,fam:Android,fam:Android,fam:Android,maj:Android_10,maj:Android_9,maj:Android_8|maj:Android_9,leaf:Android_10,leaf:Android_10,leaf:Android_10|leaf:Android_8_0.0|leaf:Android_9
195,fam:Android,fam:Android,fam:Android,maj:Android_10,maj:Android_10,maj:Android_10|maj:Android_9,leaf:Android_10,leaf:Android_8_0.0,leaf:Android_10|leaf:Android_8_0.0|leaf:Android_9
197,fam:Android,fam:Android,fam:Android,maj:Android_10,maj:Android_9,maj:Android_10|maj:Android_9,leaf:Android_10,leaf:Android_8_0.0,leaf:Android_10|leaf:Android_8_0.0|leaf:Android_8_1.0|leaf:Android_9
201,fam:Android,fam:Android,fam:Android,maj:Android_10,maj:Android_9,maj:Android_10|maj:Android_8|maj:Android_9,leaf:Android_10,leaf:Android_8_0.0,leaf:Android_10|leaf:Android_8_0.0|leaf:Android_9
202,fam:Android,fam:Android,fam:Android,maj:Android_10,maj:Android_10,maj:Android_10,leaf:Android_10,leaf:Android_10,leaf:Android_10|leaf:Android_9
205,fam:Android,fam:Android,fam:Android,maj:Android_10,maj:Android_9,maj:Android_10|maj:Android_9,leaf:Android_10,leaf:Android_8_0.0,leaf:Android_10|leaf:Android_8_0.0|leaf:Android_8_1.0|leaf:Android_9
208,fam:Android,fam:Android,fam:Android,maj:Android_10,maj:Android_9,maj:Android_8|maj:Android_9,leaf:Android_10,leaf:Android_8_0.0,leaf:Android_10|leaf:Android_8_0.0|leaf:Android_9
212,fam:Android,fam:Android,fam:Android,maj:Android_10,maj:Android_10,maj:Android_10,leaf:Android_10,leaf:Android_7_1.0,leaf:Android_7_1.0
216,fam:Android,fam:Android,fam:Android,maj:Android_10,maj:Android_7,maj:Android_7|maj:Android_8,leaf:Android_10,leaf:Android_8_1.0,leaf:Android_8_1.0|leaf:Android_9
218,fam:Android,fam:Android,fam:Android,maj:Android_10,maj:Android_10,maj:Android_10|maj:Android_8|maj:Android_9,leaf:Android_10,leaf:Android_8_1.0,leaf:Android_10|leaf:Android_8_0.0|leaf:Android_8_1.0|leaf:Android_9
219,fam:Android,fam:Android,fam:Android,maj:Android_10,maj:Android_9,maj:Android_8|maj:Android_9,leaf:Android_10,leaf:Android_8_0.0,leaf:Android_8_0.0|leaf:Android_9
220,fam:Android,fam:Android,fam:Android,maj:Android_10,maj:Android_10,maj:Android_10,leaf:Android_10,leaf:Android_10,leaf:Android_10|leaf:Android_9
221,fam:Android,fam:Android,fam:Android,maj:Android_10,maj:Android_7,maj:Android_7|maj:Android_8,leaf:Android_10,leaf:Android_10,leaf:Android_10|leaf:Android_8_0.0|leaf:Android_9
222,fam:Android,fam:Android,fam:Android,maj:Android_10,maj:Android_8,maj:Android_10|maj:Android_8|maj:Android_9,leaf:Android_10,leaf:Android_8_0.0,leaf:Android_10|leaf:Android_8_0.0|leaf:Android_9
223,fam:Android,fam:Android,fam:Android,maj:Android_10,maj:Android_9,maj:Android_8|maj:Android_9,leaf:Android_10,leaf:Android_10,leaf:Android_10|leaf:Android_8_0.0|leaf:Android_9
225,fam:Android,fam:Android,fam:Android,maj:Android_10,maj:Android_9,maj:Android_10|maj:Android_9,leaf:Android_10,leaf:Android_9,leaf:Android_10|leaf:Android_8_0.0|leaf:Android_8_1.0|leaf:Android_9
229,fam:Android,fam:Android,fam:Android,maj:Android_10,maj:Android_8,maj:Android_10|maj:Android_8,leaf:Android_10,leaf:Android_8_0.0,leaf:Android_10|leaf:Android_8_0.0
230,fam:Android,fam:Android,fam:Android,maj:Android_10,maj:Android_8,maj:Android_10|maj:Android_8|maj:Android_9,leaf:Android_10,leaf:Android_8_0.0,leaf:Android_10|leaf:Android_8_0.0|leaf:Android_9
233,fam:Android,fam:Android,fam:Android,maj:Android_10,maj:Android_10,maj:Android_10|maj:Android_9,leaf:Android_10,leaf:Android_10,leaf:Android_10|leaf:Android_8_0.0|leaf:Android_9
236,fam:Android,fam:Android,fam:Android,maj:Android_10,maj:Android_10,maj:Android_10|maj:Android_9,leaf:Android_10,leaf:Android_9,leaf:Android_10|leaf:Android_8_0.0|leaf:Android_8_1.0|leaf:Android_9
238,fam:Android,fam:Android,fam:Android,maj:Android_10,maj:Android_10,maj:Android_10|maj:Android_9,leaf:Android_10,leaf:Android_10,leaf:Android_10|leaf:Android_9
240,fam:Android,fam:Android,fam:Android,maj:Android_10,maj:Android_10,maj:Android_10|maj:Android_8,leaf:Android_10,leaf:Android_10,leaf:Android_10|leaf:Android_9
241,fam:Android,fam:Android,fam:Android,maj:Android_10,maj:Android_9,maj:Android_9,leaf:Android_10,leaf:Android_9,leaf:Android_8_0.0|leaf:Android_9
242,fam:Android,fam:Android,fam:Android,maj:Android_10,maj:Android_10,maj:Android_10|maj:Android_8,leaf:Android_10,leaf:Android_8_1.0,leaf:Android_10|leaf:Android_8_0.0|leaf:Android_8_1.0|leaf:Android_9
243,fam:Android,fam:Android,fam:Android,maj:Android_10,maj:Android_10,maj:Android_10|maj:Android_8|maj:Android_9,leaf:Android_10,leaf:Android_8_0.0,leaf:Android_10|leaf:Android_8_0.0|leaf:Android_8_1.0|leaf:Android_9
244,fam:Android,fam:Android,fam:Android,maj:Android_10,maj:Android_9,maj:Android_9,leaf:Android_10,leaf:Android_9,leaf:Android_10|leaf:Android_8_0.0|leaf:Android_8_1.0|leaf:Android_9
248,fam:Android,fam:Android,fam:Android,maj:Android_10,maj:Android_6,maj:Android_6,leaf:Android_10,leaf:Android_9,leaf:Android_10|leaf:Android_9
251,fam:Android,fam:Android,fam:Android,maj:Android_10,maj:Android_9,maj:Android_10|maj:Android_9,leaf:Android_10,leaf:Android_10,leaf:Android_10|leaf:Android_9
252,fam:Android,fam:Android,fam:Android,maj:Android_10,maj:Android_10,maj:Android_10,leaf:Android_10,leaf:Android_10,leaf:Android_10|leaf:Android_9
253,fam:Android,fam:Android,fam:Android,maj:Android_10,maj:Android_10,maj:Android_10,leaf:Android_10,leaf:Android_10,leaf:Android_10|leaf:Linux_Ubuntu
254,fam:Android,fam:Android,fam:Android,maj:Android_10,maj:Android_10,maj:Android_10|maj:Android_9,leaf:Android_10,leaf:Android_9,leaf:Android_10|leaf:Android_8_0.0|leaf:Android_9
255,fam:Android,fam:Android,fam:Android,maj:Android_10,maj:Android_10,maj:Android_10|maj:Android_9,leaf:Android_10,leaf:Android_10,leaf:Android_10|leaf:Android_9
259,fam:Android,fam:Android,,maj:Android_10,maj:Android_9,maj:Android_8|maj:Android_9,leaf:Android_10,leaf:Android_8_0.0,leaf:Android_8_0.0|leaf:Android_9
261,fam:Android,fam:Android,fam:Android,maj:Android_10,maj:Android_9,maj:Android_10|maj:Android_9,leaf:Android_10,leaf:Android_10,leaf:Android_10|leaf:Android_9
262,fam:Android,fam:Android,fam:Android,maj:Android_10,maj:Android_9,maj:Android_10|maj:Android_9,leaf:Android_10,leaf:Android_9,leaf:Android_10|leaf:Android_8_0.0|leaf:Android_8_1.0|leaf:Android_9
264,fam:Android,fam:Android,fam:Android,maj:Android_10,maj:Android_10,maj:Android_10|maj:Android_9,leaf:Android_10,leaf:Android_9,leaf:Android_10|leaf:Android_8_0.0|leaf:Android_9
267,fam:Android,fam:Android,fam:Android,maj:Android_10,maj:Android_8,maj:Android_8,leaf:Android_10,leaf:Android_8_1.0,leaf:Android_10|leaf:Android_8_0.0|leaf:Android_8_1.0|leaf:Android_9
269,fam:Android,fam:Android,fam:Android,maj:Android_10,maj:Android_8,maj:Android_10|maj:Android_8|maj:Android_9,leaf:Android_10,leaf:Android_8_0.0,leaf:Android_10|leaf:Android_8_0.0|leaf:Android_9
271,fam:Android,fam:Android,fam:Android,maj:Android_10,maj:Android_9,maj:Android_10|maj:Android_9,leaf:Android_10,leaf:Android_8_0.0,leaf:Android_10|leaf:Android_8_0.0|leaf:Android_8_1.0|leaf:Android_9
272,fam:Android,fam:Android,fam:Android,maj:Android_10,maj:Android_8,maj:Android_8,leaf:Android_10,leaf:Android_10,leaf:Android_10|leaf:Android_8_0.0|leaf:Android_9
274,fam:Android,fam:Android,fam:Android,maj:Android_10,maj:Android_10,maj:Android_10|maj:Android_8|maj:Android_9,leaf:Android_10,leaf:Android_8_1.0,leaf:Android_10|leaf:Android_8_0.0|leaf:Android_8_1.0|leaf:Android_9
275,fam:Android,fam:Android,fam:Android,maj:Android_10,maj:Android_10,maj:Android_10|maj:Android_8,leaf:Android_10,leaf:Android_8_1.0,leaf:Android_10|leaf:Android_8_0.0|leaf:Android_8_1.0|leaf:Android_9
276,fam:Android,fam:Android,fam:Android,maj:Android_10,maj:Android_9,maj:Android_8|maj:Android_9,leaf:Android_10,leaf:Android_10,leaf:Android_10|leaf:Android_8_0.0|leaf:Android_9
278,fam:Android,fam:Android,fam:Android,maj:Android_10,maj:Android_9,maj:Android_10|maj:Android_8|maj:Android_9,leaf:Android_10,leaf:Android_8_0.0,leaf:Android_10|leaf:Android_8_0.0|leaf:Android_9
281,fam:Android,fam:Android,fam:Android,maj:Android_10,maj:Android_8,maj:Android_10|maj:Android_8|maj:Android_9,leaf:Android_10,leaf:Android_9,leaf:Android_10|leaf:Android_8_0.0|leaf:Android_9
282,fam:Android,fam:Android,fam:Android,maj:Android_10,maj:Android_8,maj:Android_10|maj:Android_8,leaf:Android_10,leaf:Android_8_0.0,leaf:Android_10|leaf:Android_8_0.0
284,fam:Android,fam:Android,fam:Android,maj:Android_10,maj:Android_10,maj:Android_10,leaf:Android_10,leaf:Android_10,leaf:Android_10|leaf:Android_9
285,fam:Android,fam:Android,fam:Android,maj:Android_10,maj:Android_10,maj:Android_10|maj:Android_9,leaf:Android_10,leaf:Android_10,leaf:Android_10|leaf:Android_9
288,fam:Android,fam:Android,fam:Android,maj:Android_10,maj:Android_10,maj:Android_10,leaf:Android_10,leaf:Android_10,leaf:Android_10|leaf:Android_9
289,fam:Android,fam:Android,fam:Android,maj:Android_10,maj:Android_10,maj:Android_10|maj:Android_9,leaf:Android_10,leaf:Android_10,leaf:Android_10|leaf:Android_9
290,fam:Android,fam:Android,fam:Android,maj:Android_10,maj:Android_9,maj:Android_9,leaf:Android_10,leaf:Android_10,leaf:Android_10|leaf:Android_9
292,fam:Android,fam:Android,fam:Android,maj:Android_10,maj:Android_9,maj:Android_10|maj:Android_9,leaf:Android_10,leaf:Android_8_1.0,leaf:Android_10|leaf:Android_8_1.0|leaf:Android_9
293,fam:Android,fam:Android,fam:Android,maj:Android_10,maj:Android_10,maj:Android_10|maj:Android_8,leaf:Android_10,leaf:Android_10,leaf:Android_10|leaf:Android_8_0.0|leaf:Android_8_1.0|leaf:Android_9
294,fam:Android,fam:Android,fam:Android,maj:Android_10,maj:Android_9,maj:Android_10|maj:Android_9,leaf:Android_10,leaf:Android_7_0.0,leaf:Android_10|leaf:Android_7_0.0|leaf:Android_9
295,fam:Android,fam:Android,fam:Android,maj:Android_10,maj:Android_10,maj:Android_10|maj:Android_9,leaf:Android_10,leaf:Android_10,leaf:Android_10|leaf:Android_9
297,fam:Android,fam:Android,fam:Android,maj:Android_10,maj:Android_10,maj:Android_10,leaf:Android_10,leaf:Android_10,leaf:Android_10|leaf:Android_9
302,fam:Android,fam:Android,,maj:Android_10,maj:Android_8,maj:Android_8,leaf:Android_10,leaf:Android_8_0.0,leaf:Android_8_0.0|leaf:Android_9
304,fam:Android,fam:Android,fam:Android,maj:Android_10,maj:Android_9,maj:Android_10|maj:Android_9,leaf:Android_10,leaf:Android_8_1.0,leaf:Android_10|leaf:Android_8_0.0|leaf:Android_8_1.0|leaf:Android_9
306,fam:Android,fam:Android,fam:Android,maj:Android_10,maj:Android_10,maj:Android_10|maj:Android_8|maj:Android_9,leaf:Android_10,leaf:Android_8_0.0,leaf:Android_8_0.0|leaf:Android_9
307,fam:Android,fam:Android,fam:Android,maj:Android_10,maj:Android_10,maj:Android_10|maj:Android_9,leaf:Android_10,leaf:Android_10,leaf:Android_10|leaf:Android_9
308,fam:Android,fam:Android,fam:Android,maj:Android_10,maj:Android_10,maj:Android_10|maj:Android_9,leaf:Android_10,leaf:Android_8_0.0,leaf:Android_10|leaf:Android_7_1.0|leaf:Android_8_0.0|leaf:Android_9
309,fam:Android,fam:Android,fam:Android,maj:Android_10,maj:Android_9,maj:Android_9,leaf:Android_10,leaf:Android_9,leaf:Android_10|leaf:Android_8_0.0|leaf:Android_9
312,fam:Android,fam:Android,fam:Android,maj:Android_10,maj:Android_10,maj:Android_10|maj:Android_8|maj:Android_9,leaf:Android_10,leaf:Android_8_0.0,leaf:Android_10|leaf:Android_8_0.0|leaf:Android_9
315,fam:Android,fam:Android,fam:Android,maj:Android_10,maj:Android_10,maj:Android_10|maj:Android_9,leaf:Android_10,leaf:Android_10,leaf:Android_10|leaf:Android_9
318,fam:Android,fam:Android,fam:Android,maj:Android_10,maj:Android_9,maj:Android_10|maj:Android_9,leaf:Android_10,leaf:Android_10,leaf:Android_10|leaf:Android_7_0.0|leaf:Android_9
321,fam:Android,fam:Android,fam:Android,maj:Android_10,maj:Android_7,maj:Android_5|maj:Android_7,leaf:Android_10,leaf:Android_5_1.0,leaf:Android_5_1.0|leaf:Android_7_1.0
322,fam:Android,fam:Android,fam:Android,maj:Android_10,maj:Android_10,maj:Android_10|maj:Android_8|maj:Android_9,leaf:Android_10,leaf:Android_8_0.0,leaf:Android_10|leaf:Android_8_0.0|leaf:Android_9
325,fam:Android,fam:Android,fam:Android,maj:Android_10,maj:Android_10,maj:Android_10,leaf:Android_10,leaf:Android_10,leaf:Android_10
326,fam:Android,fam:Android,fam:Android,maj:Android_10,maj:Android_9,maj:Android_10|maj:Android_8|maj:Android_9,leaf:Android_10,leaf:Android_8_0.0,leaf:Android_10|leaf:Android_8_0.0|leaf:Android_9
332,fam:Android,fam:Android,fam:Android,maj:Android_10,maj:Android_10,maj:Android_10|maj:Android_9,leaf:Android_10,leaf:Android_10,leaf:Android_10|leaf:Android_9
333,fam:Android,fam:Android,fam:Android,maj:Android_10,maj:Android_9,maj:Android_10|maj:Android_9,leaf:Android_10,leaf:Android_10,leaf:Android_10|leaf:Android_8_0.0|leaf:Android_9
339,fam:Android,fam:Android,fam:Android,maj:Android_10,maj:Android_9,maj:Android_10|maj:Android_9,leaf:Android_10,leaf:Android_9,leaf:Android_10|leaf:Android_8_0.0|leaf:Android_9
340,fam:Android,fam:Android,fam:Android,maj:Android_10,maj:Android_9,maj:Android_10|maj:Android_9,leaf:Android_10,leaf:Android_9,leaf:Android_10|leaf:Android_8_0.0|leaf:Android_8_1.0|leaf:Android_9
343,fam:Android,fam:Android,fam:Android,maj:Android_10,maj:Android_10,maj:Android_10|maj:Android_9,leaf:Android_10,leaf:Android_10,leaf:Android_10|leaf:Android_9
345,fam:Android,fam:Android,fam:Android,maj:Android_10,maj:Android_8,maj:Android_8|maj:Android_9,leaf:Android_10,leaf:Android_8_0.0,leaf:Android_10|leaf:Android_8_0.0|leaf:Android_9
348,fam:Android,fam:Android,fam:Android,maj:Android_10,maj:Android_10,maj:Android_10|maj:Android_8|maj:Android_9,leaf:Android_10,leaf:Android_10,leaf:Android_10|leaf:Android_8_0.0|leaf:Android_8_1.0|leaf:Android_9
349,fam:Android,fam:Android,fam:Android,maj:Android_10,maj:Android_10,maj:Android_10,leaf:Android_10,leaf:Android_10,leaf:Android_10
350,fam:Android,fam:Android,fam:Android,maj:Android_10,maj:Android_10,maj:Android_10|maj:Android_9,leaf:Android_10,leaf:Android_10,leaf:Android_10|leaf:Android_9
351,fam:Android,fam:Android,fam:Android,maj:Android_10,maj:Android_9,maj:Android_10|maj:Android_9,leaf:Android_10,leaf:Android_9,leaf:Android_10|leaf:Android_9
354,fam:Android,fam:Android,fam:Android,maj:Android_10,maj:Android_10,maj:Android_10|maj:Android_8|maj:Android_9,leaf:Android_10,leaf:Android_8_0.0,leaf:Android_10|leaf:Android_8_0.0|leaf:Android_8_1.0|leaf:Android_9
356,fam:Android,fam:Android,fam:Android,maj:Android_10,maj:Android_8,maj:Android_8,leaf:Android_10,leaf:Android_8_0.0,leaf:Android_10|leaf:Android_8_0.0|leaf:Android_9
359,fam:Android,fam:Android,fam:Android,maj:Android_10,maj:Android_10,maj:Android_10|maj:Android_9,leaf:Android_10,leaf:Android_8_0.0,leaf:Android_10|leaf:Android_7_1.0|leaf:Android_8_0.0|leaf:Android_9
361,fam:Android,fam:Android,fam:Android,maj:Android_10,maj:Android_7,maj:Android_7,leaf:Android_10,leaf:Android_9,leaf:Android_8_0.0|leaf:Android_9
363,fam:Android,fam:Android,,maj:Android_10,maj:Android_8,maj:Android_8|maj:Android_9,leaf:Android_10,leaf:Android_8_0.0,leaf:Android_8_0.0|leaf:Android_9
365,fam:Android,fam:Android,fam:Android,maj:Android_10,maj:Android_10,maj:Android_10|maj:Android_9,leaf:Android_10,leaf:Android_10,leaf:Android_10|leaf:Android_9
366,fam:Android,fam:Android,fam:Android,maj:Android_10,maj:Android_10,maj:Android_10|maj:Android_9,leaf:Android_10,leaf:Android_10,leaf:Android_10|leaf:Android_9
372,fam:Android,fam:Android,fam:Android,maj:Android_10,maj:Android_9,maj:Android_10|maj:Android_9,leaf:Android_10,leaf:Android_10,leaf:Android_10|leaf:Android_8_1.0|leaf:Android_9
373,fam:Android,fam:Android,fam:Android,maj:Android_10,maj:Android_9,maj:Android_8|maj:Android_9,leaf:Android_10,leaf:Android_10,leaf:Android_10|leaf:Android_8_0.0|leaf:Android_9
374,fam:Android,fam:Android,fam:Android,maj:Android_10,maj:Android_10,maj:Android_10,leaf:Android_10,leaf:Android_8_1.0,leaf:Android_8_1.0|leaf:Android_9
378,fam:Android,fam:Android,fam:Android,maj:Android_10,maj:Android_8,maj:Android_8|maj:Android_9,leaf:Android_10,leaf:Android_10,leaf:Android_10|leaf:Android_8_1.0|leaf:Android_9
381,fam:Android,fam:Android,fam:Android,maj:Android_10,maj:Android_10,maj:Android_10,leaf:Android_10,leaf:Android_10,leaf:Android_10|leaf:Android_8_1.0
383,fam:Android,fam:Android,fam:Android,maj:Android_10,maj:Android_10,maj:Android_10|maj:Android_9,leaf:Android_10,leaf:Android_10,leaf:Android_10|leaf:Android_8_0.0|leaf:Android_8_1.0|leaf:Android_9
384,fam:Android,fam:Android,fam:Android,maj:Android_10,maj:Android_8,maj:Android_8,leaf:Android_10,leaf:Android_8_0.0,leaf:Android_8_0.0|leaf:Android_9
385,fam:Android,fam:Android,fam:Android,maj:Android_10,maj:Android_10,maj:Android_10,leaf:Android_10,leaf:Android_10,leaf:Android_10|leaf:Android_9
391,fam:Android,fam:Android,fam:Android,maj:Android_10,maj:Android_10,maj:Android_10,leaf:Android_10,leaf:Android_10,leaf:Android_10|leaf:Android_9
393,fam:Android,fam:Android,fam:Android,maj:Android_10,maj:Android_10,maj:Android_10,leaf:Android_10,leaf:Android_10,leaf:Android_10
394,fam:Android,fam:Android,fam:Android,maj:Android_10,maj:Android_8,maj:Android_10|maj:Android_8,leaf:Android_10,leaf:Android_8_0.0,leaf:Android_10|leaf:Android_8_0.0|leaf:Android_8_1.0|leaf:Android_9
401,fam:Android,fam:Android,fam:Android,maj:Android_10,maj:Android_9,maj:Android_10|maj:Android_9,leaf:Android_10,leaf:Android_9,leaf:Android_10|leaf:Android_8_0.0|leaf:Android_8_1.0|leaf:Android_9
403,fam:Android,fam:Android,fam:Android,maj:Android_10,maj:Android_10,maj:Android_10,leaf:Android_10,leaf:Android_10,leaf:Android_10|leaf:Android_9
406,fam:Android,fam:Android,fam:Android,maj:Android_10,maj:Android_10,maj:Android_10|maj:Android_9,leaf:Android_10,leaf:Android_10,leaf:Android_10|leaf:Android_9
408,fam:Android,fam:Android,fam:Android,maj:Android_10,maj:Android_8,maj:Android_10|maj:Android_8,leaf:Android_10,leaf:Android_8_0.0,leaf:Android_10|leaf:Android_8_0.0|leaf:Android_8_1.0|leaf:Android_9
411,fam:Android,fam:Android,fam:Android,maj:Android_10,maj:Android_8,maj:Android_8,leaf:Android_10,leaf:Android_9,leaf:Android_10|leaf:Android_8_0.0|leaf:Android_9
413,fam:Android,fam:Android,,maj:Android_10,maj:Android_8,maj:Android_8|maj:Android_9,leaf:Android_10,leaf:Android_8_0.0,leaf:Android_8_0.0|leaf:Android_9
414,fam:Android,fam:Android,fam:Android,maj:Android_10,maj:Android_10,maj:Android_10,leaf:Android_10,leaf:Android_10,leaf:Android_10|leaf:Android_9
417,fam:Android,fam:Android,fam:Android,maj:Android_10,maj:Android_10,maj:Android_10,leaf:Android_10,leaf:Android_8_1.0,leaf:Android_10|leaf:Android_7_1.0|leaf:Android_8_1.0
418,fam:Android,fam:Android,fam:Android,maj:Android_10,maj:Android_9,maj:Android_10|maj:Android_9,leaf:Android_10,leaf:Android_8_1.0,leaf:Android_10|leaf:Android_8_0.0|leaf:Android_8_1.0|leaf:Android_9
421,fam:Android,fam:Android,fam:Android,maj:Android_10,maj:Android_10,maj:Android_10|maj:Android_8,leaf:Android_10,leaf:Android_8_0.0,leaf:Android_10|leaf:Android_8_0.0|leaf:Android_9
422,fam:Android,fam:Android,fam:Android,maj:Android_10,maj:Android_9,maj:Android_10|maj:Android_9,leaf:Android_10,leaf:Android_10,leaf:Android_10|leaf:Android_9
423,fam:Android,fam:Android,fam:Android,maj:Android_10,maj:Android_10,maj:Android_10|maj:Android_8|maj:Android_9,leaf:Android_10,leaf:Android_10,leaf:Android_10|leaf:Android_9
424,fam:Android,fam:Android,,maj:Android_10,maj:Android_9,maj:Android_9|maj:Linux_OTHER,leaf:Android_10,leaf:Android_8_0.0,leaf:Android_8_0.0|leaf:Android_9|leaf:Linux_OTHER
426,fam:Android,fam:Android,fam:Android,maj:Android_10,maj:Android_9,maj:Android_10|maj:Android_9,leaf:Android_10,leaf:Android_10,leaf:Android_10|leaf:Android_8_0.0|leaf:Android_9
427,fam:Android,fam:Android,fam:Android,maj:Android_10,maj:Android_8,maj:Android_10|maj:Android_8|maj:Android_9,leaf:Android_10,leaf:Android_10,leaf:Android_10|leaf:Android_8_1.0|leaf:Android_9
429,fam:Android,fam:Android,fam:Android,maj:Android_10,maj:Android_9,maj:Android_10|maj:Android_9,leaf:Android_10,leaf:Android_8_0.0,leaf:Android_8_0.0|leaf:Android_9
430,fam:Android,fam:Android,fam:Android,maj:Android_10,maj:Android_8,maj:Android_10|maj:Android_8|maj:Android_9,leaf:Android_10,leaf:Android_8_0.0,leaf:Android_8_0.0|leaf:Android_9
431,fam:Android,fam:Android,fam:Android,maj:Android_10,maj:Android_9,maj:Android_9,leaf:Android_10,leaf:Android_10,leaf:Android_10|leaf:Android_8_0.0|leaf:Android_9
432,fam:Android,fam:Android,fam:Android,maj:Android_10,maj:Android_10,maj:Android_10|maj:Android_9,leaf:Android_10,leaf:Android_10,leaf:Android_10|leaf:Android_8_0.0|leaf:Android_9
433,fam:Android,fam:Android,fam:Android,maj:Android_10,maj:Android_10,maj:Android_10,leaf:Android_10,leaf:Android_10,leaf:Android_10|leaf:Android_9
434,fam:Android,fam:Linux,,maj:Android_10,maj:Android_10,maj:Android_10,leaf:Android_10,leaf:Linux_OTHER,leaf:Android_10|leaf:Linux_OTHER
436,fam:Android,fam:Android,fam:Android,maj:Android_10,maj:Android_10,maj:Android_10|maj:Android_8|maj:Android_9,leaf:Android_10,leaf:Android_10,leaf:Android_10|leaf:Android_8_0.0|leaf:Android_9
438,fam:Android,fam:Android,fam:Android,maj:Android_10,maj:Android_8,maj:Android_10|maj:Android_8,leaf:Android_10,leaf:Android_8_1.0,leaf:Android_10|leaf:Android_8_1.0|leaf:Android_9
440,fam:Android,fam:Android,fam:Android,maj:Android_10,maj:Android_10,maj:Android_10,leaf:Android_10,leaf:Android_10,leaf:Android_10|leaf:Android_7_1.0
442,fam:Android,fam:Android,fam:Android,maj:Android_10,maj:Android_9,maj:Android_9,leaf:Android_10,leaf:Android_9,leaf:Android_10|leaf:Android_9
443,fam:Android,fam:Android,fam:Android,maj:Android_10,maj:Android_9,maj:Android_9,leaf:Android_10,leaf:Android_9,leaf:Android_10|leaf:Android_8_0.0|leaf:Android_9
446,fam:Android,fam:Android,fam:Android,maj:Android_10,maj:Android_8,maj:Android_10|maj:Android_8|maj:Android_9,leaf:Android_10,leaf:Android_8_0.0,leaf:Android_10|leaf:Android_8_0.0|leaf:Android_9
447,fam:Android,fam:Android,fam:Android,maj:Android_10,maj:Android_7,maj:Android_7|maj:Android_8,leaf:Android_10,leaf:Android_8_1.0,leaf:Android_8_1.0|leaf:Android_9
449,fam:Android,fam:Android,fam:Android,maj:Android_10,maj:Android_10,maj:Android_10,leaf:Android_10,leaf:Android_10,leaf:Android_10
452,fam:Android,fam:Android,fam:Android,maj:Android_4,maj:Android_4,maj:Android_4,leaf:Android_4_0.0,leaf:Android_4_0.0,leaf:Android_4_0.0
453,fam:Android,fam:Linux,,maj:Android_4,maj:Linux_OTHER,maj:Linux_OTHER|maj:Windows_10,leaf:Android_4_0.0,leaf:Linux_OTHER,leaf:Linux_OTHER|leaf:Windows_10
456,fam:Android,fam:Windows,,maj:Android_4,maj:Windows_7,maj:Windows_7,leaf:Android_4_1.0,leaf:Android_4_1.0,leaf:Android_4_1.0
458,fam:Android,fam:Android,fam:Android,maj:Android_4,maj:Android_4,maj:Android_4,leaf:Android_4_1.0,leaf:Android_4_1.0,leaf:Android_4_1.0
461,fam:Android,fam:Android,,maj:Android_4,maj:Android_4,maj:Android_4,leaf:Android_4_1.0,leaf:Android_4_1.0,leaf:Android_4_1.0
462,fam:Android,fam:Android,,maj:Android_4,maj:Android_4,maj:Android_4|maj:Windows_Vista,leaf:Android_4_1.0,leaf:Android_4_1.0,leaf:Android_4_1.0
465,fam:Android,fam:Android,fam:Android,maj:Android_4,maj:Windows_XP,maj:Android_6|maj:Windows_XP,leaf:Android_4_2.0,leaf:Windows_XP,leaf:Android_6_0.0|leaf:Windows_XP
467,fam:Android,fam:Android,,maj:Android_4,maj:Android_6,maj:Android_6|maj:Windows_XP,leaf:Android_4_2.0,leaf:Android_6_0.0,leaf:Android_6_0.0|leaf:Windows_XP
468,fam:Android,fam:Android,fam:Android,maj:Android_4,maj:Android_4,maj:Android_4,leaf:Android_4_2.0,leaf:Android_4_4.0,leaf:Android_4_4.0
472,fam:Android,fam:Android,fam:Android,maj:Android_4,maj:Android_4,maj:Android_4,leaf:Android_4_4.0,leaf:Android_4_4.0,leaf:Android_4_2.0|leaf:Android_4_4.0
476,fam:Android,fam:Windows,fam:Windows,maj:Android_4,maj:Windows_7,maj:Linux_OTHER|maj:Windows_10|maj:Windows_7,leaf:Android_4_4.0,leaf:Linux_OTHER,leaf:Linux_OTHER
477,fam:Android,fam:Android,fam:Android,maj:Android_4,maj:Android_7,maj:Android_7,leaf:Android_4_4.0,leaf:Android_7_1.0,leaf:Android_5_1.0|leaf:Android_7_1.0
480,fam:Android,fam:Android,fam:Android,maj:Android_4,maj:Android_4,maj:Android_4,leaf:Android_4_4.0,leaf:Android_4_4.0,leaf:Android_4_4.0
482,fam:Android,fam:Android,fam:Android,maj:Android_4,maj:Android_4,maj:Android_4,leaf:Android_4_4.0,leaf:Android_4_4.0,leaf:Android_4_4.0
483,fam:Android,fam:Windows,fam:Windows,maj:Android_4,maj:Android_4,maj:Android_4,leaf:Android_4_4.0,leaf:Android_4_4.0,leaf:Android_4_4.0
484,fam:Android,fam:Android,,maj:Android_4,maj:Android_4,maj:Android_4,leaf:Android_4_4.0,leaf:Android_4_4.0,leaf:Android_4_4.0
485,fam:Android,fam:Android,fam:Android,maj:Android_4,maj:Android_4,maj:Android_4,leaf:Android_4_4.0,leaf:Android_4_4.0,leaf:Android_4_4.0
486,fam:Android,fam:Android,fam:Android,maj:Android_5,maj:Android_5,maj:Android_5,leaf:Android_5_0.0,leaf:Android_5_0.0,leaf:Android_5_0.0
488,fam:Android,fam:Android,fam:Android,maj:Android_5,maj:Android_5,maj:Android_5,leaf:Android_5_0.0,leaf:Android_5_1.0,leaf:Android_5_1.0
489,fam:Android,fam:Android,fam:Android,maj:Android_5,maj:Android_8,maj:Android_5|maj:Android_8,leaf:Android_5_0.0,leaf:Android_7_0.0,leaf:Android_7_0.0|leaf:Android_8_0.0
493,fam:Android,fam:Android,fam:Android,maj:Android_5,maj:Android_7,maj:Android_7,leaf:Android_5_1.0,leaf:Android_5_1.0,leaf:Android_5_1.0|leaf:Android_7_1.0
494,fam:Android,fam:Android,fam:Android,maj:Android_5,maj:Android_5,maj:Android_5,leaf:Android_5_1.0,leaf:Android_5_1.0,leaf:Android_5_1.0|leaf:Android_7_1.0
495,fam:Android,fam:Android,,maj:Android_5,maj:Android_9,maj:Android_9,leaf:Android_5_1.0,leaf:Android_8_0.0,leaf:Android_8_0.0|leaf:Android_9
500,fam:Android,fam:Android,fam:Android,maj:Android_5,maj:Android_5,maj:Android_5,leaf:Android_5_1.0,leaf:Android_5_1.0,leaf:Android_5_1.0
502,fam:Android,fam:Android,fam:Android,maj:Android_5,maj:Android_5,maj:Android_5,leaf:Android_5_1.0,leaf:Android_5_1.0,leaf:Android_5_1.0
507,fam:Android,fam:Android,fam:Android,maj:Android_5,maj:Android_5,maj:Android_5,leaf:Android_5_1.0,leaf:Android_5_1.0,leaf:Android_5_1.0
508,fam:Android,fam:Android,fam:Android,maj:Android_5,maj:Android_5,maj:Android_5,leaf:Android_5_1.0,leaf:Android_5_1.0,leaf:Android_5_1.0
509,fam:Android,fam:Android,fam:Android,maj:Android_5,maj:Android_5,maj:Android_5,leaf:Android_5_1.0,leaf:Android_5_1.0,leaf:Android_5_0.0|leaf:Android_5_1.0
510,fam:Android,fam:Android,,maj:Android_5,maj:Android_5,maj:Android_5,leaf:Android_5_1.0,leaf:Android_5_1.0,leaf:Android_5_0.0|leaf:Android_5_1.0
512,fam:Android,fam:Android,fam:Android,maj:Android_5,maj:Android_7,maj:Android_5|maj:Android_6|maj:Android_7,leaf:Android_5_1.0,leaf:Android_7_0.0,leaf:Android_7_0.0
515,fam:Android,fam:Android,,maj:Android_5,maj:Android_5,maj:Android_5,leaf:Android_5_1.0,leaf:Android_7_0.0,leaf:Android_5_1.0|leaf:Android_7_0.0
518,fam:Android,fam:Android,fam:Android,maj:Android_5,maj:Android_5,maj:Android_5,leaf:Android_5_1.0,leaf:Android_5_1.0,leaf:Android_5_1.0
520,fam:Android,fam:Android,fam:Android,maj:Android_5,maj:Android_5,maj:Android_5,leaf:Android_5_1.0,leaf:Android_5_1.0,leaf:Android_5_1.0
521,fam:Android,fam:Android,fam:Android,maj:Android_5,maj:Android_5,maj:Android_5,leaf:Android_5_1.0,leaf:Android_5_1.0,leaf:Android_5_1.0
522,fam:Android,fam:Android,fam:Android,maj:Android_5,maj:Android_6,maj:Android_6,leaf:Android_5_1.0,leaf:Android_7_0.0,leaf:Android_6_0.0|leaf:Android_7_0.0|leaf:Android_8_0.0
525,fam:Android,fam:Android,fam:Android,maj:Android_5,maj:Android_7,maj:Android_7,leaf:Android_5_1.0,leaf:Android_7_1.0,leaf:Android_5_1.0|leaf:Android_7_1.0
526,fam:Android,fam:Android,fam:Android,maj:Android_5,maj:Android_7,maj:Android_7,leaf:Android_5_1.0,leaf:Android_7_1.0,leaf:Android_5_1.0|leaf:Android_7_1.0
527,fam:Android,fam:Android,fam:Android,maj:Android_5,maj:Android_5,maj:Android_5,leaf:Android_5_1.0,leaf:Android_5_1.0,leaf:Android_5_1.0
528,fam:Android,fam:Android,fam:Android,maj:Android_5,maj:Android_5,maj:Android_5,leaf:Android_5_1.0,leaf:Android_5_1.0,leaf:Android_5_1.0
531,fam:Android,fam:Android,fam:Android,maj:Android_5,maj:Android_6,maj:Android_5|maj:Android_6,leaf:Android_5_1.0,leaf:Android_5_0.0,leaf:Android_5_0.0|leaf:Android_5_1.0
533,fam:Android,fam:Android,fam:Android,maj:Android_5,maj:Android_5,maj:Android_5|maj:Android_6,leaf:Android_5_1.0,leaf:Android_5_1.0,leaf:Android_5_1.0|leaf:Android_6_0.0
535,fam:Android,fam:Android,,maj:Android_6,maj:Android_6,maj:Android_6|maj:Windows_XP,leaf:Android_6_0.0,leaf:Windows_XP,leaf:Android_6_0.0|leaf:Windows_XP
536,fam:Android,fam:Android,,maj:Android_6,maj:Android_6,maj:Android_6|maj:Windows_XP,leaf:Android_6_0.0,leaf:Android_6_0.0,leaf:Android_6_0.0|leaf:Windows_XP
540,fam:Android,fam:Android,fam:Android,maj:Android_6,maj:Android_7,maj:Android_7,leaf:Android_6_0.0,leaf:Android_7_0.0,leaf:Android_7_0.0|leaf:Android_8_1.0
543,fam:Android,fam:Android,,maj:Android_6,maj:Android_6,maj:Android_6,leaf:Android_6_0.0,leaf:Android_6_0.0,leaf:Android_6_0.0|leaf:Windows_XP
546,fam:Android,fam:Android,,maj:Android_6,maj:Android_6,maj:Android_6|maj:Windows_XP,leaf:Android_6_0.0,leaf:Windows_XP,leaf:Android_6_0.0|leaf:Windows_XP
547,fam:Android,fam:Android,fam:Android,maj:Android_6,maj:Android_9,maj:Android_8|maj:Android_9,leaf:Android_6_0.0,leaf:Android_10,leaf:Android_10|leaf:Android_8_0.0|leaf:Android_9
550,fam:Android,fam:Android,fam:Android,maj:Android_6,maj:Android_6,maj:Android_6|maj:Windows_XP,leaf:Android_6_0.0,leaf:Android_6_0.0,leaf:Android_6_0.0|leaf:Windows_XP
551,fam:Android,fam:Android,,maj:Android_6,maj:Android_4,maj:Android_4,leaf:Android_6_0.0,leaf:Android_4_1.0,leaf:Android_4_1.0
552,fam:Android,fam:Windows,fam:Windows,maj:Android_6,maj:Windows_7,maj:Windows_7,leaf:Android_6_0.0,leaf:Windows_7,leaf:Windows_7
554,fam:Android,fam:Android,,maj:Android_6,maj:Android_6,maj:Android_6|maj:Windows_XP,leaf:Android_6_0.0,leaf:Android_6_0.0,leaf:Android_6_0.0|leaf:Windows_XP
559,fam:Android,fam:Android,,maj:Android_6,maj:Android_6,maj:Android_6|maj:Windows_XP,leaf:Android_6_0.0,leaf:Android_6_0.0,leaf:Android_6_0.0|leaf:Windows_XP
560,fam:Android,fam:Android,fam:Android,maj:Android_6,maj:Android_10,maj:Android_10|maj:Android_8|maj:Android_9,leaf:Android_6_0.0,leaf:Android_8_0.0,leaf:Android_10|leaf:Android_8_0.0|leaf:Android_8_1.0|leaf:Android_9
561,fam:Android,fam:Android,,maj:Android_6,maj:Android_6,maj:Android_6|maj:Windows_XP,leaf:Android_6_0.0,leaf:Android_6_0.0,leaf:Android_6_0.0|leaf:Windows_XP
565,fam:Android,fam:Android,,maj:Android_6,maj:Android_6,maj:Android_6,leaf:Android_6_0.0,leaf:Android_6_0.0,leaf:Android_6_0.0|leaf:Windows_XP
566,fam:Android,fam:Android,,maj:Android_6,maj:Android_6,maj:Android_6|maj:Windows_XP,leaf:Android_6_0.0,leaf:Windows_XP,leaf:Android_6_0.0|leaf:Windows_XP
570,fam:Android,fam:Android,,maj:Android_6,maj:Android_6,maj:Android_6,leaf:Android_6_0.0,leaf:Android_6_0.0,leaf:Android_6_0.0|leaf:Windows_XP
576,fam:Android,fam:Android,,maj:Android_6,maj:Android_6,maj:Android_6|maj:Windows_XP,leaf:Android_6_0.0,leaf:Android_6_0.0,leaf:Android_6_0.0|leaf:Windows_XP
579,fam:Android,fam:Android,,maj:Android_6,maj:Android_6,maj:Android_6,leaf:Android_6_0.0,leaf:Android_6_0.0,leaf:Android_6_0.0|leaf:Windows_XP
580,fam:Android,fam:Android,fam:Android,maj:Android_6,maj:Android_7,maj:Android_7,leaf:Android_6_0.0,leaf:Android_7_0.0,leaf:Android_7_0.0
582,fam:Android,fam:Android,,maj:Android_6,maj:Android_6,maj:Android_6|maj:Windows_XP,leaf:Android_6_0.0,leaf:Android_6_0.0,leaf:Android_6_0.0|leaf:Windows_XP
584,fam:Android,fam:Android,,maj:Android_6,maj:Windows_XP,maj:Windows_XP,leaf:Android_6_0.0,leaf:Windows_XP,leaf:Android_6_0.0|leaf:Windows_XP
585,fam:Android,fam:Android,,maj:Android_6,maj:Android_6,maj:Android_6|maj:Windows_XP,leaf:Android_6_0.0,leaf:Windows_XP,leaf:Android_6_0.0|leaf:Windows_XP
587,fam:Android,fam:Android,fam:Android,maj:Android_6,maj:Android_6,maj:Android_6,leaf:Android_6_0.0,leaf:Android_6_0.0,leaf:Android_6_0.0
588,fam:Android,fam:Android,,maj:Android_6,maj:Android_6,maj:Android_6|maj:Windows_XP,leaf:Android_6_0.0,leaf:Windows_XP,leaf:Android_6_0.0|leaf:Windows_XP
590,fam:Android,fam:Android,,maj:Android_6,maj:Android_6,maj:Android_6|maj:Windows_XP,leaf:Android_6_0.0,leaf:Android_6_0.0,leaf:Android_6_0.0|leaf:Windows_XP
593,fam:Android,fam:Android,,maj:Android_6,maj:Android_6,maj:Android_6|maj:Windows_XP,leaf:Android_6_0.0,leaf:Windows_XP,leaf:Android_6_0.0|leaf:Windows_XP
596,fam:Android,fam:Android,,maj:Android_6,maj:Android_6,maj:Android_6|maj:Windows_XP,leaf:Android_6_0.0,leaf:Android_6_0.0,leaf:Android_6_0.0|leaf:Windows_XP
603,fam:Android,fam:Android,fam:Android,maj:Android_6,maj:Android_6,maj:Android_6,leaf:Android_6_0.0,leaf:Android_7_0.0,leaf:Android_6_0.0|leaf:Android_7_0.0
604,fam:Android,fam:Android,,maj:Android_6,maj:Android_6,maj:Android_6|maj:Windows_XP,leaf:Android_6_0.0,leaf:Android_6_0.0,leaf:Android_6_0.0|leaf:Windows_XP
606,fam:Android,fam:Android,fam:Android,maj:Android_6,maj:Android_7,maj:Android_6|maj:Android_7,leaf:Android_6_0.0,leaf:Android_7_0.0,leaf:Android_6_0.0|leaf:Android_7_0.0
610,fam:Android,fam:Android,,maj:Android_6,maj:Android_6,maj:Android_6|maj:Windows_XP,leaf:Android_6_0.0,leaf:Android_6_0.0,leaf:Android_6_0.0|leaf:Windows_XP
611,fam:Android,fam:Android,,maj:Android_6,maj:Android_6,maj:Android_6|maj:Windows_XP,leaf:Android_6_0.0,leaf:Android_6_0.0,leaf:Android_6_0.0|leaf:Windows_XP
613,fam:Android,fam:Android,fam:Android,maj:Android_6,maj:Android_9,maj:Android_8|maj:Android_9,leaf:Android_6_0.0,leaf:Android_8_0.0,leaf:Android_10|leaf:Android_8_0.0|leaf:Android_9
618,fam:Android,fam:Android,,maj:Android_6,maj:Android_6,maj:Android_6|maj:Windows_XP,leaf:Android_6_0.0,leaf:Windows_XP,leaf:Android_6_0.0|leaf:Windows_XP
620,fam:Android,fam:Android,fam:Android,maj:Android_6,maj:Android_6,maj:Android_6,leaf:Android_6_0.0,leaf:Android_9,leaf:Android_10|leaf:Android_9
621,fam:Android,fam:Android,fam:Android,maj:Android_6,maj:Android_5,maj:Android_5|maj:Android_6,leaf:Android_6_0.0,leaf:Android_5_1.0,leaf:Android_5_1.0
622,fam:Android,fam:Android,,maj:Android_6,maj:Windows_XP,maj:Android_6|maj:Windows_XP,leaf:Android_6_0.0,leaf:Windows_XP,leaf:Android_6_0.0|leaf:Windows_XP
623,fam:Android,fam:Android,fam:Android,maj:Android_6,maj:Android_6,maj:Android_6|maj:Windows_XP,leaf:Android_6_0.0,leaf:Android_6_0.0,leaf:Android_6_0.0|leaf:Windows_XP
626,fam:Android,fam:Android,fam:Android,maj:Android_6,maj:Android_6,maj:Android_6,leaf:Android_6_0.0,leaf:Android_10,leaf:Android_10|leaf:Android_6_0.0|leaf:Android_9
627,fam:Android,fam:Android,,maj:Android_6,maj:Android_6,maj:Android_6|maj:Windows_XP,leaf:Android_6_0.0,leaf:Windows_XP,leaf:Android_6_0.0|leaf:Windows_XP
629,fam:Android,fam:Android,,maj:Android_6,maj:Android_6,maj:Android_6,leaf:Android_6_0.0,leaf:Android_6_0.0,leaf:Android_6_0.0|leaf:Windows_XP
630,fam:Android,fam:Android,fam:Android,maj:Android_6,maj:Android_8,maj:Android_10|maj:Android_8,leaf:Android_6_0.0,leaf:Android_9,leaf:Android_10|leaf:Android_8_0.0|leaf:Android_8_1.0|leaf:Android_9
631,fam:Android,fam:Android,,maj:Android_6,maj:Android_6,maj:Android_6,leaf:Android_6_0.0,leaf:Android_6_0.0,leaf:Android_6_0.0|leaf:Windows_XP
632,fam:Android,fam:Android,,maj:Android_6,maj:Android_6,maj:Android_6|maj:Windows_XP,leaf:Android_6_0.0,leaf:Android_6_0.0,leaf:Android_6_0.0|leaf:Windows_XP
633,fam:Android,fam:Android,fam:Android,maj:Android_6,maj:Android_6,maj:Android_6|maj:Android_7,leaf:Android_6_0.0,leaf:Android_7_0.0,leaf:Android_5_1.0|leaf:Android_7_0.0
634,fam:Android,fam:Android,,maj:Android_6,maj:Android_6,maj:Android_6,leaf:Android_6_0.0,leaf:Android_6_0.0,leaf:Android_6_0.0|leaf:Windows_XP
635,fam:Android,fam:Android,,maj:Android_6,maj:Android_6,maj:Android_6|maj:Windows_XP,leaf:Android_6_0.0,leaf:Android_6_0.0,leaf:Android_6_0.0|leaf:Windows_XP
636,fam:Android,fam:Android,,maj:Android_6,maj:Android_6,maj:Android_6|maj:Windows_XP,leaf:Android_6_0.0,leaf:Android_6_0.0,leaf:Android_6_0.0|leaf:Windows_XP
637,fam:Android,fam:Android,,maj:Android_6,maj:Android_6,maj:Android_6|maj:Windows_XP,leaf:Android_6_0.0,leaf:Android_6_0.0,leaf:Android_6_0.0|leaf:Windows_XP
638,fam:Android,fam:Android,,maj:Android_6,maj:Android_6,maj:Android_6|maj:Windows_XP,leaf:Android_6_0.0,leaf:Android_6_0.0,leaf:Android_6_0.0|leaf:Windows_XP
639,fam:Android,fam:Android,,maj:Android_6,maj:Android_6,maj:Android_6,leaf:Android_6_0.0,leaf:Android_6_0.0,leaf:Android_6_0.0|leaf:Windows_XP
641,fam:Android,fam:Android,,maj:Android_6,maj:Android_6,maj:Android_6|maj:Windows_XP,leaf:Android_6_0.0,leaf:Android_6_0.0,leaf:Android_6_0.0|leaf:Windows_XP
642,fam:Android,fam:Android,,maj:Android_6,maj:Android_6,maj:Android_6|maj:Windows_XP,leaf:Android_6_0.0,leaf:Android_6_0.0,leaf:Android_6_0.0|leaf:Windows_XP
644,fam:Android,fam:Android,,maj:Android_6,maj:Android_6,maj:Android_6,leaf:Android_6_0.0,leaf:Android_6_0.0,leaf:Android_6_0.0|leaf:Windows_XP
651,fam:Android,fam:Android,,maj:Android_6,maj:Android_6,maj:Android_6|maj:Windows_XP,leaf:Android_6_0.0,leaf:Android_6_0.0,leaf:Android_6_0.0|leaf:Windows_XP
654,fam:Android,fam:Android,,maj:Android_6,maj:Android_6,maj:Android_5|maj:Android_6,leaf:Android_6_0.0,leaf:Android_7_0.0,leaf:Android_7_0.0
655,fam:Android,fam:Android,fam:Android,maj:Android_6,maj:Android_7,maj:Android_7,leaf:Android_6_0.0,leaf:Android_5_1.0,leaf:Android_5_1.0|leaf:Android_7_1.0
657,fam:Android,fam:Android,,maj:Android_6,maj:Android_6,maj:Android_6|maj:Windows_XP,leaf:Android_6_0.0,leaf:Android_6_0.0,leaf:Android_6_0.0|leaf:Windows_XP
659,fam:Android,fam:Android,,maj:Android_6,maj:Android_6,maj:Android_6,leaf:Android_6_0.0,leaf:Windows_XP,leaf:Android_6_0.0|leaf:Windows_XP
660,fam:Android,fam:Android,,maj:Android_6,maj:Windows_XP,maj:Android_6|maj:Windows_XP,leaf:Android_6_0.0,leaf:Windows_XP,leaf:Android_6_0.0|leaf:Windows_XP
664,fam:Android,fam:Android,,maj:Android_6,maj:Android_6,maj:Android_6|maj:Windows_XP,leaf:Android_6_0.0,leaf:Android_6_0.0,leaf:Android_6_0.0|leaf:Windows_XP
665,fam:Android,fam:Android,fam:Android,maj:Android_6,maj:Android_4,maj:Android_4,leaf:Android_6_0.0,leaf:Android_7_1.0,leaf:Android_4_1.0|leaf:Android_7_1.0
669,fam:Android,fam:Android,,maj:Android_6,maj:Android_6,maj:Android_6|maj:Windows_XP,leaf:Android_6_0.0,leaf:Android_6_0.0,leaf:Android_6_0.0|leaf:Windows_XP
671,fam:Android,fam:Android,,maj:Android_6,maj:Android_6,maj:Android_6|maj:Windows_XP,leaf:Android_6_0.0,leaf:Android_6_0.0,leaf:Android_6_0.0|leaf:Windows_XP
674,fam:Android,fam:Android,fam:Android,maj:Android_6,maj:Android_6,maj:Android_6,leaf:Android_6_0.0,leaf:Android_6_0.0,leaf:Android_6_0.0|leaf:Android_7_0.0
676,fam:Android,fam:Android,fam:Android,maj:Android_6,maj:Android_6,maj:Android_6,leaf:Android_6_0.0,leaf:Android_6_0.0,leaf:Android_6_0.0
680,fam:Android,fam:Android,fam:Android,maj:Android_6,maj:Android_6,maj:Android_6,leaf:Android_6_0.0,leaf:Android_7_0.0,leaf:Android_6_0.0|leaf:Android_7_0.0
683,fam:Android,fam:Android,,maj:Android_6,maj:Android_6,maj:Android_6|maj:Windows_XP,leaf:Android_6_0.0,leaf:Android_6_0.0,leaf:Android_6_0.0|leaf:Windows_XP
684,fam:Android,fam:Android,,maj:Android_6,maj:Android_6,maj:Android_6|maj:Windows_XP,leaf:Android_6_0.0,leaf:Windows_XP,leaf:Android_6_0.0|leaf:Windows_XP
686,fam:Android,fam:Android,,maj:Android_6,maj:Windows_8,maj:Android_6|maj:Windows_8|maj:Windows_XP,leaf:Android_6_0.0,leaf:Windows_XP,leaf:Android_6_0.0|leaf:Windows_XP
688,fam:Android,fam:Android,,maj:Android_6,maj:Android_6,maj:Android_6,leaf:Android_6_0.0,leaf:Android_6_0.0,leaf:Android_6_0.0|leaf:Windows_XP
692,fam:Android,fam:Android,fam:Android,maj:Android_6,maj:Android_9,maj:Android_10|maj:Android_9,leaf:Android_6_0.0,leaf:Android_8_0.0,leaf:Android_10|leaf:Android_8_0.0|leaf:Android_9
694,fam:Android,fam:Android,,maj:Android_6,maj:Android_6,maj:Android_6,leaf:Android_6_0.0,leaf:Android_6_0.0,leaf:Android_6_0.0|leaf:Windows_XP
701,fam:Android,fam:Android,fam:Android,maj:Android_6,maj:Android_10,maj:Android_10,leaf:Android_6_0.0,leaf:Android_10,leaf:Android_10|leaf:Android_9
704,fam:Android,fam:Android,,maj:Android_6,maj:Android_6,maj:Android_6|maj:Windows_XP,leaf:Android_6_0.0,leaf:Android_6_0.0,leaf:Android_6_0.0|leaf:Windows_XP
710,fam:Android,fam:Android,,maj:Android_6,maj:Android_6,maj:Android_6|maj:Windows_XP,leaf:Android_6_0.0,leaf:Android_6_0.0,leaf:Android_6_0.0|leaf:Windows_XP
711,fam:Android,fam:Android,fam:Android,maj:Android_6,maj:Android_7,maj:Android_6|maj:Android_7,leaf:Android_6_0.0,leaf:Android_7_0.0,leaf:Android_6_0.0|leaf:Android_7_0.0
712,fam:Android,fam:Android,,maj:Android_6,maj:Android_6,maj:Android_6,leaf:Android_6_0.0,leaf:Android_6_0.0,leaf:Android_6_0.0|leaf:Windows_XP
713,fam:Android,fam:Android,,maj:Android_6,maj:Android_6,maj:Android_6|maj:Windows_XP,leaf:Android_6_0.0,leaf:Android_6_0.0,leaf:Android_6_0.0|leaf:Windows_XP
714,fam:Android,fam:Android,fam:Android,maj:Android_6,maj:Android_9,maj:Android_8|maj:Android_9,leaf:Android_6_0.0,leaf:Android_8_1.0,leaf:Android_10|leaf:Android_8_0.0|leaf:Android_8_1.0|leaf:Android_9
716,fam:Android,fam:Android,fam:Android,maj:Android_6,maj:Android_6,maj:Android_6,leaf:Android_6_0.0,leaf:Android_6_0.0,leaf:Android_6_0.0
717,fam:Android,fam:Android,fam:Android,maj:Android_6,maj:Android_6,maj:Android_6,leaf:Android_6_0.0,leaf:Android_7_0.0,leaf:Android_5_1.0|leaf:Android_7_0.0|leaf:Android_7_1.0
718,fam:Android,fam:Android,fam:Android,maj:Android_6,maj:Android_6,maj:Android_5|maj:Android_6,leaf:Android_6_0.0,leaf:Android_5_1.0,leaf:Android_5_1.0|leaf:Android_7_0.0
724,fam:Android,fam:Android,fam:Android,maj:Android_6,maj:Android_6,maj:Android_6|maj:Android_7,leaf:Android_6_0.0,leaf:Android_7_0.0,leaf:Android_6_0.0|leaf:Android_7_0.0
727,fam:Android,fam:Android,,maj:Android_6,maj:Android_6,maj:Android_6|maj:Windows_7,leaf:Android_6_0.0,leaf:Android_7_0.0,leaf:Android_6_0.0|leaf:Android_7_0.0
730,fam:Android,fam:Android,,maj:Android_6,maj:Android_6,maj:Android_6|maj:Windows_XP,leaf:Android_6_0.0,leaf:Windows_XP,leaf:Android_6_0.0|leaf:Windows_XP
732,fam:Android,fam:Android,,maj:Android_6,maj:Android_6,maj:Android_6|maj:Windows_XP,leaf:Android_6_0.0,leaf:Android_6_0.0,leaf:Android_6_0.0|leaf:Windows_XP
733,fam:Android,fam:Android,,maj:Android_6,maj:Android_6,maj:Android_6,leaf:Android_6_0.0,leaf:Android_6_0.0,leaf:Android_6_0.0|leaf:Windows_XP
736,fam:Android,fam:Android,,maj:Android_6,maj:Android_6,maj:Android_6|maj:Windows_XP,leaf:Android_6_0.0,leaf:Android_6_0.0,leaf:Android_6_0.0|leaf:Windows_XP
737,fam:Android,fam:Android,,maj:Android_6,maj:Android_6,maj:Android_6,leaf:Android_6_0.0,leaf:Android_6_0.0,leaf:Android_6_0.0|leaf:Windows_XP
739,fam:Android,fam:Android,,maj:Android_6,maj:Android_6,maj:Android_6|maj:Windows_XP,leaf:Android_6_0.0,leaf:Android_6_0.0,leaf:Android_6_0.0|leaf:Windows_XP
740,fam:Android,fam:Android,,maj:Android_6,maj:Android_6,maj:Android_6|maj:Windows_XP,leaf:Android_6_0.0,leaf:Windows_XP,leaf:Android_6_0.0|leaf:Windows_XP
741,fam:Android,fam:Android,,maj:Android_6,maj:Android_6,maj:Android_6|maj:Windows_XP,leaf:Android_6_0.0,leaf:Android_6_0.0,leaf:Android_6_0.0|leaf:Windows_XP
744,fam:Android,fam:Android,,maj:Android_6,maj:Android_6,maj:Android_6|maj:Windows_XP,leaf:Android_6_0.0,leaf:Android_6_0.0,leaf:Android_6_0.0|leaf:Windows_XP
746,fam:Android,fam:Android,,maj:Android_6,maj:Android_6,maj:Android_6|maj:Windows_XP,leaf:Android_6_0.0,leaf:Android_6_0.0,leaf:Android_6_0.0|leaf:Windows_XP
748,fam:Android,fam:Android,,maj:Android_6,maj:Android_6,maj:Android_6|maj:Windows_XP,leaf:Android_6_0.0,leaf:Android_6_0.0,leaf:Android_6_0.0|leaf:Windows_XP
751,fam:Android,fam:Android,fam:Android,maj:Android_6,maj:Android_6,maj:Android_10|maj:Android_6,leaf:Android_6_0.0,leaf:Android_10,leaf:Android_10|leaf:Android_9
753,fam:Android,fam:Android,,maj:Android_6,maj:Android_6,maj:Android_6|maj:Windows_XP,leaf:Android_6_0.0,leaf:Windows_XP,leaf:Android_6_0.0|leaf:Windows_XP
755,fam:Android,fam:Android,fam:Android,maj:Android_6,maj:Android_5,maj:Android_5,leaf:Android_6_0.0,leaf:Android_7_0.0,leaf:Android_6_0.0|leaf:Android_7_0.0
758,fam:Android,fam:Android,,maj:Android_6,maj:Android_6,maj:Android_6,leaf:Android_6_0.0,leaf:Android_6_0.0,leaf:Android_6_0.0|leaf:Windows_XP
759,fam:Android,fam:Android,,maj:Android_6,maj:Android_6,maj:Android_6|maj:Windows_XP,leaf:Android_6_0.0,leaf:Android_6_0.0,leaf:Android_6_0.0|leaf:Windows_XP
761,fam:Android,fam:Android,,maj:Android_6,maj:Android_6,maj:Android_6,leaf:Android_6_0.0,leaf:Android_6_0.0,leaf:Android_6_0.0|leaf:Windows_XP
762,fam:Android,fam:Android,,maj:Android_6,maj:Android_6,maj:Android_6|maj:Windows_XP,leaf:Android_6_0.0,leaf:Android_6_0.0,leaf:Android_6_0.0|leaf:Windows_XP
763,fam:Android,fam:Android,,maj:Android_6,maj:Android_6,maj:Android_6|maj:Windows_XP,leaf:Android_6_0.0,leaf:Android_6_0.0,leaf:Android_6_0.0|leaf:Windows_XP
766,fam:Android,fam:Android,,maj:Android_6,maj:Android_6,maj:Android_6|maj:Windows_XP,leaf:Android_6_0.0,leaf:Android_6_0.0,leaf:Android_6_0.0|leaf:Windows_XP
768,fam:Android,fam:Android,,maj:Android_6,maj:Android_6,maj:Android_6,leaf:Android_6_0.0,leaf:Android_6_0.0,leaf:Android_6_0.0|leaf:Windows_XP
769,fam:Android,fam:Android,,maj:Android_6,maj:Android_6,maj:Android_6,leaf:Android_6_0.0,leaf:Android_6_0.0,leaf:Android_6_0.0|leaf:Windows_XP
770,fam:Android,fam:Android,,maj:Android_6,maj:Android_6,maj:Android_6|maj:Windows_XP,leaf:Android_6_0.0,leaf:Windows_XP,leaf:Android_6_0.0|leaf:Windows_XP
771,fam:Android,fam:Android,,maj:Android_6,maj:Android_6,maj:Android_6|maj:Windows_XP,leaf:Android_6_0.0,leaf:Android_6_0.0,leaf:Android_6_0.0|leaf:Windows_XP
773,fam:Android,fam:Android,,maj:Android_6,maj:Android_6,maj:Android_6|maj:Windows_XP,leaf:Android_6_0.0,leaf:Android_6_0.0,leaf:Android_6_0.0|leaf:Windows_XP
775,fam:Android,fam:Android,,maj:Android_6,maj:Android_6,maj:Android_6|maj:Windows_XP,leaf:Android_6_0.0,leaf:Windows_XP,leaf:Android_6_0.0|leaf:Windows_XP
778,fam:Android,fam:Android,fam:Android,maj:Android_6,maj:Android_6,maj:Android_6,leaf:Android_6_0.0,leaf:Android_6_0.0,leaf:Android_6_0.0
780,fam:Android,fam:Android,,maj:Android_6,maj:Android_6,maj:Android_6,leaf:Android_6_0.0,leaf:Android_6_0.0,leaf:Android_6_0.0|leaf:Windows_XP
781,fam:Android,fam:Android,,maj:Android_6,maj:Android_6,maj:Android_6,leaf:Android_6_0.0,leaf:Android_6_0.0,leaf:Android_6_0.0|leaf:Windows_XP
783,fam:Android,fam:Android,,maj:Android_6,maj:Android_6,maj:Android_6|maj:Windows_XP,leaf:Android_6_0.0,leaf:Windows_XP,leaf:Android_6_0.0|leaf:Windows_XP
785,fam:Android,fam:Android,fam:Android,maj:Android_6,maj:Android_5,maj:Android_5,leaf:Android_6_0.0,leaf:Android_5_1.0,leaf:Android_5_0.0|leaf:Android_5_1.0
788,fam:Android,fam:Android,fam:Android,maj:Android_6,maj:Android_10,maj:Android_10|maj:Android_9,leaf:Android_6_0.0,leaf:Android_8_0.0,leaf:Android_8_0.0|leaf:Android_9
791,fam:Android,fam:Android,,maj:Android_6,maj:Android_6,maj:Android_6|maj:Windows_XP,leaf:Android_6_0.0,leaf:Windows_XP,leaf:Android_6_0.0|leaf:Windows_XP
792,fam:Android,fam:Android,fam:Android,maj:Android_6,maj:Android_9,maj:Android_9,leaf:Android_6_0.0,leaf:Android_8_0.0,leaf:Android_10|leaf:Android_8_0.0|leaf:Android_8_1.0|leaf:Android_9
793,fam:Android,fam:Android,,maj:Android_6,maj:Android_6,maj:Android_6,leaf:Android_6_0.0,leaf:Android_6_0.0,leaf:Android_6_0.0|leaf:Windows_XP
794,fam:Android,fam:Android,fam:Android,maj:Android_6,maj:Android_6,maj:Android_6,leaf:Android_6_0.0,leaf:Android_7_0.0,leaf:Android_6_0.0|leaf:Android_7_0.0
796,fam:Android,fam:Android,,maj:Android_6,maj:Windows_XP,maj:Android_6|maj:Windows_XP,leaf:Android_6_0.0,leaf:Windows_XP,leaf:Android_6_0.0|leaf:Windows_XP
798,fam:Android,fam:Android,,maj:Android_6,maj:Android_6,maj:Android_6|maj:Windows_XP,leaf:Android_6_0.0,leaf:Android_6_0.0,leaf:Android_6_0.0|leaf:Windows_XP
800,fam:Android,fam:Android,,maj:Android_6,maj:Android_6,maj:Android_6,leaf:Android_6_0.0,leaf:Android_6_0.0,leaf:Android_6_0.0|leaf:Windows_XP
801,fam:Android,fam:Android,,maj:Android_6,maj:Android_6,maj:Android_6|maj:Windows_XP,leaf:Android_6_0.0,leaf:Android_6_0.0,leaf:Android_6_0.0|leaf:Windows_XP
802,fam:Android,fam:Android,,maj:Android_6,maj:Android_6,maj:Android_6|maj:Windows_XP,leaf:Android_6_0.0,leaf:Android_6_0.0,leaf:Android_6_0.0|leaf:Windows_XP
803,fam:Android,fam:Android,,maj:Android_6,maj:Android_6,maj:Android_6|maj:Windows_XP,leaf:Android_6_0.0,leaf:Android_6_0.0,leaf:Android_6_0.0|leaf:Windows_XP
804,fam:Android,fam:Android,,maj:Android_6,maj:Android_6,maj:Android_6,leaf:Android_6_0.0,leaf:Android_6_0.0,leaf:Android_6_0.0|leaf:Windows_XP
807,fam:Android,fam:Android,,maj:Android_6,maj:Android_6,maj:Android_6|maj:Windows_XP,leaf:Android_6_0.0,leaf:Android_6_0.0,leaf:Android_6_0.0|leaf:Windows_XP
810,fam:Android,fam:Android,,maj:Android_6,maj:Android_6,maj:Android_6,leaf:Android_6_0.0,leaf:Android_6_0.0,leaf:Android_6_0.0|leaf:Windows_XP
812,fam:Android,fam:Android,,maj:Android_6,maj:Windows_XP,maj:Windows_XP,leaf:Android_6_0.0,leaf:Windows_XP,leaf:Android_6_0.0|leaf:Windows_XP
816,fam:Android,fam:Android,,maj:Android_6,maj:Android_6,maj:Android_6|maj:Windows_XP,leaf:Android_6_0.0,leaf:Android_6_0.0,leaf:Android_6_0.0|leaf:Windows_XP
818,fam:Android,fam:Android,,maj:Android_6,maj:Android_6,maj:Android_6|maj:Windows_XP,leaf:Android_6_0.0,leaf:Windows_XP,leaf:Android_6_0.0|leaf:Windows_XP
820,fam:Android,fam:Android,,maj:Android_6,maj:Android_6,maj:Android_6,leaf:Android_6_0.0,leaf:Android_6_0.0,leaf:Android_6_0.0|leaf:Windows_XP
821,fam:Android,fam:Android,fam:Android,maj:Android_6,maj:Android_5,maj:Android_5,leaf:Android_6_0.0,leaf:Android_5_1.0,leaf:Android_5_1.0
823,fam:Android,fam:Android,,maj:Android_6,maj:Android_6,maj:Android_6|maj:Windows_XP,leaf:Android_6_0.0,leaf:Android_6_0.0,leaf:Android_6_0.0|leaf:Windows_XP
824,fam:Android,fam:Android,,maj:Android_6,maj:Android_6,maj:Android_6,leaf:Android_6_0.0,leaf:Android_6_0.0,leaf:Android_6_0.0|leaf:Windows_XP
825,fam:Android,fam:Android,fam:Android,maj:Android_6,maj:Android_6,maj:Android_6,leaf:Android_6_0.0,leaf:Android_6_0.0,leaf:Android_6_0.0|leaf:Android_7_0.0
828,fam:Android,fam:Android,,maj:Android_6,maj:Android_6,maj:Android_6,leaf:Android_6_0.0,leaf:Android_6_0.0,leaf:Android_6_0.0|leaf:Windows_XP
829,fam:Android,fam:Android,,maj:Android_6,maj:Android_6,maj:Android_6,leaf:Android_6_0.0,leaf:Android_6_0.0,leaf:Android_6_0.0|leaf:Windows_XP
830,fam:Android,fam:Android,,maj:Android_6,maj:Android_6,maj:Android_6|maj:Windows_XP,leaf:Android_6_0.0,leaf:Windows_XP,leaf:Android_6_0.0|leaf:Windows_XP
831,fam:Android,fam:Android,,maj:Android_6,maj:Android_6,maj:Android_6|maj:Windows_XP,leaf:Android_6_0.0,leaf:Windows_XP,leaf:Android_6_0.0|leaf:Windows_XP
832,fam:Android,fam:Android,,maj:Android_6,maj:Android_6,maj:Android_6,leaf:Android_6_0.0,leaf:Android_6_0.0,leaf:Android_6_0.0|leaf:Windows_XP
833,fam:Android,fam:Android,fam:Android,maj:Android_6,maj:Android_8,maj:Android_8|maj:Android_9,leaf:Android_6_0.0,leaf:Android_8_0.0,leaf:Android_10|leaf:Android_8_0.0|leaf:Android_8_1.0
837,fam:Android,fam:Android,,maj:Android_6,maj:Android_6,maj:Android_6,leaf:Android_6_0.0,leaf:Android_6_0.0,leaf:Android_6_0.0|leaf:Windows_XP
838,fam:Android,fam:Android,,maj:Android_6,maj:Android_6,maj:Android_6,leaf:Android_6_0.0,leaf:Android_6_0.0,leaf:Android_6_0.0|leaf:Windows_XP
840,fam:Android,fam:Android,,maj:Android_6,maj:Android_6,maj:Android_6,leaf:Android_6_0.0,leaf:Android_6_0.0,leaf:Android_6_0.0|leaf:Windows_XP
841,fam:Android,fam:Android,fam:Android,maj:Android_6,maj:Android_6,maj:Android_6|maj:Windows_XP,leaf:Android_6_0.0,leaf:Android_6_0.0,leaf:Android_6_0.0|leaf:Windows_XP
842,fam:Android,fam:Android,fam:Android,maj:Android_6,maj:Android_6,maj:Android_6|maj:Windows_XP,leaf:Android_6_0.0,leaf:Android_6_0.0,leaf:Android_6_0.0|leaf:Windows_XP
843,fam:Android,fam:Android,,maj:Android_6,maj:Android_6,maj:Android_6,leaf:Android_6_0.0,leaf:Android_6_0.0,leaf:Android_6_0.0|leaf:Windows_XP
844,fam:Android,fam:Android,,maj:Android_6,maj:Android_6,maj:Android_6,leaf:Android_6_0.0,leaf:Android_6_0.0,leaf:Android_6_0.0|leaf:Windows_XP
846,fam:Android,fam:Android,,maj:Android_6,maj:Android_6,maj:Android_6|maj:Windows_XP,leaf:Android_6_0.0,leaf:Windows_XP,leaf:Android_6_0.0|leaf:Windows_XP
847,fam:Android,fam:Android,,maj:Android_6,maj:Android_6,maj:Android_6,leaf:Android_6_0.0,leaf:Android_6_0.0,leaf:Android_6_0.0|leaf:Windows_XP
849,fam:Android,fam:Android,,maj:Android_6,maj:Android_6,maj:Android_6,leaf:Android_6_0.0,leaf:Android_6_0.0,leaf:Android_6_0.0|leaf:Windows_XP
850,fam:Android,fam:Android,,maj:Android_6,maj:Android_6,maj:Android_6|maj:Windows_XP,leaf:Android_6_0.0,leaf:Windows_XP,leaf:Android_6_0.0|leaf:Windows_XP
851,fam:Android,fam:Android,,maj:Android_6,maj:Android_6,maj:Android_6|maj:Windows_XP,leaf:Android_6_0.0,leaf:Windows_XP,leaf:Android_6_0.0|leaf:Windows_XP
852,fam:Android,fam:Android,,maj:Android_6,maj:Android_6,maj:Android_6|maj:Windows_XP,leaf:Android_6_0.0,leaf:Windows_XP,leaf:Android_6_0.0|leaf:Windows_XP
853,fam:Android,fam:Android,,maj:Android_6,maj:Android_6,maj:Android_6|maj:Windows_XP,leaf:Android_6_0.0,leaf:Android_6_0.0,leaf:Android_6_0.0|leaf:Windows_XP
854,fam:Android,fam:Android,,maj:Android_6,maj:Android_6,maj:Android_6|maj:Windows_XP,leaf:Android_6_0.0,leaf:Android_6_0.0,leaf:Android_6_0.0|leaf:Windows_XP
855,fam:Android,fam:Android,fam:Android,maj:Android_6,maj:Android_7,maj:Android_7,leaf:Android_6_0.0,leaf:Android_7_0.0,leaf:Android_6_0.0|leaf:Android_7_0.0
856,fam:Android,fam:Android,fam:Android,maj:Android_6,maj:Android_6,maj:Android_6|maj:Windows_XP,leaf:Android_6_0.0,leaf:Android_6_0.0,leaf:Android_6_0.0|leaf:Windows_XP
858,fam:Android,fam:Android,,maj:Android_6,maj:Windows_XP,maj:Android_6|maj:Windows_XP,leaf:Android_6_0.0,leaf:Windows_XP,leaf:Android_6_0.0|leaf:Windows_XP
859,fam:Android,fam:Android,,maj:Android_6,maj:Android_6,maj:Android_6|maj:Windows_XP,leaf:Android_6_0.0,leaf:Android_6_0.0,leaf:Android_6_0.0|leaf:Windows_XP
863,fam:Android,fam:Android,,maj:Android_6,maj:Android_6,maj:Android_6,leaf:Android_6_0.0,leaf:Android_6_0.0,leaf:Android_6_0.0|leaf:Windows_XP
865,fam:Android,fam:Android,,maj:Android_6,maj:Android_6,maj:Android_6,leaf:Android_6_0.0,leaf:Android_6_0.0,leaf:Android_6_0.0|leaf:Windows_XP
866,fam:Android,fam:Android,fam:Android,maj:Android_6,maj:Android_6,maj:Android_6,leaf:Android_6_0.0,leaf:Android_6_0.0,leaf:Android_6_0.0
868,fam:Android,fam:Android,fam:Android,maj:Android_6,maj:Android_7,maj:Android_7|maj:Android_8,leaf:Android_6_0.0,leaf:Android_7_0.0,leaf:Android_7_0.0|leaf:Android_8_0.0
871,fam:Android,fam:Android,fam:Android,maj:Android_6,maj:Android_6,maj:Android_6|maj:Windows_XP,leaf:Android_6_0.0,leaf:Android_6_0.0,leaf:Android_6_0.0|leaf:Windows_XP
873,fam:Android,fam:Android,,maj:Android_6,maj:Android_6,maj:Android_6,leaf:Android_6_0.0,leaf:Android_6_0.0,leaf:Android_6_0.0|leaf:Windows_XP
874,fam:Android,fam:Android,,maj:Android_6,maj:Android_6,maj:Android_6,leaf:Android_6_0.0,leaf:Android_6_0.0,leaf:Android_6_0.0|leaf:Windows_XP
880,fam:Android,fam:Android,,maj:Android_6,maj:Android_6,maj:Android_6|maj:Windows_XP,leaf:Android_6_0.0,leaf:Android_6_0.0,leaf:Android_6_0.0|leaf:Windows_XP
882,fam:Android,fam:Android,,maj:Android_6,maj:Android_6,maj:Android_6,leaf:Android_6_0.0,leaf:Android_6_0.0,leaf:Android_6_0.0|leaf:Windows_XP
883,fam:Android,fam:Android,,maj:Android_6,maj:Android_6,maj:Android_6|maj:Windows_XP,leaf:Android_6_0.0,leaf:Windows_XP,leaf:Android_6_0.0|leaf:Windows_XP
885,fam:Android,fam:Android,,maj:Android_6,maj:Android_6,maj:Android_6,leaf:Android_6_0.0,leaf:Android_6_0.0,leaf:Android_6_0.0|leaf:Windows_XP
886,fam:Android,fam:Android,,maj:Android_6,maj:Android_6,maj:Android_6|maj:Windows_XP,leaf:Android_6_0.0,leaf:Android_6_0.0,leaf:Android_6_0.0|leaf:Windows_XP
887,fam:Android,fam:Android,,maj:Android_6,maj:Android_6,maj:Android_6,leaf:Android_6_0.0,leaf:Android_6_0.0,leaf:Android_6_0.0|leaf:Windows_XP
889,fam:Android,fam:Android,fam:Android,maj:Android_6,maj:Android_6,maj:Android_6|maj:Windows_XP,leaf:Android_6_0.0,leaf:Android_6_0.0,leaf:Android_6_0.0|leaf:Windows_XP
892,fam:Android,fam:Android,,maj:Android_6,maj:Windows_XP,maj:Android_6|maj:Windows_XP,leaf:Android_6_0.0,leaf:Windows_XP,leaf:Android_6_0.0|leaf:Windows_XP
894,fam:Android,fam:Android,,maj:Android_6,maj:Android_6,maj:Android_6|maj:Windows_XP,leaf:Android_6_0.0,leaf:Android_6_0.0,leaf:Android_6_0.0|leaf:Windows_XP
895,fam:Android,fam:Android,fam:Android,maj:Android_6,maj:Android_6,maj:Android_6|maj:Windows_XP,leaf:Android_6_0.0,leaf:Android_6_0.0,leaf:Android_6_0.0|leaf:Windows_XP
897,fam:Android,fam:Android,,maj:Android_6,maj:Android_6,maj:Android_6|maj:Windows_XP,leaf:Android_6_0.0,leaf:Android_6_0.0,leaf:Android_6_0.0|leaf:Windows_XP
898,fam:Android,fam:Android,,maj:Android_6,maj:Android_6,maj:Android_6,leaf:Android_6_0.0,leaf:Android_6_0.0,leaf:Android_6_0.0|leaf:Windows_XP
900,fam:Android,fam:Android,fam:Android,maj:Android_6,maj:Android_9,maj:Android_10|maj:Android_8|maj:Android_9,leaf:Android_6_0.0,leaf:Android_8_0.0,leaf:Android_10|leaf:Android_8_0.0|leaf:Android_9
902,fam:Android,fam:Android,,maj:Android_6,maj:Android_6,maj:Android_6|maj:Windows_XP,leaf:Android_6_0.0,leaf:Android_6_0.0,leaf:Android_6_0.0|leaf:Windows_XP
903,fam:Android,fam:Android,,maj:Android_6,maj:Android_6,maj:Android_6|maj:Windows_XP,leaf:Android_6_0.0,leaf:Android_6_0.0,leaf:Android_6_0.0|leaf:Windows_XP
905,fam:Android,fam:Android,fam:Android,maj:Android_6,maj:Android_6,maj:Android_6|maj:Android_7,leaf:Android_6_0.0,leaf:Android_7_1.0,leaf:Android_5_1.0|leaf:Android_7_1.0
906,fam:Android,fam:Android,fam:Android,maj:Android_6,maj:Android_6,maj:Android_6|maj:Windows_XP,leaf:Android_6_0.0,leaf:Android_6_0.0,leaf:Android_6_0.0|leaf:Windows_XP
907,fam:Android,fam:Windows,fam:Windows,maj:Android_6,maj:Windows_8,maj:Windows_8,leaf:Android_6_0.0,leaf:Windows_8_OTHER,leaf:Windows_8_OTHER
908,fam:Android,fam:Android,fam:Android,maj:Android_6,maj:Android_6,maj:Android_6,leaf:Android_6_0.0,leaf:Android_6_0.0,leaf:Android_6_0.0
909,fam:Android,fam:Android,,maj:Android_6,maj:Android_6,maj:Android_6,leaf:Android_6_0.0,leaf:Android_6_0.0,leaf:Android_6_0.0|leaf:Windows_XP
911,fam:Android,fam:Android,fam:Android,maj:Android_6,maj:Android_6,maj:Android_6|maj:Windows_XP,leaf:Android_6_0.0,leaf:Android_6_0.0,leaf:Android_6_0.0|leaf:Windows_XP
918,fam:Android,fam:Android,fam:Android,maj:Android_6,maj:Android_5,maj:Android_5,leaf:Android_6_0.0,leaf:Android_5_1.0,leaf:Android_5_0.0|leaf:Android_5_1.0
919,fam:Android,fam:Android,fam:Android,maj:Android_6,maj:Android_6,maj:Android_6,leaf:Android_6_0.0,leaf:Android_7_0.0,leaf:Android_6_0.0|leaf:Android_7_0.0
920,fam:Android,fam:Android,fam:Android,maj:Android_6,maj:Android_6,maj:Android_6|maj:Windows_XP,leaf:Android_6_0.0,leaf:Android_6_0.0,leaf:Android_6_0.0|leaf:Windows_XP
921,fam:Android,fam:Android,,maj:Android_6,maj:Android_6,maj:Android_6|maj:Windows_XP,leaf:Android_6_0.0,leaf:Android_6_0.0,leaf:Android_6_0.0|leaf:Windows_XP
925,fam:Android,fam:Android,,maj:Android_6,maj:Windows_8,maj:Windows_8,leaf:Android_6_0.0,leaf:Windows_XP,leaf:Android_6_0.0|leaf:Windows_8_OTHER|leaf:Windows_XP
926,fam:Android,fam:Android,fam:Android,maj:Android_6,maj:Android_6,maj:Android_6,leaf:Android_6_0.0,leaf:Android_6_0.0,leaf:Android_6_0.0
927,fam:Android,fam:Android,fam:Android,maj:Android_6,maj:Android_6,maj:Android_6|maj:Android_7,leaf:Android_6_0.0,leaf:Android_7_0.0,leaf:Android_7_0.0|leaf:Android_8_0.0
928,fam:Android,fam:Android,,maj:Android_6,maj:Android_6,maj:Android_6,leaf:Android_6_0.0,leaf:Android_6_0.0,leaf:Android_6_0.0|leaf:Windows_XP
929,fam:Android,fam:Android,,maj:Android_6,maj:Android_6,maj:Android_6|maj:Windows_XP,leaf:Android_6_0.0,leaf:Android_6_0.0,leaf:Android_6_0.0|leaf:Windows_XP
931,fam:Android,fam:Android,,maj:Android_6,maj:Windows_XP,maj:Android_6|maj:Windows_XP,leaf:Android_6_0.0,leaf:Android_6_0.0,leaf:Android_6_0.0|leaf:Windows_XP
934,fam:Android,fam:Android,,maj:Android_6,maj:Android_6,maj:Android_6,leaf:Android_6_0.0,leaf:Android_6_0.0,leaf:Android_6_0.0|leaf:Windows_XP
935,fam:Android,fam:Android,,maj:Android_6,maj:Android_6,maj:Android_6|maj:Windows_XP,leaf:Android_6_0.0,leaf:Android_6_0.0,leaf:Android_6_0.0|leaf:Windows_XP
938,fam:Android,fam:Android,fam:Android,maj:Android_6,maj:Android_5,maj:Android_5,leaf:Android_6_0.0,leaf:Android_7_0.0,leaf:Android_6_0.0|leaf:Android_7_0.0|leaf:Android_8_0.0
939,fam:Android,fam:Android,,maj:Android_6,maj:Android_6,maj:Android_6|maj:Windows_XP,leaf:Android_6_0.0,leaf:Android_6_0.0,leaf:Android_6_0.0|leaf:Windows_XP
942,fam:Android,fam:Android,fam:Android,maj:Android_6,maj:Android_6,maj:Android_6|maj:Windows_XP,leaf:Android_6_0.0,leaf:Android_6_0.0,leaf:Android_6_0.0|leaf:Windows_XP
945,fam:Android,fam:Android,fam:Android,maj:Android_6,maj:Android_7,maj:Android_7,leaf:Android_6_0.0,leaf:Android_7_1.0,leaf:Android_7_0.0|leaf:Android_7_1.0
946,fam:Android,fam:Android,,maj:Android_6,maj:Android_6,maj:Android_6|maj:Windows_XP,leaf:Android_6_0.0,leaf:Android_6_0.0,leaf:Android_6_0.0|leaf:Windows_XP
947,fam:Android,fam:Android,,maj:Android_6,maj:Android_6,maj:Android_6,leaf:Android_6_0.0,leaf:Android_6_0.0,leaf:Android_6_0.0|leaf:Windows_XP
948,fam:Android,fam:Android,,maj:Android_6,maj:Android_6,maj:Android_6|maj:Windows_XP,leaf:Android_6_0.0,leaf:Android_6_0.0,leaf:Android_6_0.0|leaf:Windows_XP
955,fam:Android,fam:Android,fam:Android,maj:Android_6,maj:Android_6,maj:Android_6,leaf:Android_6_0.0,leaf:Android_6_0.0,leaf:Android_6_0.0
957,fam:Android,fam:Android,,maj:Android_6,maj:Windows_XP,maj:Android_6|maj:Windows_XP,leaf:Android_6_0.0,leaf:Windows_XP,leaf:Android_6_0.0|leaf:Windows_XP
958,fam:Android,fam:Android,fam:Android,maj:Android_7,maj:Android_7,maj:Android_7,leaf:Android_7_0.0,leaf:Android_7_1.0,leaf:Android_7_1.0
959,fam:Android,fam:Android,fam:Android,maj:Android_7,maj:Android_9,maj:Android_9,leaf:Android_7_0.0,leaf:Android_9,leaf:Android_10|leaf:Android_8_0.0|leaf:Android_9
962,fam:Android,fam:Android,fam:Android,maj:Android_7,maj:Android_7,maj:Android_7,leaf:Android_7_0.0,leaf:Android_7_0.0,leaf:Android_7_0.0
964,fam:Android,fam:Windows,fam:Windows,maj:Android_7,maj:Windows_10,maj:Windows_10,leaf:Android_7_0.0,leaf:Android_8_0.0,leaf:Android_8_0.0
965,fam:Android,fam:Android,fam:Android,maj:Android_7,maj:Android_7,maj:Android_7,leaf:Android_7_0.0,leaf:Android_7_0.0,leaf:Android_7_0.0
966,fam:Android,fam:Android,fam:Android,maj:Android_7,maj:Android_7,maj:Android_7,leaf:Android_7_0.0,leaf:Android_7_0.0,leaf:Android_7_0.0
967,fam:Android,fam:Android,,maj:Android_7,maj:Android_6,maj:Android_6,leaf:Android_7_0.0,leaf:Android_7_0.0,leaf:Android_6_0.0|leaf:Android_7_0.0
969,fam:Android,fam:Linux,fam:Linux,maj:Android_7,maj:Linux_OTHER,maj:Android_9|maj:Linux_OTHER,leaf:Android_7_0.0,leaf:Linux_OTHER,leaf:Linux_OTHER
970,fam:Android,fam:Android,fam:Android,maj:Android_7,maj:Android_7,maj:Android_7,leaf:Android_7_0.0,leaf:Android_7_0.0,leaf:Android_7_0.0
971,fam:Android,fam:Android,,maj:Android_7,maj:Android_9,maj:Android_8|maj:Android_9,leaf:Android_7_0.0,leaf:Android_8_0.0,leaf:Android_8_0.0
974,fam:Android,fam:Android,fam:Android,maj:Android_7,maj:Android_7,maj:Android_7,leaf:Android_7_0.0,leaf:Android_7_0.0,leaf:Android_7_0.0
977,fam:Android,fam:Android,fam:Android,maj:Android_7,maj:Android_7,maj:Android_7,leaf:Android_7_0.0,leaf:Android_5_1.0,leaf:Android_5_1.0|leaf:Android_7_1.0
978,fam:Android,fam:Android,fam:Android,maj:Android_7,maj:Android_7,maj:Android_7,leaf:Android_7_0.0,leaf:Android_7_0.0,leaf:Android_7_0.0
980,fam:Android,fam:Android,fam:Android,maj:Android_7,maj:Android_9,maj:Android_10|maj:Android_9,leaf:Android_7_0.0,leaf:Android_10,leaf:Android_10|leaf:Android_8_0.0|leaf:Android_9
985,fam:Android,fam:Android,fam:Android,maj:Android_7,maj:Android_9,maj:Android_10|maj:Android_9,leaf:Android_7_0.0,leaf:Android_9,leaf:Android_10|leaf:Android_8_0.0|leaf:Android_9
989,fam:Android,fam:Android,,maj:Android_7,maj:Android_8,maj:Android_8|maj:Android_9,leaf:Android_7_0.0,leaf:Android_8_0.0,leaf:Android_8_0.0|leaf:Android_9
990,fam:Android,fam:Android,fam:Android,maj:Android_7,maj:Android_7,maj:Android_6|maj:Android_7,leaf:Android_7_0.0,leaf:Android_7_0.0,leaf:Android_6_0.0|leaf:Android_7_0.0
991,fam:Android,fam:Android,fam:Android,maj:Android_7,maj:Android_7,maj:Android_7,leaf:Android_7_0.0,leaf:Android_7_0.0,leaf:Android_7_0.0|leaf:Android_8_0.0
995,fam:Android,fam:Android,,maj:Android_7,maj:Android_6,maj:Android_6|maj:Windows_7,leaf:Android_7_0.0,leaf:Android_7_0.0,leaf:Android_6_0.0|leaf:Android_7_0.0
1000,fam:Android,fam:Android,fam:Android,maj:Android_7,maj:Android_7,maj:Android_7,leaf:Android_7_0.0,leaf:Android_7_0.0,leaf:Android_7_0.0
1003,fam:Android,fam:Android,fam:Android,maj:Android_7,maj:Android_9,maj:Android_10|maj:Android_9,leaf:Android_7_0.0,leaf:Android_8_0.0,leaf:Android_10|leaf:Android_8_0.0|leaf:Android_8_1.0|leaf:Android_9
1004,fam:Android,fam:Android,fam:Android,maj:Android_7,maj:Android_7,maj:Android_7,leaf:Android_7_0.0,leaf:Android_7_0.0,leaf:Android_7_0.0
1007,fam:Android,fam:Android,,maj:Android_7,maj:Android_9,maj:Android_8|maj:Android_9,leaf:Android_7_0.0,leaf:Android_8_0.0,leaf:Android_8_0.0
1009,fam:Android,fam:Android,fam:Android,maj:Android_7,maj:Android_9,maj:Android_8|maj:Android_9,leaf:Android_7_0.0,leaf:Android_8_0.0,leaf:Android_10|leaf:Android_8_0.0|leaf:Android_9
1010,fam:Android,fam:Android,fam:Android,maj:Android_7,maj:Android_7,maj:Android_7,leaf:Android_7_0.0,leaf:Android_7_1.0,leaf:Android_5_1.0|leaf:Android_7_1.0
1011,fam:Android,fam:Android,fam:Android,maj:Android_7,maj:Android_7,maj:Android_7,leaf:Android_7_0.0,leaf:Android_7_0.0,leaf:Android_7_0.0
1013,fam:Android,fam:Android,fam:Android,maj:Android_7,maj:Android_7,maj:Android_7,leaf:Android_7_0.0,leaf:Android_7_0.0,leaf:Android_7_0.0|leaf:Android_8_1.0
1016,fam:Android,fam:Android,fam:Android,maj:Android_7,maj:Android_7,maj:Android_7,leaf:Android_7_0.0,leaf:Android_7_0.0,leaf:Android_7_0.0
1018,fam:Android,fam:Android,fam:Android,maj:Android_7,maj:Android_7,maj:Android_7,leaf:Android_7_0.0,leaf:Android_7_0.0,leaf:Android_7_0.0
1022,fam:Android,fam:Android,fam:Android,maj:Android_7,maj:Android_7,maj:Android_7,leaf:Android_7_0.0,leaf:Android_7_0.0,leaf:Android_7_0.0
1023,fam:Android,fam:Android,fam:Android,maj:Android_7,maj:Android_9,maj:Android_10|maj:Android_9,leaf:Android_7_0.0,leaf:Android_10,leaf:Android_10|leaf:Android_8_0.0|leaf:Android_9
1024,fam:Android,fam:Android,fam:Android,maj:Android_7,maj:Android_7,maj:Android_7,leaf:Android_7_0.0,leaf:Android_7_0.0,leaf:Android_7_0.0
1026,fam:Android,fam:Android,fam:Android,maj:Android_7,maj:Android_7,maj:Android_7,leaf:Android_7_0.0,leaf:Android_7_0.0,leaf:Android_7_0.0
1027,fam:Android,fam:Android,fam:Android,maj:Android_7,maj:Android_7,maj:Android_7,leaf:Android_7_0.0,leaf:Android_7_0.0,leaf:Android_7_0.0
1029,fam:Android,fam:Android,,maj:Android_7,maj:Windows_10,maj:Android_6|maj:Windows_10,leaf:Android_7_0.0,leaf:Android_7_0.0,leaf:Android_6_0.0|leaf:Android_7_0.0
1030,fam:Android,fam:Windows,,maj:Android_7,maj:Windows_10,maj:Windows_10,leaf:Android_7_0.0,leaf:Android_8_0.0,leaf:Android_8_0.0|leaf:Android_8_1.0
1031,fam:Android,fam:Android,fam:Android,maj:Android_7,maj:Android_7,maj:Android_7,leaf:Android_7_0.0,leaf:Android_8_1.0,leaf:Android_7_0.0|leaf:Android_8_1.0
1032,fam:Android,fam:Android,fam:Android,maj:Android_7,maj:Android_10,maj:Android_10|maj:Android_8|maj:Android_9,leaf:Android_7_0.0,leaf:Android_8_1.0,leaf:Android_10|leaf:Android_8_0.0|leaf:Android_8_1.0|leaf:Android_9
1034,fam:Android,fam:Android,fam:Android,maj:Android_7,maj:Android_5,maj:Android_5|maj:Android_7,leaf:Android_7_0.0,leaf:Android_7_1.0,leaf:Android_5_1.0|leaf:Android_7_1.0
1036,fam:Android,fam:Android,fam:Android,maj:Android_7,maj:Android_7,maj:Android_7|maj:Android_8|maj:Android_9,leaf:Android_7_0.0,leaf:Android_7_0.0,leaf:Android_7_0.0|leaf:Android_8_0.0
1037,fam:Android,fam:Android,,maj:Android_7,maj:Android_8,maj:Android_8,leaf:Android_7_0.0,leaf:Android_8_0.0,leaf:Android_8_0.0|leaf:Android_9
1040,fam:Android,fam:Android,fam:Android,maj:Android_7,maj:Android_7,maj:Android_7,leaf:Android_7_0.0,leaf:Android_7_0.0,leaf:Android_7_0.0
1041,fam:Android,fam:Android,fam:Android,maj:Android_7,maj:Android_10,maj:Android_10|maj:Android_8|maj:Android_9,leaf:Android_7_0.0,leaf:Android_8_0.0,leaf:Android_8_0.0|leaf:Android_9
1042,fam:Android,fam:Android,fam:Android,maj:Android_7,maj:Android_7,maj:Android_7,leaf:Android_7_0.0,leaf:Android_7_0.0,leaf:Android_7_0.0
1048,fam:Android,fam:Android,fam:Android,maj:Android_7,maj:Android_9,maj:Android_9,leaf:Android_7_0.0,leaf:Android_10,leaf:Android_10|leaf:Android_8_0.0|leaf:Android_9
1050,fam:Android,fam:Android,fam:Android,maj:Android_7,maj:Android_9,maj:Android_9,leaf:Android_7_0.0,leaf:Android_8_1.0,leaf:Android_8_0.0|leaf:Android_8_1.0|leaf:Android_9
1052,fam:Android,fam:Android,fam:Android,maj:Android_7,maj:Android_7,maj:Android_7,leaf:Android_7_0.0,leaf:Android_7_0.0,leaf:Android_7_0.0
1055,fam:Android,fam:Android,fam:Android,maj:Android_7,maj:Android_9,maj:Android_8|maj:Android_9,leaf:Android_7_0.0,leaf:Android_8_0.0,leaf:Android_10|leaf:Android_8_0.0|leaf:Android_9
1056,fam:Android,fam:Android,fam:Android,maj:Android_7,maj:Android_10,maj:Android_10|maj:Android_8|maj:Android_9,leaf:Android_7_0.0,leaf:Android_10,leaf:Android_10|leaf:Android_8_0.0|leaf:Android_8_1.0|leaf:Android_9
1059,fam:Android,fam:Android,fam:Android,maj:Android_7,maj:Android_10,maj:Android_10,leaf:Android_7_0.0,leaf:Android_10,leaf:Android_10|leaf:Android_9
1061,fam:Android,fam:Android,fam:Android,maj:Android_7,maj:Android_6,maj:Android_6,leaf:Android_7_0.0,leaf:Android_6_0.0,leaf:Android_5_1.0|leaf:Android_6_0.0
1063,fam:Android,fam:Android,fam:Android,maj:Android_7,maj:Android_8,maj:Android_7|maj:Android_8,leaf:Android_7_0.0,leaf:Android_7_0.0,leaf:Android_7_0.0|leaf:Android_8_0.0
1064,fam:Android,fam:Android,fam:Android,maj:Android_7,maj:Android_8,maj:Android_10|maj:Android_8,leaf:Android_7_0.0,leaf:Android_8_1.0,leaf:Android_10|leaf:Android_8_0.0|leaf:Android_8_1.0|leaf:Android_9
1066,fam:Android,fam:Android,fam:Android,maj:Android_7,maj:Android_7,maj:Android_6|maj:Android_7,leaf:Android_7_0.0,leaf:Android_7_0.0,leaf:Android_7_0.0|leaf:Android_8_0.0
1069,fam:Android,fam:Android,fam:Android,maj:Android_7,maj:Android_7,maj:Android_7,leaf:Android_7_0.0,leaf:Android_7_0.0,leaf:Android_7_0.0
1071,fam:Android,fam:Android,fam:Android,maj:Android_7,maj:Android_7,maj:Android_7,leaf:Android_7_0.0,leaf:Android_7_0.0,leaf:Android_7_0.0
1072,fam:Android,fam:Android,fam:Android,maj:Android_7,maj:Android_7,maj:Android_7,leaf:Android_7_0.0,leaf:Android_7_0.0,leaf:Android_7_0.0
1073,fam:Android,fam:Android,fam:Android,maj:Android_7,maj:Android_7,maj:Android_7,leaf:Android_7_0.0,leaf:Android_7_0.0,leaf:Android_7_0.0
1080,fam:Android,fam:Android,fam:Android,maj:Android_7,maj:Android_10,maj:Android_10|maj:Android_8|maj:Android_9,leaf:Android_7_0.0,leaf:Android_8_1.0,leaf:Android_10|leaf:Android_8_0.0|leaf:Android_8_1.0|leaf:Android_9
1082,fam:Android,fam:Android,fam:Android,maj:Android_7,maj:Android_7,maj:Android_7,leaf:Android_7_0.0,leaf:Android_7_0.0,leaf:Android_7_0.0
1086,fam:Android,fam:Android,fam:Android,maj:Android_7,maj:Android_9,maj:Android_9,leaf:Android_7_0.0,leaf:Android_8_0.0,leaf:Android_10|leaf:Android_8_0.0|leaf:Android_8_1.0|leaf:Android_9
1087,fam:Android,fam:Android,fam:Android,maj:Android_7,maj:Android_6,maj:Android_6|maj:Android_7,leaf:Android_7_0.0,leaf:Android_7_0.0,leaf:Android_7_0.0|leaf:Android_8_0.0
1088,fam:Android,fam:Android,fam:Android,maj:Android_7,maj:Android_10,maj:Android_10|maj:Android_9,leaf:Android_7_0.0,leaf:Android_9,leaf:Android_10|leaf:Android_7_1.0|leaf:Android_8_0.0|leaf:Android_9
1089,fam:Android,fam:Android,fam:Android,maj:Android_7,maj:Android_7,maj:Android_7,leaf:Android_7_0.0,leaf:Android_7_0.0,leaf:Android_7_0.0
1090,fam:Android,fam:Android,fam:Android,maj:Android_7,maj:Android_9,maj:Android_9,leaf:Android_7_0.0,leaf:Android_8_0.0,leaf:Android_8_0.0
1091,fam:Android,fam:Android,fam:Android,maj:Android_7,maj:Android_7,maj:Android_6|maj:Android_7,leaf:Android_7_0.0,leaf:Android_7_0.0,leaf:Android_6_0.0|leaf:Android_7_0.0
1092,fam:Android,fam:Android,fam:Android,maj:Android_7,maj:Android_7,maj:Android_7,leaf:Android_7_0.0,leaf:Android_7_0.0,leaf:Android_7_0.0
1094,fam:Android,fam:Android,fam:Android,maj:Android_7,maj:Android_8,maj:Android_8,leaf:Android_7_0.0,leaf:Android_8_0.0,leaf:Android_8_0.0|leaf:Android_9
1095,fam:Android,fam:Android,,maj:Android_7,maj:Android_8,maj:Android_7|maj:Android_8,leaf:Android_7_0.0,leaf:Android_8_0.0,leaf:Android_8_0.0|leaf:Android_9|leaf:Linux_OTHER
1096,fam:Android,fam:Android,fam:Android,maj:Android_7,maj:Android_7,maj:Android_6|maj:Android_7,leaf:Android_7_0.0,leaf:Android_7_0.0,leaf:Android_7_0.0|leaf:Android_8_0.0
1097,fam:Android,fam:Android,fam:Android,maj:Android_7,maj:Android_6,maj:Android_6|maj:Android_7,leaf:Android_7_0.0,leaf:Android_7_0.0,leaf:Android_6_0.0|leaf:Android_7_0.0
1109,fam:Android,fam:Android,fam:Android,maj:Android_7,maj:Android_7,maj:Android_7,leaf:Android_7_0.0,leaf:Android_7_0.0,leaf:Android_7_0.0
1111,fam:Android,fam:Android,fam:Android,maj:Android_7,maj:Android_8,maj:Android_10|maj:Android_8|maj:Android_9,leaf:Android_7_0.0,leaf:Android_8_0.0,leaf:Android_8_0.0|leaf:Android_9
1112,fam:Android,fam:Android,fam:Android,maj:Android_7,maj:Android_7,maj:Android_7,leaf:Android_7_0.0,leaf:Android_7_0.0,leaf:Android_7_0.0
1115,fam:Android,fam:Windows,,maj:Android_7,maj:Android_7,maj:Android_7,leaf:Android_7_0.0,leaf:Android_5_1.0,
1116,fam:Android,fam:Android,fam:Android,maj:Android_7,maj:Android_7,maj:Android_7,leaf:Android_7_0.0,leaf:Android_7_0.0,leaf:Android_7_0.0
1118,fam:Android,fam:Android,fam:Android,maj:Android_7,maj:Android_7,maj:Android_7,leaf:Android_7_0.0,leaf:Android_7_0.0,leaf:Android_7_0.0
1120,fam:Android,fam:Android,fam:Android,maj:Android_7,maj:Android_7,maj:Android_7,leaf:Android_7_0.0,leaf:Android_7_0.0,leaf:Android_7_0.0
1121,fam:Android,fam:Android,fam:Android,maj:Android_7,maj:Android_7,maj:Android_6|maj:Android_7,leaf:Android_7_0.0,leaf:Android_7_0.0,leaf:Android_5_1.0|leaf:Android_7_0.0
1123,fam:Android,fam:Android,fam:Android,maj:Android_7,maj:Android_9,maj:Android_9,leaf:Android_7_0.0,leaf:Android_8_0.0,leaf:Android_8_0.0|leaf:Android_9
1125,fam:Android,fam:Android,fam:Android,maj:Android_7,maj:Android_7,maj:Android_7,leaf:Android_7_0.0,leaf:Android_7_0.0,leaf:Android_7_0.0
1127,fam:Android,fam:Android,fam:Android,maj:Android_7,maj:Android_7,maj:Android_7,leaf:Android_7_0.0,leaf:Android_7_0.0,leaf:Android_7_0.0
1128,fam:Android,fam:Android,fam:Android,maj:Android_7,maj:Android_7,maj:Android_7,leaf:Android_7_0.0,leaf:Android_7_0.0,leaf:Android_7_0.0
1129,fam:Android,fam:Android,fam:Android,maj:Android_7,maj:Android_7,maj:Android_7,leaf:Android_7_0.0,leaf:Android_7_0.0,leaf:Android_7_0.0
1131,fam:Android,fam:Android,fam:Android,maj:Android_7,maj:Android_7,maj:Android_7,leaf:Android_7_0.0,leaf:Android_7_0.0,leaf:Android_7_0.0
1132,fam:Android,fam:Android,fam:Android,maj:Android_7,maj:Android_8,maj:Android_8|maj:Android_9,leaf:Android_7_0.0,leaf:Android_9,leaf:Android_8_0.0|leaf:Android_8_1.0|leaf:Android_9
1134,fam:Android,fam:Android,fam:Android,maj:Android_7,maj:Android_7,maj:Android_7,leaf:Android_7_0.0,leaf:Android_7_0.0,leaf:Android_7_0.0
1135,fam:Android,fam:Android,fam:Android,maj:Android_7,maj:Android_9,maj:Android_10|maj:Android_9,leaf:Android_7_0.0,leaf:Android_8_0.0,leaf:Android_10|leaf:Android_8_0.0|leaf:Android_8_1.0|leaf:Android_9
1136,fam:Android,fam:Android,fam:Android,maj:Android_7,maj:Android_9,maj:Android_10|maj:Android_9,leaf:Android_7_0.0,leaf:Android_9,leaf:Android_10|leaf:Android_8_0.0|leaf:Android_8_1.0|leaf:Android_9
1138,fam:Android,fam:Android,fam:Android,maj:Android_7,maj:Android_7,maj:Android_6|maj:Android_7,leaf:Android_7_0.0,leaf:Android_7_0.0,leaf:Android_6_0.0|leaf:Android_7_0.0
1139,fam:Android,fam:Android,fam:Android,maj:Android_7,maj:Android_10,maj:Android_10,leaf:Android_7_0.0,leaf:Android_10,leaf:Android_10|leaf:Android_8_0.0|leaf:Android_9
1143,fam:Android,fam:Android,fam:Android,maj:Android_7,maj:Android_7,maj:Android_5|maj:Android_7,leaf:Android_7_1.0,leaf:Android_5_1.0,leaf:Android_5_1.0|leaf:Android_7_1.0
1148,fam:Android,fam:Android,fam:Android,maj:Android_7,maj:Android_7,maj:Android_7,leaf:Android_7_1.0,leaf:Android_7_1.0,leaf:Android_7_1.0
1149,fam:Android,fam:Android,fam:Android,maj:Android_7,maj:Android_10,maj:Android_10|maj:Android_8|maj:Android_9,leaf:Android_7_1.0,leaf:Android_8_0.0,leaf:Android_8_0.0|leaf:Android_9
1152,fam:Android,fam:Android,fam:Android,maj:Android_7,maj:Android_7,maj:Android_5|maj:Android_7,leaf:Android_7_1.0,leaf:Android_7_1.0,leaf:Android_5_1.0|leaf:Android_7_1.0
1154,fam:Android,fam:Android,fam:Android,maj:Android_7,maj:Android_7,maj:Android_7,leaf:Android_7_1.0,leaf:Android_7_1.0,leaf:Android_7_1.0
1155,fam:Android,fam:Android,fam:Android,maj:Android_7,maj:Android_9,maj:Android_7|maj:Android_9,leaf:Android_7_1.0,leaf:Android_9,leaf:Android_10|leaf:Android_8_0.0|leaf:Android_9
1156,fam:Android,fam:Android,fam:Android,maj:Android_7,maj:Android_9,maj:Android_10|maj:Android_9,leaf:Android_7_1.0,leaf:Android_8_0.0,leaf:Android_10|leaf:Android_8_0.0|leaf:Android_8_1.0|leaf:Android_9
1158,fam:Android,fam:Android,fam:Android,maj:Android_7,maj:Android_8,maj:Android_8,leaf:Android_7_1.0,leaf:Android_9,leaf:Android_10|leaf:Android_8_0.0|leaf:Android_9
1160,fam:Android,fam:Android,fam:Android,maj:Android_7,maj:Android_9,maj:Android_8|maj:Android_9,leaf:Android_7_1.0,leaf:Android_10,leaf:Android_10|leaf:Android_8_0.0|leaf:Android_9
1161,fam:Android,fam:Android,fam:Android,maj:Android_7,maj:Android_5,maj:Android_5|maj:Android_7,leaf:Android_7_1.0,leaf:Android_5_1.0,leaf:Android_5_1.0
1162,fam:Android,fam:Android,fam:Android,maj:Android_7,maj:Android_7,maj:Android_7,leaf:Android_7_1.0,leaf:Android_7_1.0,leaf:Android_5_1.0|leaf:Android_7_1.0
1166,fam:Android,fam:Android,fam:Android,maj:Android_7,maj:Android_9,maj:Android_10|maj:Android_8|maj:Android_9,leaf:Android_7_1.0,leaf:Android_8_0.0,leaf:Android_8_0.0|leaf:Android_9
1168,fam:Android,fam:Android,fam:Android,maj:Android_7,maj:Android_10,maj:Android_10|maj:Android_8,leaf:Android_7_1.0,leaf:Android_8_1.0,leaf:Android_10|leaf:Android_8_0.0|leaf:Android_8_1.0|leaf:Android_9
1169,fam:Android,fam:Android,fam:Android,maj:Android_7,maj:Android_10,maj:Android_10|maj:Android_8|maj:Android_9,leaf:Android_7_1.0,leaf:Android_8_1.0,leaf:Android_10|leaf:Android_8_0.0|leaf:Android_8_1.0|leaf:Android_9
1170,fam:Android,fam:Android,fam:Android,maj:Android_7,maj:Android_7,maj:Android_5|maj:Android_7,leaf:Android_7_1.0,leaf:Android_5_1.0,leaf:Android_5_1.0|leaf:Android_7_1.0
1171,fam:Android,fam:Android,fam:Android,maj:Android_7,maj:Android_5,maj:Android_5,leaf:Android_7_1.0,leaf:Android_5_1.0,leaf:Android_5_1.0|leaf:Android_7_1.0
1173,fam:Android,fam:Android,fam:Android,maj:Android_7,maj:Android_9,maj:Android_10|maj:Android_9,leaf:Android_7_1.0,leaf:Android_9,leaf:Android_8_0.0|leaf:Android_8_1.0|leaf:Android_9
1175,fam:Android,fam:Android,fam:Android,maj:Android_7,maj:Android_10,maj:Android_10|maj:Android_8,leaf:Android_7_1.0,leaf:Android_8_0.0,leaf:Android_10|leaf:Android_8_0.0|leaf:Android_9
1177,fam:Android,fam:Android,fam:Android,maj:Android_7,maj:Android_9,maj:Android_10|maj:Android_9,leaf:Android_7_1.0,leaf:Android_8_1.0,leaf:Android_10|leaf:Android_8_0.0|leaf:Android_8_1.0|leaf:Android_9
1180,fam:Android,fam:Android,fam:Android,maj:Android_7,maj:Android_9,maj:Android_8|maj:Android_9,leaf:Android_7_1.0,leaf:Android_8_0.0,leaf:Android_10|leaf:Android_8_0.0|leaf:Android_9
1181,fam:Android,fam:Android,fam:Android,maj:Android_7,maj:Android_8,maj:Android_10|maj:Android_8|maj:Android_9,leaf:Android_7_1.0,leaf:Android_9,leaf:Android_10|leaf:Android_8_0.0|leaf:Android_9
1182,fam:Android,fam:Android,fam:Android,maj:Android_7,maj:Android_7,maj:Android_7|maj:Android_8,leaf:Android_7_1.0,leaf:Android_7_1.0,leaf:Android_7_1.0
1183,fam:Android,fam:Android,fam:Android,maj:Android_7,maj:Android_8,maj:Android_10|maj:Android_8,leaf:Android_7_1.0,leaf:Android_8_0.0,leaf:Android_10|leaf:Android_8_0.0|leaf:Android_8_1.0|leaf:Android_9
1185,fam:Android,fam:Android,fam:Android,maj:Android_7,maj:Android_5,maj:Android_5,leaf:Android_7_1.0,leaf:Android_5_1.0,leaf:Android_5_1.0|leaf:Android_7_1.0
1190,fam:Android,fam:Android,fam:Android,maj:Android_7,maj:Android_7,maj:Android_7,leaf:Android_7_1.0,leaf:Android_7_1.0,leaf:Android_5_1.0|leaf:Android_7_1.0
1192,fam:Android,fam:Android,fam:Android,maj:Android_7,maj:Android_10,maj:Android_10|maj:Android_8,leaf:Android_7_1.0,leaf:Android_8_0.0,leaf:Android_8_0.0|leaf:Android_9
1193,fam:Android,fam:Android,fam:Android,maj:Android_7,maj:Android_5,maj:Android_5,leaf:Android_7_1.0,leaf:Android_5_1.0,leaf:Android_5_1.0|leaf:Android_7_1.0
1195,fam:Android,fam:Android,fam:Android,maj:Android_7,maj:Android_7,maj:Android_5|maj:Android_7,leaf:Android_7_1.0,leaf:Android_5_1.0,leaf:Android_5_1.0|leaf:Android_7_1.0
1200,fam:Android,fam:Android,fam:Android,maj:Android_7,maj:Android_5,maj:Android_5,leaf:Android_7_1.0,leaf:Android_7_1.0,leaf:Android_5_1.0|leaf:Android_7_1.0
1202,fam:Android,fam:Android,fam:Android,maj:Android_7,maj:Android_4,maj:Android_4,leaf:Android_7_1.0,leaf:Android_4_4.0,leaf:Android_4_4.0
1203,fam:Android,fam:Android,fam:Android,maj:Android_7,maj:Android_9,maj:Android_10|maj:Android_8|maj:Android_9,leaf:Android_7_1.0,leaf:Android_9,leaf:Android_10|leaf:Android_8_0.0|leaf:Android_8_1.0|leaf:Android_9
1204,fam:Android,fam:Android,fam:Android,maj:Android_7,maj:Android_5,maj:Android_5|maj:Android_7,leaf:Android_7_1.0,leaf:Android_5_1.0,leaf:Android_5_1.0|leaf:Android_7_1.0
1205,fam:Android,fam:Android,fam:Android,maj:Android_7,maj:Android_7,maj:Android_7,leaf:Android_7_1.0,leaf:Android_8_1.0,leaf:Android_10|leaf:Android_8_1.0|leaf:Android_9
1208,fam:Android,fam:Android,fam:Android,maj:Android_7,maj:Android_10,maj:Android_10|maj:Android_8|maj:Android_9,leaf:Android_7_1.0,leaf:Android_8_1.0,leaf:Android_10|leaf:Android_8_0.0|leaf:Android_8_1.0|leaf:Android_9
1209,fam:Android,fam:Android,fam:Android,maj:Android_7,maj:Android_8,maj:Android_8|maj:Android_9,leaf:Android_7_1.0,leaf:Android_10,leaf:Android_10|leaf:Android_8_0.0|leaf:Android_8_1.0|leaf:Android_9
1210,fam:Android,fam:Android,fam:Android,maj:Android_7,maj:Android_8,maj:Android_8,leaf:Android_7_1.0,leaf:Android_9,leaf:Android_10|leaf:Android_8_0.0|leaf:Android_8_1.0|leaf:Android_9
1212,fam:Android,fam:Android,fam:Android,maj:Android_8,maj:Android_10,maj:Android_10|maj:Android_9,leaf:Android_8_0.0,leaf:Android_10,leaf:Android_10|leaf:Android_9
1213,fam:Android,fam:Android,fam:Android,maj:Android_8,maj:Android_10,maj:Android_10|maj:Android_9,leaf:Android_8_0.0,leaf:Android_8_0.0,leaf:Android_10|leaf:Android_8_0.0|leaf:Android_8_1.0|leaf:Android_9
1218,fam:Android,fam:Android,fam:Android,maj:Android_8,maj:Android_9,maj:Android_10|maj:Android_9,leaf:Android_8_0.0,leaf:Android_8_0.0,leaf:Android_10|leaf:Android_8_0.0|leaf:Android_9
1221,fam:Android,fam:Android,fam:Android,maj:Android_8,maj:Android_8,maj:Android_10|maj:Android_8|maj:Android_9,leaf:Android_8_0.0,leaf:Android_8_0.0,leaf:Android_8_0.0|leaf:Android_9
1222,fam:Android,fam:Android,fam:Android,maj:Android_8,maj:Android_10,maj:Android_10|maj:Android_6,leaf:Android_8_0.0,leaf:Android_10,leaf:Android_10|leaf:Android_7_0.0
1223,fam:Android,fam:Android,,maj:Android_8,maj:Android_9,maj:Android_9,leaf:Android_8_0.0,leaf:Android_8_0.0,leaf:Android_8_0.0|leaf:Android_9
1225,fam:Android,fam:Android,fam:Android,maj:Android_8,maj:Android_8,maj:Android_8|maj:Android_9,leaf:Android_8_0.0,leaf:Android_8_0.0,leaf:Android_10|leaf:Android_8_0.0|leaf:Android_8_1.0|leaf:Android_9
1226,fam:Android,fam:Android,,maj:Android_8,maj:Android_9,maj:Android_8|maj:Android_9,leaf:Android_8_0.0,leaf:Android_8_0.0,leaf:Android_8_0.0|leaf:Android_9
1227,fam:Android,fam:Android,fam:Android,maj:Android_8,maj:Android_9,maj:Android_10|maj:Android_9,leaf:Android_8_0.0,leaf:Android_8_0.0,leaf:Android_10|leaf:Android_8_0.0|leaf:Android_9
1228,fam:Android,fam:Android,,maj:Android_8,maj:Android_8,maj:Android_8|maj:Android_9,leaf:Android_8_0.0,leaf:Android_8_0.0,leaf:Android_8_0.0|leaf:Android_8_1.0|leaf:Android_9
1231,fam:Android,fam:Android,fam:Android,maj:Android_8,maj:Android_9,maj:Android_10|maj:Android_9,leaf:Android_8_0.0,leaf:Android_10,leaf:Android_10|leaf:Android_9
1232,fam:Android,fam:Android,fam:Android,maj:Android_8,maj:Android_9,maj:Android_10|maj:Android_9,leaf:Android_8_0.0,leaf:Android_8_0.0,leaf:Android_10|leaf:Android_8_0.0|leaf:Android_8_1.0|leaf:Android_9
1235,fam:Android,fam:Android,fam:Android,maj:Android_8,maj:Android_9,maj:Android_10|maj:Android_8|maj:Android_9,leaf:Android_8_0.0,leaf:Android_10,leaf:Android_10|leaf:Android_8_0.0|leaf:Android_8_1.0|leaf:Android_9
1236,fam:Android,fam:Android,,maj:Android_8,maj:Android_9,maj:Android_8|maj:Android_9,leaf:Android_8_0.0,leaf:Android_8_0.0,leaf:Android_8_0.0|leaf:Android_9
1238,fam:Android,fam:Android,fam:Android,maj:Android_8,maj:Android_8,maj:Android_8|maj:Android_9,leaf:Android_8_0.0,leaf:Android_10,leaf:Android_10|leaf:Android_8_1.0|leaf:Android_9
1239,fam:Android,fam:Android,fam:Android,maj:Android_8,maj:Android_10,maj:Android_10|maj:Android_9,leaf:Android_8_0.0,leaf:Android_9,leaf:Android_10|leaf:Android_8_0.0|leaf:Android_9
1240,fam:Android,fam:Android,fam:Android,maj:Android_8,maj:Android_7,maj:Android_6|maj:Android_7,leaf:Android_8_0.0,leaf:Android_7_0.0,leaf:Android_6_0.0|leaf:Android_7_0.0
1241,fam:Android,fam:Android,fam:Android,maj:Android_8,maj:Android_7,maj:Android_7,leaf:Android_8_0.0,leaf:Android_7_1.0,leaf:Android_5_1.0|leaf:Android_7_1.0
1243,fam:Android,fam:Android,fam:Android,maj:Android_8,maj:Android_9,maj:Android_10|maj:Android_8|maj:Android_9,leaf:Android_8_0.0,leaf:Android_9,leaf:Android_10|leaf:Android_8_0.0|leaf:Android_8_1.0|leaf:Android_9
1253,fam:Android,fam:Android,fam:Android,maj:Android_8,maj:Android_9,maj:Android_10|maj:Android_9,leaf:Android_8_0.0,leaf:Android_9,leaf:Android_10|leaf:Android_8_0.0|leaf:Android_9
1254,fam:Android,fam:Android,fam:Android,maj:Android_8,maj:Android_8,maj:Android_8,leaf:Android_8_0.0,leaf:Android_7_0.0,leaf:Android_7_0.0|leaf:Android_8_0.0
1255,fam:Android,fam:Android,fam:Android,maj:Android_8,maj:Android_8,maj:Android_8,leaf:Android_8_0.0,leaf:Android_8_0.0,leaf:Android_8_0.0|leaf:Android_9
1256,fam:Android,fam:Android,,maj:Android_8,maj:Linux_OTHER,maj:Linux_OTHER,leaf:Android_8_0.0,leaf:Android_8_0.0,leaf:Android_8_0.0|leaf:Android_9|leaf:Linux_OTHER
1257,fam:Android,fam:Android,,maj:Android_8,maj:Android_9,maj:Android_8|maj:Android_9,leaf:Android_8_0.0,leaf:Android_8_0.0,leaf:Android_8_0.0|leaf:Android_9
1258,fam:Android,fam:Android,fam:Android,maj:Android_8,maj:Android_10,maj:Android_10|maj:Android_9,leaf:Android_8_0.0,leaf:Android_9,leaf:Android_10|leaf:Android_7_1.0|leaf:Android_8_0.0|leaf:Android_9
1264,fam:Android,fam:Android,fam:Android,maj:Android_8,maj:Android_9,maj:Android_10|maj:Android_8|maj:Android_9,leaf:Android_8_0.0,leaf:Android_9,leaf:Android_10|leaf:Android_8_0.0|leaf:Android_8_1.0|leaf:Android_9
1266,fam:Android,fam:Android,fam:Android,maj:Android_8,maj:Android_9,maj:Android_8|maj:Android_9,leaf:Android_8_0.0,leaf:Android_10,leaf:Android_10|leaf:Android_8_0.0|leaf:Android_9
1272,fam:Android,fam:Android,fam:Android,maj:Android_8,maj:Android_9,maj:Android_10|maj:Android_9,leaf:Android_8_0.0,leaf:Android_8_1.0,leaf:Android_10|leaf:Android_8_1.0|leaf:Android_9
1273,fam:Android,fam:Android,fam:Android,maj:Android_8,maj:Android_8,maj:Android_8,leaf:Android_8_0.0,leaf:Android_8_0.0,leaf:Android_8_0.0
1274,fam:Android,fam:Android,fam:Android,maj:Android_8,maj:Android_7,maj:Android_7|maj:Android_9,leaf:Android_8_0.0,leaf:Android_7_1.0,leaf:Android_7_1.0
1276,fam:Android,fam:Android,fam:Android,maj:Android_8,maj:Android_10,maj:Android_10,leaf:Android_8_0.0,leaf:Android_8_1.0,leaf:Android_8_0.0|leaf:Android_8_1.0|leaf:Android_9
1278,fam:Android,fam:Android,,maj:Android_8,maj:Android_9,maj:Android_8|maj:Android_9,leaf:Android_8_0.0,leaf:Android_8_0.0,leaf:Android_8_0.0
1280,fam:Android,fam:Android,fam:Android,maj:Android_8,maj:Android_8,maj:Android_10|maj:Android_8|maj:Android_9,leaf:Android_8_0.0,leaf:Android_8_0.0,leaf:Android_10|leaf:Android_8_0.0|leaf:Android_9
1281,fam:Android,fam:Android,,maj:Android_8,maj:Android_9,maj:Android_9,leaf:Android_8_0.0,leaf:Android_8_0.0,leaf:Android_8_0.0|leaf:Android_9
1289,fam:Android,fam:Android,fam:Android,maj:Android_8,maj:Android_8,maj:Android_10|maj:Android_8|maj:Android_9,leaf:Android_8_0.0,leaf:Android_8_0.0,leaf:Android_10|leaf:Android_8_0.0|leaf:Android_8_1.0|leaf:Android_9
1290,fam:Android,fam:Android,fam:Android,maj:Android_8,maj:Android_8,maj:Android_8,leaf:Android_8_0.0,leaf:Android_8_0.0,leaf:Android_8_0.0|leaf:Android_9
1292,fam:Android,fam:Android,fam:Android,maj:Android_8,maj:Android_7,maj:Android_7,leaf:Android_8_0.0,leaf:Android_7_0.0,leaf:Android_7_0.0|leaf:Android_8_0.0
1293,fam:Android,fam:Android,fam:Android,maj:Android_8,maj:Android_10,maj:Android_10|maj:Android_9,leaf:Android_8_0.0,leaf:Android_10,leaf:Android_10|leaf:Android_9
1295,fam:Android,fam:Android,fam:Android,maj:Android_8,maj:Android_7,maj:Android_6|maj:Android_7,leaf:Android_8_0.0,leaf:Android_7_1.0,leaf:Android_7_1.0
1296,fam:Android,fam:Android,fam:Android,maj:Android_8,maj:Android_9,maj:Android_10|maj:Android_9,leaf:Android_8_0.0,leaf:Android_8_1.0,leaf:Android_10|leaf:Android_8_1.0|leaf:Android_9
1297,fam:Android,fam:Android,fam:Android,maj:Android_8,maj:Android_10,maj:Android_10|maj:Android_8,leaf:Android_8_0.0,leaf:Android_8_0.0,leaf:Android_8_0.0|leaf:Android_9
1298,fam:Android,fam:Android,fam:Android,maj:Android_8,maj:Android_10,maj:Android_10|maj:Android_9,leaf:Android_8_0.0,leaf:Android_8_0.0,leaf:Android_10|leaf:Android_7_1.0|leaf:Android_8_0.0|leaf:Android_9
1300,fam:Android,fam:Android,fam:Android,maj:Android_8,maj:Android_9,maj:Android_10|maj:Android_8|maj:Android_9,leaf:Android_8_0.0,leaf:Android_8_0.0,leaf:Android_10|leaf:Android_8_0.0|leaf:Android_9
1302,fam:Android,fam:Android,fam:Android,maj:Android_8,maj:Android_8,maj:Android_8,leaf:Android_8_0.0,leaf:Android_8_0.0,leaf:Android_10|leaf:Android_8_0.0|leaf:Android_9
1303,fam:Android,fam:Android,,maj:Android_8,maj:Android_8,maj:Android_8|maj:Android_9,leaf:Android_8_0.0,leaf:Android_8_0.0,leaf:Android_8_0.0|leaf:Android_9
1304,fam:Android,fam:Android,fam:Android,maj:Android_8,maj:Android_10,maj:Android_10|maj:Android_8|maj:Android_9,leaf:Android_8_0.0,leaf:Android_8_1.0,leaf:Android_10|leaf:Android_8_0.0|leaf:Android_8_1.0|leaf:Android_9
1306,fam:Android,fam:Android,fam:Android,maj:Android_8,maj:Android_10,maj:Android_10|maj:Android_8,leaf:Android_8_0.0,leaf:Android_8_0.0,leaf:Android_10|leaf:Android_8_0.0
1307,fam:Android,fam:Android,fam:Android,maj:Android_8,maj:Android_5,maj:Android_5|maj:Android_6,leaf:Android_8_0.0,leaf:Android_7_0.0,leaf:Android_5_1.0|leaf:Android_7_0.0
1309,fam:Android,fam:Android,,maj:Android_8,maj:Android_9,maj:Android_9|maj:Linux_OTHER,leaf:Android_8_0.0,leaf:Android_8_0.0,leaf:Android_8_0.0|leaf:Android_9
1311,fam:Android,fam:Android,fam:Android,maj:Android_8,maj:Android_9,maj:Android_10|maj:Android_9,leaf:Android_8_0.0,leaf:Android_9,leaf:Android_10|leaf:Android_8_0.0|leaf:Android_9
1312,fam:Android,fam:Android,fam:Android,maj:Android_8,maj:Android_9,maj:Android_10|maj:Android_8|maj:Android_9,leaf:Android_8_0.0,leaf:Android_9,leaf:Android_8_0.0|leaf:Android_9
1313,fam:Android,fam:Android,fam:Android,maj:Android_8,maj:Android_8,maj:Android_10|maj:Android_8|maj:Android_9,leaf:Android_8_0.0,leaf:Android_9,leaf:Android_10|leaf:Android_8_0.0|leaf:Android_9
1315,fam:Android,fam:Android,fam:Android,maj:Android_8,maj:Android_9,maj:Android_10|maj:Android_9,leaf:Android_8_0.0,leaf:Android_9,leaf:Android_10|leaf:Android_9
1317,fam:Android,fam:Android,fam:Android,maj:Android_8,maj:Android_10,maj:Android_10|maj:Android_8,leaf:Android_8_0.0,leaf:Android_8_1.0,leaf:Android_10|leaf:Android_8_0.0|leaf:Android_8_1.0|leaf:Android_9
1319,fam:Android,fam:Android,fam:Android,maj:Android_8,maj:Android_10,maj:Android_10|maj:Android_8|maj:Android_9,leaf:Android_8_0.0,leaf:Android_8_1.0,leaf:Android_10|leaf:Android_8_0.0|leaf:Android_8_1.0|leaf:Android_9
1320,fam:Android,fam:Android,fam:Android,maj:Android_8,maj:Android_9,maj:Android_9,leaf:Android_8_0.0,leaf:Android_9,leaf:Android_10|leaf:Android_9
1322,fam:Android,fam:Android,,maj:Android_8,maj:Android_9,maj:Android_8|maj:Android_9,leaf:Android_8_0.0,leaf:Android_8_0.0,leaf:Android_8_0.0|leaf:Android_9
1324,fam:Android,fam:Android,fam:Android,maj:Android_8,maj:Android_10,maj:Android_10|maj:Android_8|maj:Android_9,leaf:Android_8_0.0,leaf:Android_10,leaf:Android_10|leaf:Android_8_0.0|leaf:Android_8_1.0|leaf:Android_9
1325,fam:Android,fam:Android,fam:Android,maj:Android_8,maj:Android_8,maj:Android_8|maj:Android_9,leaf:Android_8_0.0,leaf:Android_9,leaf:Android_8_0.0|leaf:Android_9
1326,fam:Android,fam:Android,fam:Android,maj:Android_8,maj:Android_10,maj:Android_10|maj:Android_9,leaf:Android_8_0.0,leaf:Android_9,leaf:Android_10|leaf:Android_8_0.0|leaf:Android_9
1331,fam:Android,fam:Android,fam:Android,maj:Android_8,maj:Android_8,maj:Android_8,leaf:Android_8_0.0,leaf:Android_8_0.0,leaf:Android_8_0.0
1335,fam:Android,fam:Android,fam:Android,maj:Android_8,maj:Android_9,maj:Android_9,leaf:Android_8_0.0,leaf:Android_9,leaf:Android_8_1.0|leaf:Android_9
1338,fam:Android,fam:Android,fam:Android,maj:Android_8,maj:Android_9,maj:Android_9,leaf:Android_8_0.0,leaf:Android_8_0.0,leaf:Android_8_0.0|leaf:Android_9
1339,fam:Android,fam:Android,fam:Android,maj:Android_8,maj:Android_9,maj:Android_8|maj:Android_9,leaf:Android_8_0.0,leaf:Android_8_0.0,leaf:Android_10|leaf:Android_8_0.0|leaf:Android_8_1.0|leaf:Android_9
1340,fam:Android,fam:Android,fam:Android,maj:Android_8,maj:Android_9,maj:Android_10|maj:Android_9,leaf:Android_8_0.0,leaf:Android_10,leaf:Android_10|leaf:Android_8_1.0|leaf:Android_9
1341,fam:Android,fam:Android,fam:Android,maj:Android_8,maj:Android_8,maj:Android_8,leaf:Android_8_0.0,leaf:Android_8_0.0,leaf:Android_8_0.0|leaf:Android_9
1342,fam:Android,fam:Android,fam:Android,maj:Android_8,maj:Android_9,maj:Android_9,leaf:Android_8_0.0,leaf:Android_9,leaf:Android_10|leaf:Android_8_1.0|leaf:Android_9
1344,fam:Android,fam:Android,fam:Android,maj:Android_8,maj:Android_8,maj:Android_10|maj:Android_8|maj:Android_9,leaf:Android_8_0.0,leaf:Android_8_0.0,leaf:Android_8_0.0|leaf:Android_9
1345,fam:Android,fam:Android,,maj:Android_8,maj:Android_8,maj:Android_8|maj:Android_9,leaf:Android_8_0.0,leaf:Android_8_0.0,leaf:Android_8_0.0|leaf:Android_9
1347,fam:Android,fam:Android,fam:Android,maj:Android_8,maj:Android_10,maj:Android_10|maj:Android_8|maj:Android_9,leaf:Android_8_0.0,leaf:Android_8_1.0,leaf:Android_10|leaf:Android_8_0.0|leaf:Android_8_1.0|leaf:Android_9
1350,fam:Android,fam:Android,,maj:Android_8,maj:Android_9,maj:Android_9,leaf:Android_8_0.0,leaf:Android_8_0.0,leaf:Android_8_0.0
1352,fam:Android,fam:Android,,maj:Android_8,maj:Android_8,maj:Android_8|maj:Android_9,leaf:Android_8_0.0,leaf:Android_8_0.0,leaf:Android_8_0.0
1354,fam:Android,fam:Android,fam:Android,maj:Android_8,maj:Android_9,maj:Android_8|maj:Android_9,leaf:Android_8_0.0,leaf:Android_10,leaf:Android_10|leaf:Android_8_0.0|leaf:Android_9
1356,fam:Android,fam:Android,fam:Android,maj:Android_8,maj:Android_7,maj:Android_7|maj:Android_8,leaf:Android_8_0.0,leaf:Android_10,leaf:Android_10|leaf:Android_8_0.0
1359,fam:Android,fam:Android,fam:Android,maj:Android_8,maj:Android_9,maj:Android_10|maj:Android_9,leaf:Android_8_0.0,leaf:Android_8_0.0,leaf:Android_10|leaf:Android_8_0.0|leaf:Android_8_1.0|leaf:Android_9
1360,fam:Android,fam:Android,fam:Android,maj:Android_8,maj:Android_9,maj:Android_9,leaf:Android_8_0.0,leaf:Android_9,leaf:Android_10|leaf:Android_8_0.0|leaf:Android_8_1.0|leaf:Android_9
1363,fam:Android,fam:Android,fam:Android,maj:Android_8,maj:Android_8,maj:Android_8,leaf:Android_8_1.0,leaf:Android_8_1.0,leaf:Android_8_1.0
1364,fam:Android,fam:Android,fam:Android,maj:Android_8,maj:Android_10,maj:Android_10|maj:Android_8|maj:Android_9,leaf:Android_8_1.0,leaf:Android_10,leaf:Android_10|leaf:Android_8_0.0|leaf:Android_8_1.0|leaf:Android_9
1367,fam:Android,fam:Android,fam:Android,maj:Android_8,maj:Android_8,maj:Android_10|maj:Android_8|maj:Android_9,leaf:Android_8_1.0,leaf:Android_8_0.0,leaf:Android_8_0.0|leaf:Android_9
1373,fam:Android,fam:Android,fam:Android,maj:Android_8,maj:Android_9,maj:Android_10|maj:Android_9,leaf:Android_8_1.0,leaf:Android_9,leaf:Android_10|leaf:Android_8_0.0|leaf:Android_9
1374,fam:Android,fam:Android,fam:Android,maj:Android_8,maj:Android_9,maj:Android_9,leaf:Android_8_1.0,leaf:Android_8_0.0,leaf:Android_10|leaf:Android_8_0.0|leaf:Android_9
1375,fam:Android,fam:Android,,maj:Android_8,maj:Android_8,maj:Android_8,leaf:Android_8_1.0,leaf:Android_8_1.0,leaf:Android_8_1.0
1377,fam:Android,fam:Android,fam:Android,maj:Android_8,maj:Android_9,maj:Android_9,leaf:Android_8_1.0,leaf:Android_9,leaf:Android_10|leaf:Android_8_1.0|leaf:Android_9
1378,fam:Android,fam:Android,fam:Android,maj:Android_8,maj:Android_8,maj:Android_8,leaf:Android_8_1.0,leaf:Android_8_1.0,leaf:Android_10|leaf:Android_8_1.0
1379,fam:Android,fam:Android,fam:Android,maj:Android_8,maj:Android_9,maj:Android_9,leaf:Android_8_1.0,leaf:Android_9,leaf:Android_10|leaf:Android_9
1380,fam:Android,fam:Android,fam:Android,maj:Android_8,maj:Android_8,maj:Android_8,leaf:Android_8_1.0,leaf:Android_8_1.0,leaf:Android_8_1.0
1381,fam:Android,fam:Android,,maj:Android_8,maj:Android_8,maj:Android_8|maj:Android_9,leaf:Android_8_1.0,leaf:Android_8_0.0,leaf:Android_8_0.0|leaf:Android_9
1384,fam:Android,fam:Android,fam:Android,maj:Android_8,maj:Android_8,maj:Android_8|maj:Android_9,leaf:Android_8_1.0,leaf:Android_8_1.0,leaf:Android_8_1.0
1385,fam:Android,fam:Android,fam:Android,maj:Android_8,maj:Android_7,maj:Android_7,leaf:Android_8_1.0,leaf:Android_10,leaf:Android_10|leaf:Android_8_0.0
1386,fam:Android,fam:Android,fam:Android,maj:Android_8,maj:Android_9,maj:Android_8|maj:Android_9,leaf:Android_8_1.0,leaf:Android_10,leaf:Android_10|leaf:Android_8_0.0|leaf:Android_9
1392,fam:Android,fam:Android,fam:Android,maj:Android_8,maj:Android_8,maj:Android_7|maj:Android_8,leaf:Android_8_1.0,leaf:Android_8_1.0,leaf:Android_8_0.0|leaf:Android_8_1.0|leaf:Android_9
1393,fam:Android,fam:Android,fam:Android,maj:Android_8,maj:Android_8,maj:Android_8,leaf:Android_8_1.0,leaf:Android_8_1.0,leaf:Android_10|leaf:Android_7_1.0|leaf:Android_8_1.0
1395,fam:Android,fam:Android,fam:Android,maj:Android_8,maj:Android_10,maj:Android_10|maj:Android_8|maj:Android_9,leaf:Android_8_1.0,leaf:Android_8_0.0,leaf:Android_8_0.0|leaf:Android_9
1396,fam:Android,fam:Android,fam:Android,maj:Android_8,maj:Android_10,maj:Android_10|maj:Android_8|maj:Android_9,leaf:Android_8_1.0,leaf:Android_8_1.0,leaf:Android_10|leaf:Android_8_0.0|leaf:Android_8_1.0|leaf:Android_9
1398,fam:Android,fam:Android,fam:Android,maj:Android_8,maj:Android_8,maj:Android_8,leaf:Android_8_1.0,leaf:Android_8_1.0,leaf:Android_8_1.0
1402,fam:Android,fam:Android,fam:Android,maj:Android_8,maj:Android_8,maj:Android_8,leaf:Android_8_1.0,leaf:Android_7_1.0,leaf:Android_7_1.0|leaf:Android_9
1403,fam:Android,fam:Android,fam:Android,maj:Android_8,maj:Android_9,maj:Android_8|maj:Android_9,leaf:Android_8_1.0,leaf:Android_8_0.0,leaf:Android_8_0.0|leaf:Android_9
1404,fam:Android,fam:Android,fam:Android,maj:Android_8,maj:Android_10,maj:Android_10|maj:Android_8|maj:Android_9,leaf:Android_8_1.0,leaf:Android_9,leaf:Android_10|leaf:Android_8_0.0|leaf:Android_8_1.0|leaf:Android_9
1407,fam:Android,fam:Android,fam:Android,maj:Android_8,maj:Android_8,maj:Android_8|maj:Android_9,leaf:Android_8_1.0,leaf:Android_10,leaf:Android_10|leaf:Android_8_0.0|leaf:Android_9
1410,fam:Android,fam:Android,fam:Android,maj:Android_8,maj:Android_10,maj:Android_10|maj:Android_8|maj:Android_9,leaf:Android_8_1.0,leaf:Android_8_0.0,leaf:Android_10|leaf:Android_8_0.0|leaf:Android_8_1.0|leaf:Android_9
1411,fam:Android,fam:Android,fam:Android,maj:Android_8,maj:Android_9,maj:Android_10|maj:Android_8|maj:Android_9,leaf:Android_8_1.0,leaf:Android_9,leaf:Android_10|leaf:Android_8_0.0|leaf:Android_9
1414,fam:Android,fam:Android,fam:Android,maj:Android_8,maj:Android_8,maj:Android_10|maj:Android_8,leaf:Android_8_1.0,leaf:Android_8_0.0,leaf:Android_10|leaf:Android_8_0.0|leaf:Android_8_1.0|leaf:Android_9
1416,fam:Android,fam:Android,,maj:Android_8,maj:Android_9,maj:Android_8|maj:Android_9,leaf:Android_8_1.0,leaf:Android_8_0.0,leaf:Android_8_0.0|leaf:Android_9|leaf:Linux_OTHER
1420,fam:Android,fam:Android,fam:Android,maj:Android_8,maj:Android_8,maj:Android_10|maj:Android_8|maj:Android_9,leaf:Android_8_1.0,leaf:Android_8_1.0,leaf:Android_10|leaf:Android_8_0.0|leaf:Android_8_1.0
1422,fam:Android,fam:Android,fam:Android,maj:Android_8,maj:Android_8,maj:Android_10|maj:Android_8|maj:Android_9,leaf:Android_8_1.0,leaf:Android_8_0.0,leaf:Android_10|leaf:Android_8_0.0|leaf:Android_9
1424,fam:Android,fam:Android,fam:Android,maj:Android_8,maj:Android_9,maj:Android_9,leaf:Android_8_1.0,leaf:Android_8_0.0,leaf:Android_8_0.0|leaf:Android_9
1426,fam:Android,fam:Android,fam:Android,maj:Android_8,maj:Android_8,maj:Android_8,leaf:Android_8_1.0,leaf:Android_8_0.0,leaf:Android_8_0.0|leaf:Android_9
1427,fam:Android,fam:Android,fam:Android,maj:Android_8,maj:Android_8,maj:Android_8,leaf:Android_8_1.0,leaf:Android_8_1.0,leaf:Android_8_1.0
1428,fam:Android,fam:Android,fam:Android,maj:Android_8,maj:Android_9,maj:Android_10|maj:Android_9,leaf:Android_8_1.0,leaf:Android_8_0.0,leaf:Android_8_0.0|leaf:Android_9
1432,fam:Android,fam:Android,fam:Android,maj:Android_8,maj:Android_10,maj:Android_10|maj:Android_8,leaf:Android_8_1.0,leaf:Android_8_1.0,leaf:Android_10|leaf:Android_8_0.0|leaf:Android_8_1.0|leaf:Android_9
1434,fam:Android,fam:Android,fam:Android,maj:Android_8,maj:Android_8,maj:Android_8,leaf:Android_8_1.0,leaf:Android_8_1.0,leaf:Android_8_1.0
1436,fam:Android,fam:Android,fam:Android,maj:Android_8,maj:Android_10,maj:Android_10|maj:Android_8|maj:Android_9,leaf:Android_8_1.0,leaf:Android_8_0.0,leaf:Android_10|leaf:Android_8_0.0|leaf:Android_9
1438,fam:Android,fam:Android,fam:Android,maj:Android_8,maj:Android_10,maj:Android_10,leaf:Android_8_1.0,leaf:Android_8_0.0,leaf:Android_10|leaf:Android_8_0.0|leaf:Android_9
1439,fam:Android,fam:Android,fam:Android,maj:Android_8,maj:Android_8,maj:Android_8,leaf:Android_8_1.0,leaf:Android_8_1.0,leaf:Android_8_1.0
1440,fam:Android,fam:Android,fam:Android,maj:Android_8,maj:Android_7,maj:Android_7,leaf:Android_8_1.0,leaf:Android_8_1.0,leaf:Android_8_0.0|leaf:Android_8_1.0
1441,fam:Android,fam:Android,fam:Android,maj:Android_8,maj:Android_8,maj:Android_10|maj:Android_8,leaf:Android_8_1.0,leaf:Android_8_0.0,leaf:Android_10|leaf:Android_8_0.0|leaf:Android_8_1.0|leaf:Android_9
1442,fam:Android,fam:Linux,,maj:Android_8,maj:Android_8,maj:Android_8,leaf:Android_8_1.0,leaf:Android_8_1.0,leaf:Android_8_1.0|leaf:Linux_Ubuntu
1445,fam:Android,fam:Android,fam:Android,maj:Android_8,maj:Android_9,maj:Android_10|maj:Android_8|maj:Android_9,leaf:Android_8_1.0,leaf:Android_9,leaf:Android_10|leaf:Android_8_0.0|leaf:Android_8_1.0|leaf:Android_9
1449,fam:Android,fam:Android,fam:Android,maj:Android_8,maj:Android_10,maj:Android_10,leaf:Android_8_1.0,leaf:Android_8_1.0,leaf:Android_8_0.0|leaf:Android_8_1.0|leaf:Android_9
1450,fam:Android,fam:Android,fam:Android,maj:Android_8,maj:Android_10,maj:Android_10|maj:Android_9,leaf:Android_8_1.0,leaf:Android_10,leaf:Android_10|leaf:Android_8_0.0|leaf:Android_8_1.0|leaf:Android_9
1451,fam:Android,fam:Android,fam:Android,maj:Android_8,maj:Android_8,maj:Android_8,leaf:Android_8_1.0,leaf:Android_8_1.0,leaf:Android_8_1.0
1453,fam:Android,fam:Android,,maj:Android_8,maj:Android_8,maj:Android_8|maj:Android_9,leaf:Android_8_1.0,leaf:Android_8_0.0,leaf:Android_8_0.0|leaf:Android_9
1454,fam:Android,fam:Android,fam:Android,maj:Android_9,maj:Android_9,maj:Android_9,leaf:Android_9,leaf:Android_8_0.0,leaf:Android_8_0.0|leaf:Android_9
1455,fam:Android,fam:Android,fam:Android,maj:Android_9,maj:Android_9,maj:Android_9,leaf:Android_9,leaf:Android_9,leaf:Android_9
1456,fam:Android,fam:Android,fam:Android,maj:Android_9,maj:Android_7,maj:Android_7,leaf:Android_9,leaf:Android_7_0.0,leaf:Android_6_0.0|leaf:Android_7_0.0
1458,fam:Android,fam:Android,fam:Android,maj:Android_9,maj:Android_9,maj:Android_8|maj:Android_9,leaf:Android_9,leaf:Android_8_0.0,leaf:Android_8_0.0|leaf:Android_9
1459,fam:Android,fam:Android,fam:Android,maj:Android_9,maj:Android_9,maj:Android_10|maj:Android_9,leaf:Android_9,leaf:Android_9,leaf:Android_10|leaf:Android_9
1460,fam:Android,fam:Android,fam:Android,maj:Android_9,maj:Android_8,maj:Android_10|maj:Android_8|maj:Android_9,leaf:Android_9,leaf:Android_9,leaf:Android_10|leaf:Android_8_0.0|leaf:Android_9
1461,fam:Android,fam:Android,,maj:Android_9,maj:Android_8,maj:Android_8|maj:Android_9,leaf:Android_9,leaf:Android_8_0.0,leaf:Android_8_0.0|leaf:Android_8_1.0
1463,fam:Android,fam:Android,fam:Android,maj:Android_9,maj:Android_9,maj:Android_8|maj:Android_9,leaf:Android_9,leaf:Android_8_0.0,leaf:Android_10|leaf:Android_8_0.0
1464,fam:Android,fam:Android,fam:Android,maj:Android_9,maj:Android_9,maj:Android_9,leaf:Android_9,leaf:Android_8_0.0,leaf:Android_8_0.0|leaf:Android_9
1466,fam:Android,fam:Android,fam:Android,maj:Android_9,maj:Android_9,maj:Android_10|maj:Android_9,leaf:Android_9,leaf:Android_9,leaf:Android_10|leaf:Android_8_0.0|leaf:Android_9
1467,fam:Android,fam:Android,fam:Android,maj:Android_9,maj:Android_9,maj:Android_10|maj:Android_8|maj:Android_9,leaf:Android_9,leaf:Android_8_0.0,leaf:Android_10|leaf:Android_8_0.0|leaf:Android_9
1473,fam:Android,fam:Android,fam:Android,maj:Android_9,maj:Android_6,maj:Android_6,leaf:Android_9,leaf:Android_10,leaf:Android_10|leaf:Android_9
1474,fam:Android,fam:Android,,maj:Android_9,maj:Android_9,maj:Android_8|maj:Android_9,leaf:Android_9,leaf:Android_8_0.0,leaf:Android_8_0.0|leaf:Android_9
1477,fam:Android,fam:Android,fam:Android,maj:Android_9,maj:Android_9,maj:Android_9,leaf:Android_9,leaf:Android_9,leaf:Android_9
1479,fam:Android,fam:Android,,maj:Android_9,maj:Android_8,maj:Android_8|maj:Android_9,leaf:Android_9,leaf:Android_8_0.0,leaf:Android_8_0.0|leaf:Android_9
1480,fam:Android,fam:Android,fam:Android,maj:Android_9,maj:Android_7,maj:Android_7|maj:Android_9,leaf:Android_9,leaf:Android_10,leaf:Android_10|leaf:Android_7_0.0|leaf:Android_9
1482,fam:Android,fam:Android,fam:Android,maj:Android_9,maj:Android_10,maj:Android_10,leaf:Android_9,leaf:Android_10,leaf:Android_10|leaf:Android_9
1483,fam:Android,fam:Android,fam:Android,maj:Android_9,maj:Android_9,maj:Android_10|maj:Android_9,leaf:Android_9,leaf:Android_8_0.0,leaf:Android_8_0.0|leaf:Android_9
1484,fam:Android,fam:Android,fam:Android,maj:Android_9,maj:Android_9,maj:Android_8|maj:Android_9,leaf:Android_9,leaf:Android_8_0.0,leaf:Android_10|leaf:Android_8_0.0|leaf:Android_8_1.0|leaf:Android_9
1487,fam:Android,fam:Android,fam:Android,maj:Android_9,maj:Android_9,maj:Android_8|maj:Android_9,leaf:Android_9,leaf:Android_9,leaf:Android_8_1.0|leaf:Android_9
1489,fam:Android,fam:Android,fam:Android,maj:Android_9,maj:Android_10,maj:Android_10|maj:Android_9,leaf:Android_9,leaf:Android_10,leaf:Android_10|leaf:Android_9
1490,fam:Android,fam:Android,fam:Android,maj:Android_9,maj:Android_10,maj:Android_10|maj:Android_8|maj:Android_9,leaf:Android_9,leaf:Android_8_1.0,leaf:Android_10|leaf:Android_8_0.0|leaf:Android_8_1.0|leaf:Android_9
1492,fam:Android,fam:Android,fam:Android,maj:Android_9,maj:Android_8,maj:Android_10|maj:Android_8,leaf:Android_9,leaf:Android_8_0.0,leaf:Android_10|leaf:Android_8_0.0|leaf:Android_8_1.0|leaf:Android_9
1498,fam:Android,fam:Android,fam:Android,maj:Android_9,maj:Android_9,maj:Android_10|maj:Android_9,leaf:Android_9,leaf:Android_8_0.0,leaf:Android_10|leaf:Android_8_0.0|leaf:Android_8_1.0|leaf:Android_9
1503,fam:Android,fam:Android,,maj:Android_9,maj:Android_8,maj:Android_8|maj:Android_9,leaf:Android_9,leaf:Android_8_0.0,leaf:Android_8_0.0|leaf:Android_9
1504,fam:Android,fam:Android,fam:Android,maj:Android_9,maj:Android_10,maj:Android_10|maj:Android_8,leaf:Android_9,leaf:Android_8_0.0,leaf:Android_10|leaf:Android_8_0.0|leaf:Android_9
1507,fam:Android,fam:Android,fam:Android,maj:Android_9,maj:Android_10,maj:Android_10|maj:Android_9,leaf:Android_9,leaf:Android_9,leaf:Android_10|leaf:Android_9
1508,fam:Android,fam:Android,fam:Android,maj:Android_9,maj:Android_9,maj:Android_8|maj:Android_9,leaf:Android_9,leaf:Android_8_0.0,leaf:Android_10|leaf:Android_8_0.0|leaf:Android_9
1509,fam:Android,fam:Android,fam:Android,maj:Android_9,maj:Android_9,maj:Android_10|maj:Android_8|maj:Android_9,leaf:Android_9,leaf:Android_8_0.0,leaf:Android_10|leaf:Android_8_0.0|leaf:Android_9
1512,fam:Android,fam:Android,fam:Android,maj:Android_9,maj:Android_9,maj:Android_9,leaf:Android_9,leaf:Android_8_0.0,leaf:Android_8_0.0|leaf:Android_9
1516,fam:Android,fam:Android,fam:Android,maj:Android_9,maj:Android_9,maj:Android_10|maj:Android_9,leaf:Android_9,leaf:Android_8_1.0,leaf:Android_10|leaf:Android_8_0.0|leaf:Android_8_1.0|leaf:Android_9
1521,fam:Android,fam:Android,fam:Android,maj:Android_9,maj:Android_9,maj:Android_10|maj:Android_8|maj:Android_9,leaf:Android_9,leaf:Android_9,leaf:Android_10|leaf:Android_8_0.0|leaf:Android_9
1522,fam:Android,fam:Android,fam:Android,maj:Android_9,maj:Android_9,maj:Android_9,leaf:Android_9,leaf:Android_8_0.0,leaf:Android_10|leaf:Android_8_0.0|leaf:Android_9
1526,fam:Android,fam:Android,fam:Android,maj:Android_9,maj:Android_10,maj:Android_10|maj:Android_9,leaf:Android_9,leaf:Android_10,leaf:Android_10|leaf:Android_9
1527,fam:Android,fam:Android,fam:Android,maj:Android_9,maj:Android_9,maj:Android_9,leaf:Android_9,leaf:Android_9,leaf:Android_9
1530,fam:Android,fam:Android,fam:Android,maj:Android_9,maj:Android_9,maj:Android_9,leaf:Android_9,leaf:Android_9,leaf:Android_8_0.0|leaf:Android_9
1531,fam:Android,fam:Android,fam:Android,maj:Android_9,maj:Android_9,maj:Android_10|maj:Android_9,leaf:Android_9,leaf:Android_8_1.0,leaf:Android_10|leaf:Android_8_0.0|leaf:Android_8_1.0|leaf:Android_9
1535,fam:Android,fam:Android,fam:Android,maj:Android_9,maj:Android_9,maj:Android_10|maj:Android_9,leaf:Android_9,leaf:Android_10,leaf:Android_10|leaf:Android_7_0.0|leaf:Android_9
1536,fam:Android,fam:Android,fam:Android,maj:Android_9,maj:Android_7,maj:Android_7|maj:Android_8,leaf:Android_9,leaf:Android_7_1.0,leaf:Android_7_1.0
1537,fam:Android,fam:Android,fam:Android,maj:Android_9,maj:Android_10,maj:Android_10|maj:Android_9,leaf:Android_9,leaf:Android_10,leaf:Android_10|leaf:Android_9
1538,fam:Android,fam:Android,,maj:Android_9,maj:Android_9,maj:Android_9|maj:Linux_OTHER,leaf:Android_9,leaf:Android_8_0.0,leaf:Android_8_0.0|leaf:Android_9|leaf:Linux_OTHER
1540,fam:Android,fam:Android,fam:Android,maj:Android_9,maj:Android_9,maj:Android_8|maj:Android_9,leaf:Android_9,leaf:Android_10,leaf:Android_10|leaf:Android_8_0.0|leaf:Android_9
1543,fam:Android,fam:Android,fam:Android,maj:Android_9,maj:Android_10,maj:Android_10|maj:Android_8|maj:Android_9,leaf:Android_9,leaf:Android_8_1.0,leaf:Android_10|leaf:Android_8_0.0|leaf:Android_8_1.0|leaf:Android_9
1548,fam:Android,fam:Android,fam:Android,maj:Android_9,maj:Android_8,maj:Android_8,leaf:Android_9,leaf:Android_9,leaf:Android_10|leaf:Android_8_0.0|leaf:Android_9
1552,fam:Android,fam:Android,fam:Android,maj:Android_9,maj:Android_9,maj:Android_10|maj:Android_8|maj:Android_9,leaf:Android_9,leaf:Android_8_0.0,leaf:Android_10|leaf:Android_8_0.0|leaf:Android_9
1555,fam:Android,fam:Android,fam:Android,maj:Android_9,maj:Android_9,maj:Android_10|maj:Android_8|maj:Android_9,leaf:Android_9,leaf:Android_8_0.0,leaf:Android_10|leaf:Android_8_0.0|leaf:Android_9
1556,fam:Android,fam:Android,fam:Android,maj:Android_9,maj:Android_9,maj:Android_9,leaf:Android_9,leaf:Android_8_0.0,leaf:Android_8_0.0|leaf:Android_9
1558,fam:Android,fam:Android,fam:Android,maj:Android_9,maj:Android_8,maj:Android_10|maj:Android_8,leaf:Android_9,leaf:Android_8_0.0,leaf:Android_10|leaf:Android_8_0.0|leaf:Android_8_1.0|leaf:Android_9
1559,fam:Android,fam:Android,,maj:Android_9,maj:Android_9,maj:Android_8|maj:Android_9,leaf:Android_9,leaf:Android_8_0.0,leaf:Android_8_0.0|leaf:Android_9
1561,fam:Android,fam:Android,fam:Android,maj:Android_9,maj:Android_10,maj:Android_10|maj:Android_9,leaf:Android_9,leaf:Android_8_0.0,leaf:Android_10|leaf:Android_7_1.0|leaf:Android_8_0.0|leaf:Android_9
1562,fam:Android,fam:Android,,maj:Android_9,maj:Android_9,maj:Android_8|maj:Android_9,leaf:Android_9,leaf:Android_8_0.0,leaf:Android_8_0.0|leaf:Android_9
1563,fam:Android,fam:Android,fam:Android,maj:Android_9,maj:Android_10,maj:Android_10|maj:Android_8|maj:Android_9,leaf:Android_9,leaf:Android_8_0.0,leaf:Android_8_0.0|leaf:Android_9
1564,fam:Android,fam:Android,fam:Android,maj:Android_9,maj:Android_9,maj:Android_9,leaf:Android_9,leaf:Android_9,leaf:Android_8_1.0|leaf:Android_9
1565,fam:Android,fam:Android,fam:Android,maj:Android_9,maj:Android_9,maj:Android_10|maj:Android_9,leaf:Android_9,leaf:Android_8_0.0,leaf:Android_10|leaf:Android_8_0.0|leaf:Android_8_1.0|leaf:Android_9
1566,fam:Android,fam:Android,fam:Android,maj:Android_9,maj:Android_9,maj:Android_9,leaf:Android_9,leaf:Android_8_0.0,leaf:Android_10|leaf:Android_8_0.0|leaf:Android_9
1567,fam:Android,fam:Android,fam:Android,maj:Android_9,maj:Android_10,maj:Android_10|maj:Android_8,leaf:Android_9,leaf:Android_8_0.0,leaf:Android_8_0.0|leaf:Android_9
1568,fam:Android,fam:Android,,maj:Android_9,maj:Android_8,maj:Android_8|maj:Android_9,leaf:Android_9,leaf:Android_8_0.0,leaf:Android_8_0.0|leaf:Android_9
1569,fam:Android,fam:Android,fam:Android,maj:Android_9,maj:Android_9,maj:Android_10|maj:Android_9,leaf:Android_9,leaf:Android_9,leaf:Android_10|leaf:Android_8_0.0|leaf:Android_9
1572,fam:Android,fam:Android,fam:Android,maj:Android_9,maj:Android_9,maj:Android_8|maj:Android_9,leaf:Android_9,leaf:Android_9,leaf:Android_10|leaf:Android_9
1573,fam:Android,fam:Android,fam:Android,maj:Android_9,maj:Android_8,maj:Android_10|maj:Android_8|maj:Android_9,leaf:Android_9,leaf:Android_9,leaf:Android_10|leaf:Android_8_0.0|leaf:Android_9
1576,fam:Android,fam:Android,fam:Android,maj:Android_9,maj:Android_9,maj:Android_10|maj:Android_9,leaf:Android_9,leaf:Android_10,leaf:Android_10|leaf:Android_8_1.0|leaf:Android_9
1578,fam:Android,fam:Android,fam:Android,maj:Android_9,maj:Android_9,maj:Android_9,leaf:Android_9,leaf:Android_9,leaf:Android_10|leaf:Android_8_0.0|leaf:Android_9
1579,fam:Android,fam:Android,,maj:Android_9,maj:Linux_OTHER,maj:Android_9|maj:Linux_OTHER,leaf:Android_9,leaf:Android_8_0.0,leaf:Android_8_0.0|leaf:Android_9
1580,fam:Android,fam:Android,fam:Android,maj:Android_9,maj:Android_10,maj:Android_10,leaf:Android_9,leaf:Android_10,leaf:Android_10|leaf:Android_9
1582,fam:Android,fam:Android,fam:Android,maj:Android_9,maj:Android_10,maj:Android_10,leaf:Android_9,leaf:Android_10,leaf:Android_10|leaf:Android_9
1583,fam:Android,fam:Android,,maj:Android_9,maj:Android_8,maj:Android_8|maj:Android_9,leaf:Android_9,leaf:Linux_OTHER,leaf:Android_8_0.0|leaf:Linux_OTHER
1586,fam:Android,fam:Android,fam:Android,maj:Android_9,maj:Android_10,maj:Android_10|maj:Android_9,leaf:Android_9,leaf:Android_10,leaf:Android_10|leaf:Android_9
1589,fam:Android,fam:Android,fam:Android,maj:Android_9,maj:Android_10,maj:Android_10|maj:Android_9,leaf:Android_9,leaf:Android_10,leaf:Android_10|leaf:Android_9
1590,fam:Android,fam:Android,fam:Android,maj:Android_9,maj:Android_10,maj:Android_10|maj:Android_9,leaf:Android_9,leaf:Android_10,leaf:Android_10|leaf:Android_9
1592,fam:Android,fam:Android,fam:Android,maj:Android_9,maj:Android_9,maj:Android_10|maj:Android_9,leaf:Android_9,leaf:Android_8_1.0,leaf:Android_10|leaf:Android_8_0.0|leaf:Android_8_1.0|leaf:Android_9
1593,fam:Android,fam:Android,,maj:Android_9,maj:Android_8,maj:Android_8|maj:Android_9,leaf:Android_9,leaf:Android_8_0.0,leaf:Android_8_0.0|leaf:Android_8_1.0|leaf:Android_9
1596,fam:Android,fam:Android,fam:Android,maj:Android_9,maj:Android_10,maj:Android_10|maj:Android_8|maj:Android_9,leaf:Android_9,leaf:Android_9,leaf:Android_10|leaf:Android_8_0.0|leaf:Android_8_1.0|leaf:Android_9
1599,fam:Android,fam:Android,,maj:Android_9,maj:Android_8,maj:Android_8|maj:Android_9,leaf:Android_9,leaf:Android_8_0.0,leaf:Android_8_0.0|leaf:Android_9
1600,fam:Android,fam:Android,fam:Android,maj:Android_9,maj:Android_9,maj:Android_9,leaf:Android_9,leaf:Android_9,leaf:Android_8_1.0|leaf:Android_9
1602,fam:Android,fam:Android,fam:Android,maj:Android_9,maj:Android_9,maj:Android_9,leaf:Android_9,leaf:Android_8_0.0,leaf:Android_10|leaf:Android_8_0.0|leaf:Android_9
1603,fam:Android,fam:Android,fam:Android,maj:Android_9,maj:Android_8,maj:Android_8,leaf:Android_9,leaf:Android_8_0.0,leaf:Android_8_0.0|leaf:Android_8_1.0|leaf:Android_9
1604,fam:Android,fam:Android,fam:Android,maj:Android_9,maj:Android_9,maj:Android_10|maj:Android_9,leaf:Android_9,leaf:Android_10,leaf:Android_10|leaf:Android_9
1608,fam:Android,fam:Android,fam:Android,maj:Android_9,maj:Android_8,maj:Android_10|maj:Android_7|maj:Android_8,leaf:Android_9,leaf:Android_7_1.0,leaf:Android_7_1.0
1610,fam:Android,fam:Android,fam:Android,maj:Android_9,maj:Android_6,,leaf:Android_9,leaf:Android_10,leaf:Android_10|leaf:Android_8_1.0|leaf:Android_9
1611,fam:Android,fam:Android,fam:Android,maj:Android_9,maj:Android_9,maj:Android_9,leaf:Android_9,leaf:Android_9,leaf:Android_9
1613,fam:Android,fam:Android,fam:Android,maj:Android_9,maj:Android_8,maj:Android_10|maj:Android_8|maj:Android_9,leaf:Android_9,leaf:Android_8_1.0,leaf:Android_10|leaf:Android_8_0.0|leaf:Android_8_1.0
1614,fam:Android,fam:Android,fam:Android,maj:Android_9,maj:Android_9,maj:Android_10|maj:Android_8|maj:Android_9,leaf:Android_9,leaf:Android_9,leaf:Android_10|leaf:Android_8_0.0|leaf:Android_9
1615,fam:Android,fam:Android,fam:Android,maj:Android_9,maj:Android_9,,leaf:Android_9,leaf:Android_9,leaf:Android_7_1.0|leaf:Android_9
1619,fam:Android,fam:Android,fam:Android,maj:Android_9,maj:Android_10,maj:Android_10|maj:Android_8,leaf:Android_9,leaf:Android_8_0.0,leaf:Android_10|leaf:Android_8_0.0|leaf:Android_9
1621,fam:Android,fam:Android,fam:Android,maj:Android_9,maj:Android_10,maj:Android_10|maj:Android_8|maj:Android_9,leaf:Android_9,leaf:Android_8_0.0,leaf:Android_8_0.0|leaf:Android_9
1622,fam:Android,fam:Android,fam:Android,maj:Android_9,maj:Android_10,maj:Android_10|maj:Android_8|maj:Android_9,leaf:Android_9,leaf:Android_8_0.0,leaf:Android_10|leaf:Android_8_0.0|leaf:Android_8_1.0|leaf:Android_9
1624,fam:Android,fam:Android,fam:Android,maj:Android_9,maj:Android_10,maj:Android_10|maj:Android_8|maj:Android_9,leaf:Android_9,leaf:Android_8_0.0,leaf:Android_8_0.0|leaf:Android_8_1.0|leaf:Android_9
1631,fam:Android,fam:Android,fam:Android,maj:Android_9,maj:Android_8,maj:Android_10|maj:Android_8|maj:Android_9,leaf:Android_9,leaf:Android_8_0.0,leaf:Android_10|leaf:Android_8_0.0|leaf:Android_9
1634,fam:Android,fam:Android,fam:Android,maj:Android_9,maj:Android_9,maj:Android_10|maj:Android_9,leaf:Android_9,leaf:Android_9,leaf:Android_10|leaf:Android_8_0.0|leaf:Android_8_1.0|leaf:Android_9
1637,fam:Android,fam:Android,fam:Android,maj:Android_9,maj:Android_9,maj:Android_10|maj:Android_9,leaf:Android_9,leaf:Android_10,leaf:Android_10|leaf:Android_8_1.0|leaf:Android_9
1638,fam:Android,fam:Android,fam:Android,maj:Android_9,maj:Android_9,maj:Android_9,leaf:Android_9,leaf:Android_9,leaf:Android_9
1640,fam:Android,fam:Android,fam:Android,maj:Android_9,maj:Android_10,maj:Android_10|maj:Android_8|maj:Android_9,leaf:Android_9,leaf:Android_10,leaf:Android_10|leaf:Android_8_0.0|leaf:Android_8_1.0|leaf:Android_9
1641,fam:Android,fam:Android,fam:Android,maj:Android_9,maj:Android_9,maj:Android_8|maj:Android_9,leaf:Android_9,leaf:Android_8_0.0,leaf:Android_7_0.0|leaf:Android_8_0.0|leaf:Android_9
1645,fam:Android,fam:Android,fam:Android,maj:Android_9,maj:Android_8,maj:Android_8|maj:Android_9,leaf:Android_9,leaf:Android_9,leaf:Android_8_0.0|leaf:Android_9
1647,fam:Android,fam:Android,,maj:Android_9,maj:Android_8,maj:Android_8|maj:Android_9,leaf:Android_9,leaf:Android_8_0.0,leaf:Android_8_0.0
1649,fam:Android,fam:Android,,maj:Android_9,maj:Android_9,maj:Android_9,leaf:Android_9,leaf:Android_8_0.0,leaf:Android_8_0.0|leaf:Android_8_1.0|leaf:Android_9
1650,fam:Android,fam:Android,fam:Android,maj:Android_9,maj:Android_9,maj:Android_9,leaf:Android_9,leaf:Android_9,leaf:Android_8_0.0|leaf:Android_9
1652,fam:Android,fam:Android,fam:Android,maj:Android_9,maj:Android_10,maj:Android_10|maj:Android_9,leaf:Android_9,leaf:Android_10,leaf:Android_10|leaf:Android_9
1653,fam:Android,fam:Android,fam:Android,maj:Android_9,maj:Android_7,maj:Android_7,leaf:Android_9,leaf:Android_8_1.0,leaf:Android_10|leaf:Android_8_0.0|leaf:Android_8_1.0
1654,fam:Android,fam:Android,,maj:Android_9,maj:Android_8,maj:Android_8|maj:Android_9,leaf:Android_9,leaf:Android_8_0.0,leaf:Android_8_0.0|leaf:Android_9
1655,fam:Android,fam:Android,fam:Android,maj:Android_9,maj:Android_8,maj:Android_7|maj:Android_8,leaf:Android_9,leaf:Android_8_0.0,leaf:Android_10|leaf:Android_8_0.0|leaf:Android_8_1.0|leaf:Android_9
1658,fam:Android,fam:Android,fam:Android,maj:Android_9,maj:Android_9,maj:Android_10|maj:Android_9,leaf:Android_9,leaf:Android_8_1.0,leaf:Android_8_0.0|leaf:Android_8_1.0|leaf:Android_9
1659,fam:Android,fam:Android,fam:Android,maj:Android_9,maj:Android_9,maj:Android_10|maj:Android_8|maj:Android_9,leaf:Android_9,leaf:Android_8_0.0,leaf:Android_10|leaf:Android_8_0.0|leaf:Android_9
1661,fam:Android,fam:Android,fam:Android,maj:Android_9,maj:Android_7,maj:Android_7|maj:Android_9,leaf:Android_9,leaf:Android_7_0.0,leaf:Android_7_0.0
1662,fam:Android,fam:Android,fam:Android,maj:Android_9,maj:Android_9,maj:Android_8|maj:Android_9,leaf:Android_9,leaf:Android_8_1.0,leaf:Android_8_1.0|leaf:Android_9
1663,fam:Android,fam:Android,fam:Android,maj:Android_9,maj:Android_6,maj:Android_6,leaf:Android_9,leaf:Android_7_1.0,leaf:Android_5_1.0|leaf:Android_7_1.0
1664,fam:Android,fam:Android,fam:Android,maj:Android_9,maj:Android_9,maj:Android_9,leaf:Android_9,leaf:Android_9,leaf:Android_8_0.0|leaf:Android_9
1665,fam:Android,fam:Android,fam:Android,maj:Android_9,maj:Android_8,maj:Android_10|maj:Android_8|maj:Android_9,leaf:Android_9,leaf:Android_8_0.0,leaf:Android_8_0.0|leaf:Android_9
1666,fam:Android,fam:Android,,maj:Android_9,maj:Android_9,maj:Android_9|maj:Linux_OTHER,leaf:Android_9,leaf:Android_8_0.0,leaf:Android_8_0.0|leaf:Android_9|leaf:Linux_OTHER
1667,fam:Android,fam:Android,fam:Android,maj:Android_9,maj:Android_9,maj:Android_10|maj:Android_9,leaf:Android_9,leaf:Android_8_0.0,leaf:Android_8_0.0|leaf:Android_9
1669,fam:Android,fam:Android,fam:Android,maj:Android_9,maj:Android_8,maj:Android_10|maj:Android_8|maj:Android_9,leaf:Android_9,leaf:Android_8_0.0,leaf:Android_10|leaf:Android_8_0.0|leaf:Android_9
1675,fam:Android,fam:Android,fam:Android,maj:Android_9,maj:Android_9,maj:Android_10|maj:Android_8|maj:Android_9,leaf:Android_9,leaf:Android_9,leaf:Android_10|leaf:Android_8_0.0|leaf:Android_9
1677,fam:Android,fam:Android,,maj:Android_9,maj:Android_9,maj:Android_9,leaf:Android_9,leaf:Android_8_0.0,leaf:Android_8_0.0
1679,fam:Android,fam:Android,fam:Android,maj:Android_9,maj:Android_9,maj:Android_9,leaf:Android_9,leaf:Android_8_0.0,leaf:Android_8_0.0|leaf:Android_9
1681,fam:Android,fam:Android,fam:Android,maj:Android_9,maj:Android_9,maj:Android_9,leaf:Android_9,leaf:Android_9,leaf:Android_8_1.0|leaf:Android_9
1683,fam:Android,fam:Android,fam:Android,maj:Android_9,maj:Android_9,maj:Android_10|maj:Android_8|maj:Android_9,leaf:Android_9,leaf:Android_9,leaf:Android_10|leaf:Android_8_1.0|leaf:Android_9
1684,fam:Android,fam:Android,fam:Android,maj:Android_9,maj:Android_9,maj:Android_9,leaf:Android_9,leaf:Android_9,leaf:Android_10|leaf:Android_8_1.0|leaf:Android_9
1685,fam:Android,fam:Android,fam:Android,maj:Android_9,maj:Android_8,maj:Android_8|maj:Android_9,leaf:Android_9,leaf:Android_10,leaf:Android_10|leaf:Android_8_1.0|leaf:Android_9
1688,fam:Android,fam:Android,,maj:Android_9,maj:Android_9,maj:Android_8|maj:Android_9,leaf:Android_9,leaf:Android_8_0.0,leaf:Android_8_0.0|leaf:Android_9
1690,fam:Android,fam:Android,fam:Android,maj:Android_9,maj:Android_9,maj:Android_8|maj:Android_9,leaf:Android_9,leaf:Android_9,leaf:Android_8_1.0|leaf:Android_9
1693,fam:Android,fam:Android,,maj:Android_9,maj:Android_9,maj:Android_9,leaf:Android_9,leaf:Android_9,leaf:Android_9
1699,fam:Android,fam:Android,fam:Android,maj:Android_9,maj:Android_9,maj:Android_10|maj:Android_9,leaf:Android_9,leaf:Android_9,leaf:Android_10|leaf:Android_8_0.0|leaf:Android_8_1.0|leaf:Android_9
1700,fam:Android,fam:Android,fam:Android,maj:Android_9,maj:Android_9,maj:Android_9,leaf:Android_9,leaf:Android_8_0.0,leaf:Android_10|leaf:Android_8_0.0|leaf:Android_9
1709,fam:Android,fam:Android,fam:Android,maj:Android_9,maj:Android_9,maj:Android_10|maj:Android_8|maj:Android_9,leaf:Android_9,leaf:Android_9,leaf:Android_10|leaf:Android_8_0.0|leaf:Android_9
1710,fam:Android,fam:Android,fam:Android,maj:Android_9,maj:Android_8,maj:Android_8,leaf:Android_9,leaf:Android_8_0.0,leaf:Android_8_0.0|leaf:Android_9
1711,fam:Android,fam:Android,fam:Android,maj:Android_9,maj:Android_9,maj:Android_10|maj:Android_8|maj:Android_9,leaf:Android_9,leaf:Android_9,leaf:Android_10|leaf:Android_8_0.0|leaf:Android_8_1.0|leaf:Android_9
1712,fam:Android,fam:Android,fam:Android,maj:Android_9,maj:Android_9,maj:Android_9,leaf:Android_9,leaf:Android_9,leaf:Android_10|leaf:Android_9
1714,fam:Android,fam:Android,fam:Android,maj:Android_9,maj:Android_8,maj:Android_8,leaf:Android_9,leaf:Android_9,leaf:Android_10|leaf:Android_8_0.0|leaf:Android_8_1.0|leaf:Android_9
1715,fam:Android,fam:Android,fam:Android,maj:Android_9,maj:Android_10,maj:Android_10,leaf:Android_9,leaf:Android_10,leaf:Android_10|leaf:Android_9
1717,fam:Android,fam:Android,fam:Android,maj:Android_9,maj:Android_10,maj:Android_10,leaf:Android_9,leaf:Android_10,leaf:Android_10|leaf:Android_9
1718,fam:Android,fam:Android,fam:Android,maj:Android_9,maj:Android_9,maj:Android_9,leaf:Android_9,leaf:Android_10,leaf:Android_10|leaf:Android_8_0.0|leaf:Android_9
1719,fam:Android,fam:Android,fam:Android,maj:Android_9,maj:Android_10,maj:Android_10|maj:Android_9,leaf:Android_9,leaf:Android_8_0.0,leaf:Android_10|leaf:Android_7_1.0|leaf:Android_8_0.0|leaf:Android_9
1721,fam:Android,fam:Android,fam:Android,maj:Android_9,maj:Android_10,maj:Android_10|maj:Android_9,leaf:Android_9,leaf:Android_10,leaf:Android_10|leaf:Android_9
1723,fam:Android,fam:Android,fam:Android,maj:Android_9,maj:Android_10,maj:Android_10|maj:Android_9,leaf:Android_9,leaf:Android_8_0.0,leaf:Android_10|leaf:Android_8_0.0|leaf:Android_8_1.0|leaf:Android_9
1724,fam:Android,fam:Android,,maj:Android_9,maj:Android_9,maj:Android_8|maj:Android_9,leaf:Android_9,leaf:Android_8_0.0,leaf:Android_8_0.0
1725,fam:Android,fam:Android,,maj:Android_9,maj:Android_9,maj:Android_7|maj:Android_9,leaf:Android_9,leaf:Android_8_0.0,leaf:Android_7_0.0|leaf:Android_8_0.0|leaf:Android_9
1727,fam:Android,fam:Android,fam:Android,maj:Android_9,maj:Android_10,maj:Android_10|maj:Android_8,leaf:Android_9,leaf:Android_8_1.0,leaf:Android_10|leaf:Android_8_0.0|leaf:Android_8_1.0|leaf:Android_9
1728,fam:Android,fam:Android,fam:Android,maj:Android_9,maj:Android_9,maj:Android_9,leaf:Android_9,leaf:Android_8_0.0,leaf:Android_8_0.0|leaf:Android_9
1729,fam:Android,fam:Android,fam:Android,maj:Android_9,maj:Android_7,maj:Android_7,leaf:Android_9,leaf:Android_7_1.0,leaf:Android_5_1.0|leaf:Android_7_1.0
1730,fam:Android,fam:Android,fam:Android,maj:Android_9,maj:Android_10,maj:Android_10|maj:Android_8|maj:Android_9,leaf:Android_9,leaf:Android_8_1.0,leaf:Android_10|leaf:Android_8_0.0|leaf:Android_8_1.0|leaf:Android_9
1735,fam:Android,fam:Android,fam:Android,maj:Android_9,maj:Android_10,maj:Android_10,leaf:Android_9,leaf:Android_10,leaf:Android_10|leaf:Android_9
1737,fam:Android,fam:Android,fam:Android,maj:Android_9,maj:Android_8,maj:Android_10|maj:Android_8|maj:Android_9,leaf:Android_9,leaf:Android_8_0.0,leaf:Android_10|leaf:Android_8_0.0|leaf:Android_9
1739,fam:Android,fam:Android,fam:Android,maj:Android_9,maj:Android_10,maj:Android_10|maj:Android_8|maj:Android_9,leaf:Android_9,leaf:Android_8_1.0,leaf:Android_10|leaf:Android_8_0.0|leaf:Android_8_1.0|leaf:Android_9
1740,fam:Android,fam:Android,,maj:Android_9,maj:Android_9,maj:Android_8|maj:Android_9,leaf:Android_9,leaf:Android_8_0.0,leaf:Android_8_0.0|leaf:Android_9
1745,fam:Android,fam:Android,fam:Android,maj:Android_9,maj:Android_9,maj:Android_9,leaf:Android_9,leaf:Android_9,leaf:Android_8_1.0|leaf:Android_9
1747,fam:Android,fam:Android,fam:Android,maj:Android_9,maj:Android_9,maj:Android_9,leaf:Android_9,leaf:Android_9,leaf:Android_8_1.0|leaf:Android_9
1749,fam:Android,fam:Android,fam:Android,maj:Android_9,maj:Android_10,maj:Android_10,leaf:Android_9,leaf:Android_10,leaf:Android_10|leaf:Android_9
1750,fam:Android,fam:Android,,maj:Android_9,maj:Android_8,maj:Android_8,leaf:Android_9,leaf:Android_8_0.0,leaf:Android_8_0.0
1753,fam:Android,fam:Android,fam:Android,maj:Android_9,maj:Android_9,maj:Android_9,leaf:Android_9,leaf:Android_9,leaf:Android_8_0.0|leaf:Android_8_1.0|leaf:Android_9
1755,fam:Android,fam:Android,fam:Android,maj:Android_9,maj:Android_9,maj:Android_8|maj:Android_9,leaf:Android_9,leaf:Android_9,leaf:Android_10|leaf:Android_8_0.0|leaf:Android_8_1.0|leaf:Android_9
1758,fam:Android,fam:Android,fam:Android,maj:Android_9,maj:Android_10,maj:Android_10|maj:Android_9,leaf:Android_9,leaf:Android_10,leaf:Android_10|leaf:Android_9
1759,fam:Android,fam:Android,fam:Android,maj:Android_9,maj:Android_10,maj:Android_10,leaf:Android_9,leaf:Android_8_1.0,leaf:Android_8_1.0|leaf:Android_9
1760,fam:Android,fam:Android,fam:Android,maj:Android_9,maj:Android_8,maj:Android_8|maj:Android_9,leaf:Android_9,leaf:Android_8_1.0,leaf:Android_10|leaf:Android_8_0.0|leaf:Android_8_1.0
1761,fam:Android,fam:Android,fam:Android,maj:Android_9,maj:Android_10,maj:Android_10,leaf:Android_9,leaf:Android_8_1.0,leaf:Android_8_1.0|leaf:Android_9
1763,fam:Android,fam:Android,fam:Android,maj:Android_9,maj:Android_10,maj:Android_10,leaf:Android_9,leaf:Android_10,leaf:Android_10|leaf:Android_9
1765,fam:Android,fam:Android,fam:Android,maj:Android_9,maj:Android_10,maj:Android_10,leaf:Android_9,leaf:Android_10,leaf:Android_10|leaf:Android_9
1766,fam:Android,fam:Android,fam:Android,maj:Android_9,maj:Android_9,maj:Android_9,leaf:Android_9,leaf:Android_9,leaf:Android_9
1767,fam:Android,fam:Android,fam:Android,maj:Android_9,maj:Android_5,maj:Android_5|maj:Android_6,leaf:Android_9,leaf:Android_7_0.0,leaf:Android_5_1.0|leaf:Android_7_0.0
1769,fam:Android,fam:Android,fam:Android,maj:Android_9,maj:Android_10,maj:Android_10,leaf:Android_9,leaf:Android_10,leaf:Android_10|leaf:Android_9
1770,fam:Android,fam:Android,fam:Android,maj:Android_9,maj:Android_9,maj:Android_9,leaf:Android_9,leaf:Android_9,leaf:Android_9
1772,fam:Android,fam:Android,,maj:Android_9,maj:Android_9,maj:Android_9,leaf:Android_9,leaf:Android_8_0.0,leaf:Android_8_0.0
1775,fam:Android,fam:Android,fam:Android,maj:Android_9,maj:Android_8,maj:Android_8,leaf:Android_9,leaf:Android_8_0.0,leaf:Android_8_0.0|leaf:Android_8_1.0|leaf:Android_9
1776,fam:Android,fam:Android,fam:Android,maj:Android_9,maj:Android_9,maj:Android_10|maj:Android_9,leaf:Android_9,leaf:Android_10,leaf:Android_10|leaf:Android_8_0.0|leaf:Android_9
1781,fam:Android,fam:Linux,fam:Linux,maj:Android_9,maj:Linux_OTHER,maj:Linux_OTHER,leaf:Android_9,leaf:Linux_OTHER,leaf:Android_8_0.0|leaf:Linux_OTHER
1784,fam:Android,fam:Android,fam:Android,maj:Android_9,maj:Android_10,maj:Android_10,leaf:Android_9,leaf:Android_10,leaf:Android_10|leaf:Android_9
1790,fam:Android,fam:Android,fam:Android,maj:Android_9,maj:Android_9,maj:Android_10|maj:Android_9,leaf:Android_9,leaf:Android_10,leaf:Android_10|leaf:Android_8_1.0|leaf:Android_9
1791,fam:Android,fam:Android,fam:Android,maj:Android_9,maj:Android_10,maj:Android_10,leaf:Android_9,leaf:Android_10,leaf:Android_10|leaf:Android_9
1792,fam:Android,fam:Android,fam:Android,maj:Android_9,maj:Android_10,maj:Android_10|maj:Android_9,leaf:Android_9,leaf:Android_8_0.0,leaf:Android_10|leaf:Android_7_1.0|leaf:Android_8_0.0|leaf:Android_9
1794,fam:Android,fam:Android,fam:Android,maj:Android_9,maj:Android_10,maj:Android_10|maj:Android_8|maj:Android_9,leaf:Android_9,leaf:Android_10,leaf:Android_10|leaf:Android_8_0.0|leaf:Android_8_1.0|leaf:Android_9
1795,fam:Android,fam:Android,fam:Android,maj:Android_9,maj:Android_8,maj:Android_8|maj:Android_9,leaf:Android_9,leaf:Android_8_0.0,leaf:Android_8_0.0|leaf:Android_9
1799,fam:Android,fam:Android,fam:Android,maj:Android_9,maj:Android_9,maj:Android_9,leaf:Android_9,leaf:Android_10,leaf:Android_10|leaf:Android_9
1801,fam:Android,fam:Android,fam:Android,maj:Android_9,maj:Android_8,maj:Android_8|maj:Android_9,leaf:Android_9,leaf:Android_10,leaf:Android_10|leaf:Android_8_1.0|leaf:Android_9
1803,fam:Android,fam:Android,fam:Android,maj:Android_9,maj:Android_9,maj:Android_10|maj:Android_9,leaf:Android_9,leaf:Android_9,leaf:Android_10|leaf:Android_8_0.0|leaf:Android_9
1805,fam:Android,fam:Android,fam:Android,maj:Android_9,maj:Android_8,maj:Android_8,leaf:Android_9,leaf:Android_8_0.0,leaf:Android_8_0.0|leaf:Android_9
1806,fam:Android,fam:Android,fam:Android,maj:Android_9,maj:Android_8,maj:Android_10|maj:Android_8|maj:Android_9,leaf:Android_9,leaf:Android_9,leaf:Android_10|leaf:Android_8_0.0|leaf:Android_9
1807,fam:Android,fam:Android,,maj:Android_9,maj:Android_8,maj:Android_8|maj:Android_9,leaf:Android_9,leaf:Android_8_0.0,leaf:Android_8_0.0|leaf:Android_9
1811,fam:Android,fam:Android,fam:Android,maj:Android_9,maj:Android_10,maj:Android_10,leaf:Android_9,leaf:Android_10,leaf:Android_10|leaf:Android_9
1814,fam:Android,fam:Android,fam:Android,maj:Android_9,maj:Android_10,maj:Android_10|maj:Android_8,leaf:Android_9,leaf:Android_8_1.0,leaf:Android_10|leaf:Android_8_0.0|leaf:Android_8_1.0|leaf:Android_9
1816,fam:Android,fam:Android,fam:Android,maj:Android_9,maj:Android_10,maj:Android_10,leaf:Android_9,leaf:Android_10,leaf:Android_10|leaf:Android_9
1819,fam:Android,fam:Android,fam:Android,maj:Android_9,maj:Android_9,maj:Android_10|maj:Android_8|maj:Android_9,leaf:Android_9,leaf:Android_8_0.0,leaf:Android_10|leaf:Android_8_0.0|leaf:Android_9
1820,fam:Android,fam:Android,fam:Android,maj:Android_9,maj:Android_9,maj:Android_9,leaf:Android_9,leaf:Android_8_0.0,leaf:Android_8_0.0|leaf:Android_9
1821,fam:Android,fam:Android,fam:Android,maj:Android_9,maj:Android_10,maj:Android_10|maj:Android_9,leaf:Android_9,leaf:Android_10,leaf:Android_10|leaf:Android_9
1823,fam:Android,fam:Android,fam:Android,maj:Android_9,maj:Android_10,maj:Android_10,leaf:Android_9,leaf:Android_10,leaf:Android_10|leaf:Android_9
1825,fam:Android,fam:Android,fam:Android,maj:Android_9,maj:Android_9,maj:Android_9,leaf:Android_9,leaf:Android_10,leaf:Android_10|leaf:Android_7_0.0|leaf:Android_9
1826,fam:Android,fam:Android,fam:Android,maj:Android_9,maj:Android_10,maj:Android_10|maj:Android_9,leaf:Android_9,leaf:Android_9,leaf:Android_10|leaf:Android_8_0.0|leaf:Android_9
1828,fam:Android,fam:Android,fam:Android,maj:Android_9,maj:Android_10,maj:Android_10|maj:Android_9,leaf:Android_9,leaf:Android_8_1.0,leaf:Android_10|leaf:Android_8_0.0|leaf:Android_8_1.0|leaf:Android_9
1829,fam:Android,fam:Android,fam:Android,maj:Android_9,maj:Android_9,maj:Android_9,leaf:Android_9,leaf:Android_9,leaf:Android_10|leaf:Android_8_0.0|leaf:Android_8_1.0|leaf:Android_9
1832,fam:Android,fam:Android,fam:Android,maj:Android_9,maj:Android_10,maj:Android_10|maj:Android_8|maj:Android_9,leaf:Android_9,leaf:Android_8_1.0,leaf:Android_10|leaf:Android_8_0.0|leaf:Android_8_1.0|leaf:Android_9
1835,fam:Android,fam:Android,fam:Android,maj:Android_9,maj:Android_8,maj:Android_8,leaf:Android_9,leaf:Android_8_0.0,leaf:Android_8_0.0|leaf:Android_9
1837,fam:Android,fam:Android,fam:Android,maj:Android_9,maj:Android_9,maj:Android_8|maj:Android_9,leaf:Android_9,leaf:Android_9,leaf:Android_8_1.0|leaf:Android_9
1838,fam:Android,fam:Android,fam:Android,maj:Android_9,maj:Android_8,maj:Android_10|maj:Android_8|maj:Android_9,leaf:Android_9,leaf:Android_8_0.0,leaf:Android_10|leaf:Android_8_0.0|leaf:Android_9
1842,fam:Android,fam:Android,fam:Android,maj:Android_9,maj:Android_10,maj:Android_10|maj:Android_9,leaf:Android_9,leaf:Android_8_1.0,leaf:Android_10|leaf:Android_8_0.0|leaf:Android_8_1.0|leaf:Android_9
1843,fam:Android,fam:Android,fam:Android,maj:Android_9,maj:Android_9,maj:Android_9,leaf:Android_9,leaf:Android_9,leaf:Android_10|leaf:Android_9
1844,fam:Android,fam:Android,fam:Android,maj:Android_9,maj:Android_10,maj:Android_10|maj:Android_8,leaf:Android_9,leaf:Android_8_0.0,leaf:Android_10|leaf:Android_8_0.0|leaf:Android_9
1845,fam:Android,fam:Android,fam:Android,maj:Android_9,maj:Android_9,maj:Android_8|maj:Android_9,leaf:Android_9,leaf:Android_10,leaf:Android_10|leaf:Android_8_1.0|leaf:Android_9
1846,fam:Android,fam:Android,fam:Android,maj:Android_9,maj:Android_9,maj:Android_7|maj:Android_9,leaf:Android_9,leaf:Android_8_0.0,leaf:Android_10|leaf:Android_8_0.0|leaf:Android_9
1850,fam:Android,fam:Android,fam:Android,maj:Android_9,maj:Android_10,maj:Android_10|maj:Android_8,leaf:Android_9,leaf:Android_9,leaf:Android_10|leaf:Android_9
1857,fam:Android,fam:Android,fam:Android,maj:Android_9,maj:Android_10,maj:Android_10|maj:Android_8,leaf:Android_9,leaf:Android_8_1.0,leaf:Android_10|leaf:Android_8_0.0|leaf:Android_8_1.0|leaf:Android_9
1858,fam:Android,fam:Android,fam:Android,maj:Android_9,maj:Android_9,maj:Android_9,leaf:Android_9,leaf:Android_8_0.0,leaf:Android_8_0.0|leaf:Android_9|leaf:Android_OTHER
1859,fam:Android,fam:Android,fam:Android,maj:Android_9,maj:Android_9,maj:Android_10|maj:Android_9,leaf:Android_9,leaf:Android_8_0.0,leaf:Android_10|leaf:Android_8_0.0|leaf:Android_8_1.0|leaf:Android_9
1860,fam:Android,fam:Android,fam:Android,maj:Android_9,maj:Android_8,maj:Android_10|maj:Android_8,leaf:Android_9,leaf:Android_8_0.0,leaf:Android_10|leaf:Android_8_0.0
1861,fam:Android,fam:Android,fam:Android,maj:Android_9,maj:Android_10,maj:Android_10|maj:Android_8|maj:Android_9,leaf:Android_9,leaf:Android_8_0.0,leaf:Android_10|leaf:Android_7_1.0|leaf:Android_8_0.0|leaf:Android_9
1868,fam:Android,fam:Android,fam:Android,maj:Android_9,maj:Android_9,maj:Android_8|maj:Android_9,leaf:Android_9,leaf:Android_8_0.0,leaf:Android_10|leaf:Android_8_0.0|leaf:Android_9
1870,fam:Android,fam:Android,,maj:Android_9,maj:Android_9,maj:Android_8|maj:Android_9,leaf:Android_9,leaf:Android_8_0.0,leaf:Android_8_0.0|leaf:Android_9
1872,fam:Android,fam:Android,,maj:Android_9,maj:Android_8,maj:Android_8|maj:Android_9,leaf:Android_9,leaf:Android_8_0.0,leaf:Android_8_0.0|leaf:Android_9
1873,fam:Android,fam:Android,fam:Android,maj:Android_9,maj:Android_9,maj:Android_10|maj:Android_8|maj:Android_9,leaf:Android_9,leaf:Android_9,leaf:Android_10|leaf:Android_8_1.0|leaf:Android_9
1874,fam:Android,fam:Android,fam:Android,maj:Android_9,maj:Android_10,maj:Android_10,leaf:Android_9,leaf:Android_10,leaf:Android_10|leaf:Android_9
1875,fam:Android,fam:Android,fam:Android,maj:Android_9,maj:Android_10,maj:Android_10|maj:Android_8|maj:Android_9,leaf:Android_9,leaf:Android_10,leaf:Android_10|leaf:Android_8_0.0|leaf:Android_8_1.0|leaf:Android_9
1877,fam:Android,fam:Android,fam:Android,maj:Android_9,maj:Android_9,maj:Android_9,leaf:Android_9,leaf:Android_10,leaf:Android_10|leaf:Android_7_0.0|leaf:Android_9
1881,fam:Android,fam:Android,,maj:Android_9,maj:Android_9,maj:Android_9,leaf:Android_9,leaf:Android_8_0.0,leaf:Android_8_0.0|leaf:Android_9
1882,fam:Android,fam:Android,fam:Android,maj:Android_9,maj:Android_8,maj:Android_8|maj:Android_9,leaf:Android_9,leaf:Android_8_0.0,leaf:Android_8_0.0|leaf:Android_9
1886,fam:Android,fam:Android,fam:Android,maj:Android_9,maj:Android_10,maj:Android_10|maj:Android_9,leaf:Android_9,leaf:Android_10,leaf:Android_10|leaf:Android_9
1888,fam:Android,fam:Android,fam:Android,maj:Android_9,maj:Android_9,maj:Android_10|maj:Android_9,leaf:Android_9,leaf:Android_8_0.0,leaf:Android_10|leaf:Android_8_0.0|leaf:Android_9
1889,fam:Android,fam:Android,fam:Android,maj:Android_9,maj:Android_10,maj:Android_10|maj:Android_8|maj:Android_9,leaf:Android_9,leaf:Android_10,leaf:Android_10|leaf:Android_8_0.0|leaf:Android_8_1.0|leaf:Android_9
1894,fam:Android,fam:Android,,maj:Android_9,maj:Android_8,maj:Android_8|maj:Android_9,leaf:Android_9,leaf:Android_8_0.0,leaf:Android_8_0.0|leaf:Android_8_1.0|leaf:Android_9
1895,fam:Android,fam:Android,fam:Android,maj:Android_9,maj:Android_10,maj:Android_10|maj:Android_9,leaf:Android_9,leaf:Android_10,leaf:Android_10|leaf:Android_9
1897,fam:Android,fam:Android,fam:Android,maj:Android_9,maj:Android_9,maj:Android_10|maj:Android_8|maj:Android_9,leaf:Android_9,leaf:Android_8_0.0,leaf:Android_10|leaf:Android_8_0.0|leaf:Android_9
1902,fam:Android,fam:Android,,maj:Android_9,maj:Android_9,maj:Android_8|maj:Android_9,leaf:Android_9,leaf:Android_8_0.0,leaf:Android_8_0.0
1904,fam:Android,fam:Android,fam:Android,maj:Android_9,maj:Android_9,maj:Android_10|maj:Android_8|maj:Android_9,leaf:Android_9,leaf:Android_8_0.0,leaf:Android_10|leaf:Android_8_0.0|leaf:Android_9
1909,fam:Android,fam:Android,fam:Android,maj:Android_9,maj:Android_9,maj:Android_9,leaf:Android_9,leaf:Android_9,leaf:Android_8_1.0|leaf:Android_9
1911,fam:Android,fam:Android,fam:Android,maj:Android_9,maj:Android_9,maj:Android_9,leaf:Android_9,leaf:Android_9,leaf:Android_8_0.0|leaf:Android_9
1912,fam:Android,fam:Android,fam:Android,maj:Android_9,maj:Android_9,maj:Android_10|maj:Android_9,leaf:Android_9,leaf:Android_8_0.0,leaf:Android_10|leaf:Android_8_0.0|leaf:Android_8_1.0|leaf:Android_9
1913,fam:Android,fam:Android,fam:Android,maj:Android_9,maj:Android_10,maj:Android_10|maj:Android_8|maj:Android_9,leaf:Android_9,leaf:Android_8_0.0,leaf:Android_10|leaf:Android_8_0.0|leaf:Android_9
1915,fam:Android,fam:Android,,maj:Android_9,maj:Android_9,maj:Android_9,leaf:Android_9,leaf:Android_8_0.0,leaf:Android_8_0.0|leaf:Android_9
1916,fam:Android,fam:Android,fam:Android,maj:Android_9,maj:Android_10,maj:Android_10|maj:Android_9,leaf:Android_9,leaf:Android_8_0.0,leaf:Android_10|leaf:Android_7_1.0|leaf:Android_8_0.0|leaf:Android_9
1918,fam:Android,fam:Android,,maj:Android_9,maj:Linux_OTHER,maj:Android_9|maj:Linux_OTHER,leaf:Android_9,leaf:Linux_OTHER,leaf:Android_8_0.0|leaf:Linux_OTHER
1919,fam:Android,fam:Android,fam:Android,maj:Android_9,maj:Android_10,maj:Android_10,leaf:Android_9,leaf:Android_10,leaf:Android_10|leaf:Android_9
1921,fam:Android,fam:Android,,maj:Android_9,maj:Android_9,maj:Android_9,leaf:Android_9,leaf:Android_8_0.0,leaf:Android_8_0.0|leaf:Android_9
1924,fam:Android,fam:Android,fam:Android,maj:Android_9,maj:Android_10,maj:Android_10|maj:Android_8,leaf:Android_9,leaf:Android_8_0.0,leaf:Android_10|leaf:Android_8_0.0|leaf:Android_9
1925,fam:Android,fam:Android,,maj:Android_9,maj:Android_8,maj:Android_8|maj:Android_9,leaf:Android_9,leaf:Android_8_0.0,leaf:Android_8_0.0
1926,fam:Android,fam:Android,fam:Android,maj:Android_9,maj:Android_10,maj:Android_10|maj:Android_9,leaf:Android_9,leaf:Android_10,leaf:Android_10|leaf:Android_9
1927,fam:Android,fam:Android,fam:Android,maj:Android_9,maj:Android_8,maj:Android_10|maj:Android_8,leaf:Android_9,leaf:Android_8_0.0,leaf:Android_10|leaf:Android_8_0.0
1929,fam:Android,fam:Android,fam:Android,maj:Android_9,maj:Android_10,maj:Android_10|maj:Android_8,leaf:Android_9,leaf:Android_8_1.0,leaf:Android_10|leaf:Android_8_0.0|leaf:Android_8_1.0|leaf:Android_9
1931,fam:Android,fam:Android,fam:Android,maj:Android_9,maj:Android_8,maj:Android_8,leaf:Android_9,leaf:Android_8_1.0,leaf:Android_8_1.0
1933,fam:Android,fam:Android,fam:Android,maj:Android_9,maj:Android_9,maj:Android_9,leaf:Android_9,leaf:Android_9,leaf:Android_10|leaf:Android_8_0.0|leaf:Android_9
1936,fam:Android,fam:Android,fam:Android,maj:Android_9,maj:Android_8,maj:Android_8,leaf:Android_9,leaf:Android_8_0.0,leaf:Android_10|leaf:Android_8_0.0|leaf:Android_9
1941,fam:Android,fam:Android,fam:Android,maj:Android_9,maj:Android_8,maj:Android_10|maj:Android_8|maj:Android_9,leaf:Android_9,leaf:Android_8_0.0,leaf:Android_10|leaf:Android_8_0.0|leaf:Android_9
1942,fam:Android,fam:Android,fam:Android,maj:Android_9,maj:Android_9,maj:Android_10|maj:Android_9,leaf:Android_9,leaf:Android_8_0.0,leaf:Android_8_0.0|leaf:Android_9
1943,fam:Android,fam:Android,,maj:Android_9,maj:Android_9,maj:Android_9,leaf:Android_9,leaf:Android_9,leaf:Android_9
1944,fam:Android,fam:Android,fam:Android,maj:Android_9,maj:Android_9,maj:Android_9,leaf:Android_9,leaf:Android_10,leaf:Android_10|leaf:Android_8_0.0|leaf:Android_9
1948,fam:Android,fam:Android,,maj:Android_9,maj:Android_9,maj:Android_9,leaf:Android_9,leaf:Windows_8_1.0,leaf:Windows_8_1.0|leaf:macOS_10_11.0
1949,fam:Android,fam:Android,fam:Android,maj:Android_9,maj:Android_9,maj:Android_9,leaf:Android_9,leaf:Android_4_1.0,leaf:Android_4_1.0
1952,fam:Android,fam:Android,fam:Android,maj:Android_9,maj:Android_10,maj:Android_10|maj:Android_9,leaf:Android_9,leaf:Android_9,leaf:Android_10|leaf:Android_8_0.0|leaf:Android_9
1953,fam:Android,fam:Android,fam:Android,maj:Android_9,maj:Android_9,maj:Android_9,leaf:Android_9,leaf:Android_9,leaf:Android_10|leaf:Android_8_0.0|leaf:Android_8_1.0|leaf:Android_9
1954,fam:Android,fam:Android,fam:Android,maj:Android_9,maj:Android_10,maj:Android_10|maj:Android_8|maj:Android_9,leaf:Android_9,leaf:Android_8_0.0,leaf:Android_8_0.0|leaf:Android_9
1957,fam:Android,fam:Android,fam:Android,maj:Android_9,maj:Android_9,maj:Android_9,leaf:Android_9,leaf:Android_9,leaf:Android_10|leaf:Android_9
1958,fam:Android,fam:Android,fam:Android,maj:Android_9,maj:Android_10,maj:Android_10|maj:Android_9,leaf:Android_9,leaf:Android_10,leaf:Android_10|leaf:Android_9
1960,fam:Android,fam:Android,fam:Android,maj:Android_9,maj:Android_10,maj:Android_10|maj:Android_9,leaf:Android_9,leaf:Android_9,leaf:Android_10|leaf:Android_8_0.0|leaf:Android_9
1963,fam:Android,fam:Android,fam:Android,maj:Android_9,maj:Android_9,maj:Android_9,leaf:Android_9,leaf:Android_9,leaf:Android_10|leaf:Android_8_0.0|leaf:Android_9
1964,fam:Android,fam:Android,,maj:Android_9,maj:Android_9,maj:Android_8|maj:Android_9,leaf:Android_9,leaf:Android_8_0.0,leaf:Android_8_0.0|leaf:Android_9
1967,fam:Android,fam:Android,fam:Android,maj:Android_9,maj:Android_10,maj:Android_10|maj:Android_9,leaf:Android_9,leaf:Android_10,leaf:Android_10|leaf:Android_9
1968,fam:Android,fam:Android,fam:Android,maj:Android_9,maj:Android_7,maj:Android_7|maj:Android_8,leaf:Android_9,leaf:Android_8_0.0,leaf:Android_10|leaf:Android_8_0.0|leaf:Android_9
1970,fam:Android,fam:Android,fam:Android,maj:Android_9,maj:Android_10,maj:Android_10|maj:Android_9,leaf:Android_9,leaf:Android_10,leaf:Android_10|leaf:Android_9
1971,fam:Android,fam:Android,fam:Android,maj:Android_9,maj:Android_10,maj:Android_10|maj:Android_9,leaf:Android_9,leaf:Android_9,leaf:Android_10|leaf:Android_8_0.0|leaf:Android_9
1972,fam:Android,fam:Android,fam:Android,maj:Android_9,maj:Android_10,maj:Android_10|maj:Android_8|maj:Android_9,leaf:Android_9,leaf:Android_10,leaf:Android_10|leaf:Android_9
1974,fam:Android,fam:Android,fam:Android,maj:Android_9,maj:Android_7,maj:Android_7|maj:Android_8,leaf:Android_9,leaf:Android_10,leaf:Android_10|leaf:Android_8_0.0|leaf:Android_9
1975,fam:Android,fam:Android,fam:Android,maj:Android_9,maj:Android_9,maj:Android_10|maj:Android_9,leaf:Android_9,leaf:Android_8_1.0,leaf:Android_10|leaf:Android_8_1.0|leaf:Android_9
1978,fam:Android,fam:Android,fam:Android,maj:Android_9,maj:Android_10,maj:Android_10|maj:Android_9,leaf:Android_9,leaf:Android_10,leaf:Android_10|leaf:Android_9
1979,fam:Android,fam:Android,fam:Android,maj:Android_9,maj:Android_7,maj:Android_7,leaf:Android_9,leaf:Android_8_1.0,leaf:Android_10|leaf:Android_8_0.0|leaf:Android_8_1.0
1981,fam:Android,fam:Android,fam:Android,maj:Android_9,maj:Android_9,maj:Android_9,leaf:Android_9,leaf:Android_8_0.0,leaf:Android_8_0.0|leaf:Android_9
1983,fam:Android,fam:Android,fam:Android,maj:Android_9,maj:Android_9,maj:Android_10|maj:Android_9,leaf:Android_9,leaf:Android_9,leaf:Android_10|leaf:Android_8_0.0|leaf:Android_9
1985,fam:Android,fam:Android,fam:Android,maj:Android_9,maj:Android_7,maj:Android_7,leaf:Android_9,leaf:Android_5_1.0,leaf:Android_5_1.0|leaf:Android_7_1.0|leaf:Android_8_0.0
1987,fam:Android,fam:Android,,maj:Android_9,maj:Android_8,maj:Android_8|maj:Android_9,leaf:Android_9,leaf:Android_8_0.0,leaf:Android_8_0.0|leaf:Android_9
1988,fam:Android,fam:Android,,maj:Android_9,maj:Android_8,maj:Android_8|maj:Android_9,leaf:Android_9,leaf:Android_8_0.0,leaf:Android_8_0.0|leaf:Android_9
1989,fam:Android,fam:Android,fam:Android,maj:Android_9,maj:Android_9,maj:Android_9,leaf:Android_9,leaf:Android_9,leaf:Android_10|leaf:Android_9
1990,fam:Android,fam:Android,fam:Android,maj:Android_9,maj:Android_9,maj:Android_10|maj:Android_9,leaf:Android_9,leaf:Android_10,leaf:Android_10|leaf:Android_9
1991,fam:Android,fam:Android,fam:Android,maj:Android_9,maj:Android_9,maj:Android_9,leaf:Android_9,leaf:Android_9,leaf:Android_8_1.0|leaf:Android_9
1992,fam:Android,fam:Android,fam:Android,maj:Android_9,maj:Android_10,maj:Android_10|maj:Android_8|maj:Android_9,leaf:Android_9,leaf:Android_8_0.0,leaf:Android_8_0.0|leaf:Android_8_1.0|leaf:Android_9
1993,fam:Android,fam:Android,fam:Android,maj:Android_9,maj:Android_7,maj:Android_7|maj:Android_8,leaf:Android_9,leaf:Android_8_0.0,leaf:Android_10|leaf:Android_8_0.0|leaf:Android_9
1994,fam:Android,fam:Android,fam:Android,maj:Android_9,maj:Android_9,maj:Android_10|maj:Android_9,leaf:Android_9,leaf:Android_9,leaf:Android_10|leaf:Android_8_0.0|leaf:Android_8_1.0|leaf:Android_9
1995,fam:Android,fam:Android,fam:Android,maj:Android_9,maj:Android_10,maj:Android_10|maj:Android_8,leaf:Android_9,leaf:Android_8_0.0,leaf:Android_10|leaf:Android_8_0.0|leaf:Android_9
1996,fam:Android,fam:Android,fam:Android,maj:Android_9,maj:Android_9,maj:Android_10|maj:Android_9,leaf:Android_9,leaf:Android_10,leaf:Android_10|leaf:Android_8_0.0|leaf:Android_9
1999,fam:Android,fam:Android,fam:Android,maj:Android_OTHER,maj:Android_OTHER,maj:Android_OTHER,leaf:Android_OTHER,leaf:Android_OTHER,leaf:Android_OTHER
2001,fam:Android,fam:Android,fam:Android,maj:Android_OTHER,maj:Android_OTHER,maj:Android_OTHER,leaf:Android_OTHER,leaf:Android_OTHER,leaf:Android_OTHER
2003,fam:Android,fam:Android,fam:Android,maj:Android_OTHER,maj:Android_OTHER,maj:Android_OTHER,leaf:Android_OTHER,leaf:Android_OTHER,leaf:Android_OTHER
2006,fam:Android,fam:Android,fam:Android,maj:Android_OTHER,maj:Android_OTHER,maj:Android_OTHER,leaf:Android_OTHER,leaf:Android_OTHER,leaf:Android_OTHER
2008,fam:Android,fam:Android,fam:Android,maj:Android_OTHER,maj:Android_OTHER,maj:Android_OTHER,leaf:Android_OTHER,leaf:Android_OTHER,leaf:Android_OTHER
2010,fam:Android,fam:Android,fam:Android,maj:Android_OTHER,maj:Android_OTHER,maj:Android_OTHER,leaf:Android_OTHER,leaf:Android_OTHER,leaf:Android_OTHER
2011,fam:Android,fam:Android,fam:Android,maj:Android_OTHER,maj:Android_8,maj:Android_8|maj:Android_9,leaf:Android_OTHER,leaf:Android_8_1.0,leaf:Android_8_1.0
2012,fam:Android,fam:Android,fam:Android,maj:Android_OTHER,maj:Android_OTHER,maj:Android_OTHER,leaf:Android_OTHER,leaf:Android_OTHER,leaf:Android_OTHER
2014,fam:Android,fam:Android,fam:Android,maj:Android_OTHER,maj:Android_OTHER,maj:Android_OTHER,leaf:Android_OTHER,leaf:Android_OTHER,leaf:Android_OTHER
2015,fam:Android,fam:Android,fam:Android,maj:Android_OTHER,maj:Android_OTHER,maj:Android_OTHER,leaf:Android_OTHER,leaf:Android_OTHER,leaf:Android_OTHER
2016,fam:Android,fam:Android,fam:Android,maj:Android_OTHER,maj:Android_OTHER,maj:Android_OTHER,leaf:Android_OTHER,leaf:Android_OTHER,leaf:Android_OTHER
2017,fam:Android,fam:Android,fam:Android,maj:Android_OTHER,maj:Android_OTHER,maj:Android_OTHER,leaf:Android_OTHER,leaf:Android_OTHER,leaf:Android_OTHER
2020,fam:Android,fam:Android,fam:Android,maj:Android_OTHER,maj:Android_OTHER,maj:Android_OTHER,leaf:Android_OTHER,leaf:Android_OTHER,leaf:Android_OTHER
2022,fam:Android,fam:Android,fam:Android,maj:Android_OTHER,maj:Android_OTHER,maj:Android_OTHER,leaf:Android_OTHER,leaf:Android_OTHER,leaf:Android_OTHER
2024,fam:Android,fam:Android,fam:Android,maj:Android_OTHER,maj:Android_OTHER,maj:Android_OTHER,leaf:Android_OTHER,leaf:Android_OTHER,leaf:Android_OTHER
2025,fam:Android,fam:Android,fam:Android,maj:Android_OTHER,maj:Android_OTHER,maj:Android_OTHER,leaf:Android_OTHER,leaf:Android_OTHER,leaf:Android_OTHER
2030,fam:Android,fam:Android,fam:Android,maj:Android_OTHER,maj:Android_OTHER,maj:Android_OTHER,leaf:Android_OTHER,leaf:Android_OTHER,leaf:Android_OTHER
2032,fam:Android,fam:Linux,,maj:Android_OTHER,maj:Linux_OTHER,maj:Linux_OTHER,leaf:Android_OTHER,leaf:Android_9,leaf:Android_9|leaf:Linux_OTHER
2034,fam:Android,fam:Android,fam:Android,maj:Android_OTHER,maj:Android_OTHER,maj:Android_OTHER,leaf:Android_OTHER,leaf:Android_OTHER,leaf:Android_OTHER
2035,fam:Android,fam:Android,fam:Android,maj:Android_OTHER,maj:Android_OTHER,maj:Android_OTHER,leaf:Android_OTHER,leaf:Android_OTHER,leaf:Android_OTHER
2037,fam:Android,fam:Android,fam:Android,maj:Android_OTHER,maj:Android_OTHER,maj:Android_OTHER,leaf:Android_OTHER,leaf:Android_OTHER,leaf:Android_OTHER
2038,fam:Android,fam:Android,fam:Android,maj:Android_OTHER,maj:Android_OTHER,maj:Android_OTHER,leaf:Android_OTHER,leaf:Android_OTHER,leaf:Android_OTHER
2039,fam:Android,fam:Android,fam:Android,maj:Android_OTHER,maj:Android_OTHER,maj:Android_OTHER,leaf:Android_OTHER,leaf:Android_OTHER,leaf:Android_OTHER
2043,fam:Android,fam:Android,fam:Android,maj:Android_OTHER,maj:Android_OTHER,maj:Android_OTHER,leaf:Android_OTHER,leaf:Android_OTHER,leaf:Android_OTHER
2044,fam:Android,fam:Android,fam:Android,maj:Android_OTHER,maj:Android_OTHER,maj:Android_OTHER,leaf:Android_OTHER,leaf:Android_OTHER,leaf:Android_OTHER
2046,fam:Android,fam:Android,fam:Android,maj:Android_OTHER,maj:Android_OTHER,maj:Android_OTHER,leaf:Android_OTHER,leaf:Android_OTHER,leaf:Android_OTHER
2049,fam:Android,fam:Android,fam:Android,maj:Android_OTHER,maj:Android_OTHER,maj:Android_OTHER,leaf:Android_OTHER,leaf:Android_OTHER,leaf:Android_OTHER
2052,fam:Linux,fam:Linux,fam:Linux,maj:Linux_OTHER,maj:Linux_OTHER,maj:Linux_OTHER,leaf:Linux_OTHER,leaf:Linux_OTHER,leaf:Linux_OTHER
2054,fam:Linux,fam:Linux,fam:Linux,maj:Linux_OTHER,maj:Linux_OTHER,maj:Linux_OTHER,leaf:Linux_OTHER,leaf:Linux_OTHER,leaf:Linux_OTHER
2060,fam:Linux,fam:Linux,fam:Linux,maj:Linux_OTHER,maj:Linux_OTHER,maj:Linux_OTHER,leaf:Linux_OTHER,leaf:Linux_OTHER,leaf:Linux_OTHER|leaf:Linux_Ubuntu
2061,fam:Linux,fam:Linux,,maj:Linux_OTHER,maj:Linux_OTHER,maj:Linux_OTHER,leaf:Linux_OTHER,leaf:Linux_OTHER,leaf:Linux_OTHER|leaf:Windows_10
2062,fam:Linux,fam:Android,,maj:Linux_OTHER,maj:Android_9,maj:Android_8|maj:Android_9,leaf:Linux_OTHER,leaf:Android_8_0.0,leaf:Android_8_0.0
2064,fam:Linux,fam:Linux,,maj:Linux_OTHER,maj:Linux_OTHER,maj:Linux_OTHER,leaf:Linux_OTHER,leaf:Linux_OTHER,leaf:Linux_OTHER
2068,fam:Linux,fam:Linux,fam:Linux,maj:Linux_OTHER,maj:Linux_OTHER,maj:Linux_OTHER,leaf:Linux_OTHER,leaf:Linux_OTHER,leaf:Linux_OTHER
2069,fam:Linux,fam:Linux,fam:Linux,maj:Linux_OTHER,maj:Linux_OTHER,maj:Linux_OTHER,leaf:Linux_OTHER,leaf:Linux_OTHER,leaf:Linux_OTHER
2070,fam:Linux,fam:Linux,fam:Linux,maj:Linux_OTHER,maj:Linux_OTHER,maj:Linux_OTHER,leaf:Linux_OTHER,leaf:Linux_OTHER,leaf:Linux_OTHER
2071,fam:Linux,fam:Linux,fam:Linux,maj:Linux_OTHER,maj:Linux_OTHER,maj:Linux_OTHER,leaf:Linux_OTHER,leaf:Linux_OTHER,leaf:Linux_OTHER
2073,fam:Linux,fam:macOS,,maj:Linux_OTHER,maj:Windows_7,maj:Windows_7|maj:macOS_10,leaf:Linux_OTHER,leaf:macOS_10_9.0,leaf:Windows_7|leaf:macOS_10_9.0
2075,fam:Linux,fam:Android,fam:Android,maj:Linux_OTHER,maj:Android_8,maj:Android_8,leaf:Linux_OTHER,leaf:Android_8_0.0,leaf:Android_8_0.0|leaf:Android_9
2077,fam:Linux,fam:Linux,fam:Linux,maj:Linux_OTHER,maj:Linux_OTHER,maj:Linux_OTHER,leaf:Linux_OTHER,leaf:Linux_OTHER,leaf:Linux_OTHER
2078,fam:Linux,fam:Linux,fam:Linux,maj:Linux_OTHER,maj:Linux_OTHER,maj:Linux_OTHER,leaf:Linux_OTHER,leaf:Linux_OTHER,leaf:Linux_OTHER
2081,fam:Linux,fam:Linux,fam:Linux,maj:Linux_OTHER,maj:Linux_Ubuntu,maj:Linux_Ubuntu,leaf:Linux_OTHER,leaf:Linux_OTHER,leaf:Linux_OTHER
2084,fam:Linux,fam:Android,,maj:Linux_OTHER,maj:Android_8,maj:Android_8|maj:Android_9,leaf:Linux_OTHER,leaf:Android_8_0.0,leaf:Android_8_0.0|leaf:Android_9
2086,fam:Linux,fam:Linux,,maj:Linux_OTHER,maj:Linux_OTHER,maj:Linux_OTHER,leaf:Linux_OTHER,leaf:Linux_OTHER,leaf:Linux_OTHER
2088,fam:Linux,fam:Linux,fam:Linux,maj:Linux_OTHER,maj:Linux_OTHER,maj:Linux_OTHER,leaf:Linux_OTHER,leaf:Linux_OTHER,leaf:Linux_OTHER
2089,fam:Linux,fam:Linux,fam:Linux,maj:Linux_OTHER,maj:Linux_OTHER,maj:Linux_OTHER,leaf:Linux_OTHER,leaf:Linux_OTHER,leaf:Linux_OTHER
2093,fam:Linux,fam:Android,fam:Android,maj:Linux_OTHER,maj:Android_9,maj:Android_8|maj:Android_9,leaf:Linux_OTHER,leaf:Android_9,leaf:Android_10|leaf:Android_8_0.0|leaf:Android_9
2098,fam:Linux,fam:Linux,,maj:Linux_OTHER,maj:Linux_OTHER,maj:Linux_OTHER,leaf:Linux_OTHER,leaf:Windows_10,leaf:Linux_OTHER|leaf:Windows_10
2099,fam:Linux,fam:Linux,fam:Linux,maj:Linux_OTHER,maj:Linux_OTHER,maj:Linux_OTHER,leaf:Linux_OTHER,leaf:Linux_OTHER,leaf:Linux_OTHER
2100,fam:Linux,fam:Linux,fam:Linux,maj:Linux_OTHER,maj:Linux_OTHER,maj:Linux_OTHER,leaf:Linux_OTHER,leaf:Linux_OTHER,leaf:Linux_OTHER
2101,fam:Linux,fam:Linux,,maj:Linux_OTHER,maj:Windows_8,maj:Windows_7|maj:Windows_8,leaf:Linux_OTHER,leaf:Windows_7,leaf:Windows_10|leaf:Windows_7
2102,fam:Linux,fam:macOS,,maj:Linux_OTHER,maj:Linux_OTHER,maj:Linux_OTHER,leaf:Linux_OTHER,leaf:Windows_7,leaf:Windows_7|leaf:macOS_10_9.0
2104,fam:Linux,fam:Linux,fam:Linux,maj:Linux_OTHER,maj:Linux_OTHER,maj:Linux_OTHER,leaf:Linux_OTHER,leaf:Linux_OTHER,leaf:Linux_OTHER
2105,fam:Linux,fam:Windows,,maj:Linux_OTHER,maj:Linux_OTHER,maj:Linux_OTHER,leaf:Linux_OTHER,leaf:Windows_10,leaf:Windows_10
2106,fam:Linux,fam:Linux,fam:Linux,maj:Linux_OTHER,maj:Linux_OTHER,maj:Linux_OTHER,leaf:Linux_OTHER,leaf:Linux_OTHER,leaf:Linux_OTHER
2107,fam:Linux,fam:Linux,fam:Linux,maj:Linux_OTHER,maj:Linux_OTHER,maj:Linux_OTHER,leaf:Linux_OTHER,leaf:Linux_OTHER,leaf:Linux_OTHER
2108,fam:Linux,fam:Linux,fam:Linux,maj:Linux_OTHER,maj:Linux_OTHER,maj:Linux_OTHER,leaf:Linux_OTHER,leaf:Linux_OTHER,leaf:Linux_OTHER
2109,fam:Linux,fam:Linux,fam:Linux,maj:Linux_OTHER,maj:Linux_OTHER,maj:Linux_OTHER,leaf:Linux_OTHER,leaf:Linux_Ubuntu,leaf:Linux_OTHER|leaf:Linux_Ubuntu
2112,fam:Linux,fam:Linux,fam:Linux,maj:Linux_OTHER,maj:Linux_OTHER,maj:Android_9|maj:Linux_OTHER,leaf:Linux_OTHER,leaf:Linux_OTHER,leaf:Android_8_0.0|leaf:Linux_OTHER
2114,fam:Linux,fam:Linux,fam:Linux,maj:Linux_OTHER,maj:Linux_OTHER,maj:Linux_OTHER,leaf:Linux_OTHER,leaf:Linux_OTHER,leaf:Linux_OTHER
2115,fam:Linux,fam:Linux,fam:Linux,maj:Linux_OTHER,maj:Linux_OTHER,maj:Linux_OTHER,leaf:Linux_OTHER,leaf:Linux_OTHER,leaf:Linux_OTHER
2116,fam:Linux,fam:Android,,maj:Linux_OTHER,maj:Android_6,maj:Android_6|maj:Windows_XP,leaf:Linux_OTHER,leaf:Android_6_0.0,leaf:Android_6_0.0|leaf:Windows_XP
2119,fam:Linux,fam:Linux,fam:Linux,maj:Linux_OTHER,maj:Linux_OTHER,maj:Linux_OTHER,leaf:Linux_OTHER,leaf:Linux_OTHER,leaf:Linux_OTHER
2121,fam:Linux,fam:Linux,fam:Linux,maj:Linux_OTHER,maj:Linux_OTHER,maj:Linux_OTHER,leaf:Linux_OTHER,leaf:Linux_OTHER,leaf:Linux_OTHER
2123,fam:Linux,fam:Linux,fam:Linux,maj:Linux_OTHER,maj:Linux_OTHER,maj:Linux_OTHER,leaf:Linux_OTHER,leaf:Windows_8_1.0,leaf:Windows_8_1.0
2125,fam:Linux,fam:Linux,fam:Linux,maj:Linux_OTHER,maj:Linux_OTHER,maj:Linux_OTHER,leaf:Linux_OTHER,leaf:Linux_OTHER,leaf:Linux_OTHER
2126,fam:Linux,fam:Linux,fam:Linux,maj:Linux_OTHER,maj:Linux_OTHER,maj:Linux_OTHER,leaf:Linux_OTHER,leaf:Linux_OTHER,leaf:Linux_OTHER
2128,fam:Linux,fam:Linux,fam:Linux,maj:Linux_OTHER,maj:Linux_OTHER,maj:Linux_OTHER,leaf:Linux_OTHER,leaf:Linux_OTHER,leaf:Linux_OTHER
2129,fam:Linux,fam:Linux,fam:Linux,maj:Linux_OTHER,maj:Linux_OTHER,maj:Linux_OTHER,leaf:Linux_OTHER,leaf:Linux_OTHER,leaf:Linux_OTHER
2130,fam:Linux,fam:Linux,,maj:Linux_OTHER,maj:Linux_OTHER,maj:Linux_OTHER,leaf:Linux_OTHER,leaf:Linux_OTHER,leaf:Linux_OTHER|leaf:Windows_10|leaf:Windows_7
2131,fam:Linux,fam:Linux,fam:Linux,maj:Linux_OTHER,maj:Linux_OTHER,maj:Linux_OTHER,leaf:Linux_OTHER,leaf:Linux_OTHER,leaf:Linux_OTHER
2132,fam:Linux,fam:Linux,fam:Linux,maj:Linux_OTHER,maj:Linux_Ubuntu,maj:Linux_Ubuntu,leaf:Linux_OTHER,leaf:Linux_Ubuntu,leaf:Linux_OTHER|leaf:Linux_Ubuntu
2133,fam:Linux,fam:Linux,fam:Linux,maj:Linux_OTHER,maj:Linux_OTHER,maj:Linux_OTHER,leaf:Linux_OTHER,leaf:Linux_OTHER,leaf:Linux_OTHER
2134,fam:Linux,fam:Linux,fam:Linux,maj:Linux_OTHER,maj:Linux_OTHER,maj:Linux_OTHER,leaf:Linux_OTHER,leaf:Linux_OTHER,leaf:Linux_OTHER
2135,fam:Linux,fam:Linux,fam:Linux,maj:Linux_OTHER,maj:Linux_OTHER,maj:Linux_OTHER,leaf:Linux_OTHER,leaf:Linux_OTHER,leaf:Linux_OTHER
2139,fam:Linux,fam:Linux,fam:Linux,maj:Linux_OTHER,maj:Linux_OTHER,maj:Linux_OTHER,leaf:Linux_OTHER,leaf:Linux_OTHER,leaf:Linux_OTHER
2147,fam:Linux,fam:Linux,fam:Linux,maj:Linux_OTHER,maj:Linux_OTHER,maj:Linux_OTHER,leaf:Linux_OTHER,leaf:Linux_OTHER,leaf:Linux_OTHER
2151,fam:Linux,fam:Linux,fam:Linux,maj:Linux_OTHER,maj:Linux_OTHER,maj:Linux_OTHER,leaf:Linux_OTHER,leaf:Linux_OTHER,leaf:Linux_OTHER
2152,fam:Linux,fam:Linux,fam:Linux,maj:Linux_OTHER,maj:Linux_OTHER,maj:Linux_OTHER,leaf:Linux_OTHER,leaf:Linux_OTHER,leaf:Linux_OTHER
2154,fam:Linux,fam:Linux,fam:Linux,maj:Linux_OTHER,maj:Linux_OTHER,maj:Linux_OTHER,leaf:Linux_OTHER,leaf:Linux_OTHER,leaf:Linux_OTHER
2155,fam:Linux,fam:Linux,fam:Linux,maj:Linux_OTHER,maj:Linux_OTHER,maj:Linux_OTHER,leaf:Linux_OTHER,leaf:Linux_OTHER,leaf:Linux_OTHER
2157,fam:Linux,fam:Android,,maj:Linux_OTHER,maj:Android_9,maj:Android_8|maj:Android_9,leaf:Linux_OTHER,leaf:Android_8_0.0,leaf:Android_8_0.0|leaf:Android_9
2159,fam:Linux,fam:Linux,fam:Linux,maj:Linux_OTHER,maj:Linux_OTHER,maj:Linux_OTHER,leaf:Linux_OTHER,leaf:Linux_OTHER,leaf:Linux_OTHER
2162,fam:Linux,fam:Linux,fam:Linux,maj:Linux_OTHER,maj:Linux_OTHER,maj:Linux_OTHER,leaf:Linux_OTHER,leaf:Linux_OTHER,leaf:Linux_OTHER
2163,fam:Linux,fam:Linux,fam:Linux,maj:Linux_OTHER,maj:Linux_OTHER,maj:Linux_OTHER,leaf:Linux_OTHER,leaf:Linux_OTHER,leaf:Linux_OTHER
2166,fam:Linux,fam:Android,fam:Android,maj:Linux_OTHER,maj:Android_10,maj:Android_10|maj:Android_9,leaf:Linux_OTHER,leaf:Android_8_0.0,leaf:Android_10|leaf:Android_7_1.0|leaf:Android_8_0.0|leaf:Android_9
2167,fam:Linux,fam:Linux,fam:Linux,maj:Linux_OTHER,maj:Linux_Ubuntu,maj:Linux_Ubuntu,leaf:Linux_OTHER,leaf:Linux_Ubuntu,leaf:Linux_OTHER|leaf:Linux_Ubuntu
2168,fam:Linux,fam:Linux,fam:Linux,maj:Linux_OTHER,maj:Linux_OTHER,maj:Linux_OTHER,leaf:Linux_OTHER,leaf:Linux_OTHER,leaf:Linux_OTHER
2170,fam:Linux,fam:Linux,fam:Linux,maj:Linux_OTHER,maj:Linux_OTHER,maj:Linux_OTHER,leaf:Linux_OTHER,leaf:Linux_OTHER,leaf:Linux_OTHER
2174,fam:Linux,fam:Linux,,maj:Linux_OTHER,maj:Linux_OTHER,maj:Linux_OTHER|maj:Windows_10,leaf:Linux_OTHER,leaf:Linux_OTHER,leaf:Linux_OTHER|leaf:macOS_10_14.0
2175,fam:Linux,fam:Linux,fam:Linux,maj:Linux_OTHER,maj:Linux_OTHER,maj:Linux_OTHER,leaf:Linux_OTHER,leaf:Linux_OTHER,leaf:Linux_OTHER
2176,fam:Linux,fam:Linux,,maj:Linux_OTHER,maj:Linux_OTHER,maj:Linux_OTHER,leaf:Linux_OTHER,leaf:Windows_10,leaf:Linux_OTHER|leaf:Windows_10
2177,fam:Linux,fam:Linux,fam:Linux,maj:Linux_OTHER,maj:Linux_Ubuntu,maj:Linux_OTHER|maj:Linux_Ubuntu,leaf:Linux_OTHER,leaf:Linux_Ubuntu,leaf:Linux_Ubuntu
2180,fam:Linux,fam:Linux,fam:Linux,maj:Linux_OTHER,maj:Linux_OTHER,maj:Linux_OTHER,leaf:Linux_OTHER,leaf:Linux_OTHER,leaf:Linux_OTHER
2181,fam:Linux,fam:Linux,fam:Linux,maj:Linux_OTHER,maj:Linux_OTHER,maj:Linux_OTHER,leaf:Linux_OTHER,leaf:Linux_OTHER,leaf:Linux_OTHER|leaf:Linux_Ubuntu
2182,fam:Linux,fam:macOS,,maj:Linux_OTHER,maj:Windows_7,maj:Windows_7|maj:macOS_10,leaf:Linux_OTHER,leaf:macOS_10_10.0,leaf:macOS_10_10.0
2183,fam:Linux,fam:Linux,fam:Linux,maj:Linux_OTHER,maj:Linux_OTHER,maj:Linux_OTHER,leaf:Linux_OTHER,leaf:Linux_OTHER,leaf:Linux_OTHER
2185,fam:Linux,fam:Android,,maj:Linux_OTHER,maj:Android_8,maj:Android_8|maj:Android_9,leaf:Linux_OTHER,leaf:Android_8_0.0,leaf:Android_8_0.0|leaf:Android_9
2186,fam:Linux,fam:Windows,,maj:Linux_OTHER,maj:Linux_OTHER,maj:Linux_OTHER,leaf:Linux_OTHER,leaf:Windows_10,leaf:Windows_10
2187,fam:Linux,fam:Linux,fam:Linux,maj:Linux_OTHER,maj:Linux_OTHER,maj:Linux_OTHER,leaf:Linux_OTHER,leaf:Linux_Ubuntu,leaf:Linux_OTHER|leaf:Linux_Ubuntu
2188,fam:Linux,fam:Linux,fam:Linux,maj:Linux_OTHER,maj:Linux_OTHER,maj:Linux_OTHER,leaf:Linux_OTHER,leaf:Linux_OTHER,leaf:Linux_OTHER
2189,fam:Linux,fam:Linux,fam:Linux,maj:Linux_OTHER,maj:Linux_OTHER,maj:Linux_OTHER,leaf:Linux_OTHER,leaf:Linux_Ubuntu,leaf:Linux_OTHER|leaf:Linux_Ubuntu
2190,fam:Linux,fam:Linux,fam:Linux,maj:Linux_OTHER,maj:Linux_OTHER,maj:Linux_OTHER,leaf:Linux_OTHER,leaf:Linux_OTHER,leaf:Linux_OTHER
2195,fam:Linux,fam:Windows,fam:Windows,maj:Linux_OTHER,maj:Windows_7,maj:Windows_10|maj:Windows_7,leaf:Linux_OTHER,leaf:Linux_OTHER,leaf:Linux_OTHER
2196,fam:Linux,fam:Linux,fam:Linux,maj:Linux_OTHER,maj:Linux_OTHER,maj:Linux_OTHER,leaf:Linux_OTHER,leaf:Linux_OTHER,leaf:Linux_OTHER
2197,fam:Linux,fam:Android,,maj:Linux_OTHER,maj:Linux_OTHER,maj:Linux_OTHER,leaf:Linux_OTHER,leaf:Android_5_0.0,leaf:Android_5_0.0
2198,fam:Linux,fam:Linux,fam:Linux,maj:Linux_OTHER,maj:Linux_OTHER,maj:Linux_OTHER,leaf:Linux_OTHER,leaf:Linux_OTHER,leaf:Linux_OTHER
2199,fam:Linux,fam:Windows,fam:Windows,maj:Linux_OTHER,maj:Windows_10,maj:Windows_10|maj:Windows_7,leaf:Linux_OTHER,leaf:Windows_10,leaf:Linux_OTHER|leaf:Windows_10
2200,fam:Linux,fam:Linux,fam:Linux,maj:Linux_OTHER,maj:Linux_OTHER,maj:Linux_OTHER,leaf:Linux_OTHER,leaf:Linux_OTHER,leaf:Linux_OTHER
2201,fam:Linux,fam:Android,,maj:Linux_OTHER,maj:Android_9,maj:Android_9|maj:Linux_OTHER,leaf:Linux_OTHER,leaf:Android_8_0.0,leaf:Android_8_0.0|leaf:Android_9|leaf:Linux_OTHER
2204,fam:Linux,fam:Linux,fam:Linux,maj:Linux_OTHER,maj:Linux_OTHER,maj:Linux_OTHER,leaf:Linux_OTHER,leaf:Linux_OTHER,leaf:Linux_OTHER
2206,fam:Linux,fam:Linux,fam:Linux,maj:Linux_OTHER,maj:Linux_OTHER,maj:Linux_OTHER,leaf:Linux_OTHER,leaf:Linux_OTHER,leaf:Linux_OTHER
2207,fam:Linux,fam:Android,,maj:Linux_OTHER,maj:Android_9,maj:Android_8|maj:Android_9,leaf:Linux_OTHER,leaf:Android_8_0.0,leaf:Android_8_0.0|leaf:Android_9
2208,fam:Linux,fam:Linux,fam:Linux,maj:Linux_OTHER,maj:Linux_Ubuntu,maj:Linux_Ubuntu,leaf:Linux_OTHER,leaf:Linux_Ubuntu,leaf:Linux_OTHER|leaf:Linux_Ubuntu
2209,fam:Linux,fam:Linux,fam:Linux,maj:Linux_OTHER,maj:Linux_OTHER,maj:Linux_OTHER,leaf:Linux_OTHER,leaf:Linux_OTHER,leaf:Linux_OTHER
2211,fam:Linux,fam:Linux,fam:Linux,maj:Linux_OTHER,maj:Linux_OTHER,maj:Linux_OTHER,leaf:Linux_OTHER,leaf:Linux_OTHER,leaf:Linux_OTHER
2215,fam:Linux,fam:Linux,,maj:Linux_OTHER,maj:Linux_OTHER,maj:Linux_OTHER,leaf:Linux_OTHER,leaf:Linux_OTHER,leaf:Linux_OTHER
2217,fam:Linux,fam:Linux,fam:Linux,maj:Linux_OTHER,maj:Linux_OTHER,maj:Linux_OTHER,leaf:Linux_OTHER,leaf:Linux_OTHER,leaf:Linux_OTHER
2219,fam:Linux,fam:Android,,maj:Linux_OTHER,maj:Android_6,maj:Android_6|maj:Windows_XP,leaf:Linux_OTHER,leaf:Android_6_0.0,leaf:Android_6_0.0|leaf:Windows_XP
2220,fam:Linux,fam:Linux,fam:Linux,maj:Linux_OTHER,maj:Linux_OTHER,maj:Linux_OTHER,leaf:Linux_OTHER,leaf:Linux_OTHER,leaf:Linux_OTHER
2222,fam:Linux,fam:Linux,fam:Linux,maj:Linux_OTHER,maj:Linux_OTHER,maj:Linux_OTHER,leaf:Linux_OTHER,leaf:Linux_OTHER,leaf:Linux_OTHER
2223,fam:Linux,fam:Windows,,maj:Linux_OTHER,maj:Windows_7,maj:Linux_Ubuntu|maj:Windows_7,leaf:Linux_OTHER,leaf:Linux_OTHER,leaf:Linux_OTHER|leaf:Windows_10|leaf:Windows_7
2226,fam:Linux,fam:Windows,,maj:Linux_OTHER,maj:Windows_7,maj:Windows_10|maj:Windows_7,leaf:Linux_OTHER,leaf:Linux_OTHER,leaf:Linux_OTHER|leaf:Windows_10
2228,fam:Linux,fam:Linux,fam:Linux,maj:Linux_OTHER,maj:Linux_OTHER,maj:Linux_OTHER,leaf:Linux_OTHER,leaf:Linux_OTHER,leaf:Linux_OTHER
2229,fam:Linux,fam:Windows,,maj:Linux_OTHER,maj:Windows_10,maj:Windows_10,leaf:Linux_OTHER,leaf:Android_10,leaf:Android_10|leaf:macOS_10_11.0
2231,fam:Linux,fam:Linux,fam:Linux,maj:Linux_OTHER,maj:Linux_OTHER,maj:Linux_OTHER,leaf:Linux_OTHER,leaf:Linux_OTHER,leaf:Android_8_0.0|leaf:Linux_OTHER
2233,fam:Linux,fam:Linux,fam:Linux,maj:Linux_OTHER,maj:Linux_OTHER,maj:Linux_OTHER,leaf:Linux_OTHER,leaf:Linux_OTHER,leaf:Linux_OTHER
2234,fam:Linux,fam:Linux,fam:Linux,maj:Linux_OTHER,maj:Linux_OTHER,maj:Linux_OTHER,leaf:Linux_OTHER,leaf:Linux_OTHER,leaf:Linux_OTHER
2237,fam:Linux,fam:Linux,fam:Linux,maj:Linux_OTHER,maj:Linux_OTHER,maj:Linux_OTHER,leaf:Linux_OTHER,leaf:Linux_OTHER,leaf:Linux_OTHER
2238,fam:Linux,fam:Linux,fam:Linux,maj:Linux_OTHER,maj:Linux_OTHER,maj:Linux_OTHER,leaf:Linux_OTHER,leaf:Linux_OTHER,leaf:Linux_OTHER
2239,fam:Linux,fam:Windows,,maj:Linux_OTHER,maj:Linux_OTHER,maj:Linux_OTHER,leaf:Linux_OTHER,leaf:Linux_OTHER,leaf:Linux_OTHER
2241,fam:Linux,fam:Linux,fam:Linux,maj:Linux_OTHER,maj:Linux_OTHER,maj:Linux_OTHER,leaf:Linux_OTHER,leaf:Linux_OTHER,leaf:Linux_OTHER
2242,fam:Linux,fam:Linux,fam:Linux,maj:Linux_OTHER,maj:Linux_OTHER,maj:Linux_OTHER,leaf:Linux_OTHER,leaf:Linux_OTHER,leaf:Linux_OTHER
2246,fam:Linux,fam:Android,,maj:Linux_OTHER,maj:Android_6,maj:Android_6|maj:Windows_XP,leaf:Linux_OTHER,leaf:Android_6_0.0,leaf:Android_6_0.0|leaf:Windows_XP
2248,fam:Linux,fam:Linux,fam:Linux,maj:Linux_OTHER,maj:Linux_OTHER,maj:Linux_OTHER,leaf:Linux_OTHER,leaf:Linux_OTHER,leaf:Linux_OTHER
2249,fam:Linux,fam:Linux,fam:Linux,maj:Linux_OTHER,maj:Linux_OTHER,maj:Linux_OTHER,leaf:Linux_OTHER,leaf:Linux_OTHER,leaf:Linux_OTHER
2250,fam:Linux,fam:Linux,fam:Linux,maj:Linux_OTHER,maj:Linux_OTHER,maj:Linux_OTHER,leaf:Linux_OTHER,leaf:Linux_OTHER,leaf:Linux_OTHER
2251,fam:Linux,fam:Linux,,maj:Linux_OTHER,maj:Linux_OTHER,maj:Linux_OTHER,leaf:Linux_OTHER,leaf:Android_9,leaf:Android_9|leaf:Linux_OTHER
2253,fam:Linux,fam:Android,fam:Android,maj:Linux_OTHER,maj:Android_9,maj:Android_9,leaf:Linux_OTHER,leaf:Android_10,leaf:Android_10|leaf:Android_9
2254,fam:Linux,fam:Android,fam:Android,maj:Linux_OTHER,maj:Android_9,maj:Android_10|maj:Android_9,leaf:Linux_OTHER,leaf:Android_8_0.0,leaf:Android_8_0.0|leaf:Android_9
2255,fam:Linux,fam:Linux,fam:Linux,maj:Linux_OTHER,maj:Linux_OTHER,maj:Linux_OTHER,leaf:Linux_OTHER,leaf:Linux_OTHER,leaf:Linux_OTHER
2259,fam:Linux,fam:Linux,fam:Linux,maj:Linux_OTHER,maj:Linux_OTHER,maj:Linux_OTHER,leaf:Linux_OTHER,leaf:Linux_OTHER,leaf:Linux_OTHER
2260,fam:Linux,fam:Linux,fam:Linux,maj:Linux_OTHER,maj:Linux_OTHER,maj:Linux_OTHER,leaf:Linux_OTHER,leaf:Linux_OTHER,leaf:Linux_OTHER
2261,fam:Linux,fam:Linux,fam:Linux,maj:Linux_OTHER,maj:Linux_Ubuntu,maj:Linux_Ubuntu,leaf:Linux_OTHER,leaf:Linux_Ubuntu,leaf:Linux_OTHER|leaf:Linux_Ubuntu
2262,fam:Linux,fam:Linux,fam:Linux,maj:Linux_OTHER,maj:Linux_OTHER,maj:Linux_OTHER,leaf:Linux_OTHER,leaf:Linux_OTHER,leaf:Linux_OTHER
2267,fam:Linux,fam:Linux,fam:Linux,maj:Linux_OTHER,maj:Linux_OTHER,maj:Linux_OTHER,leaf:Linux_OTHER,leaf:Linux_OTHER,leaf:Linux_OTHER
2268,fam:Linux,fam:Windows,,maj:Linux_OTHER,maj:Linux_OTHER,maj:Linux_OTHER,leaf:Linux_OTHER,leaf:Linux_OTHER,leaf:Linux_OTHER
2275,fam:Linux,fam:Linux,fam:Linux,maj:Linux_OTHER,maj:Linux_OTHER,maj:Linux_OTHER,leaf:Linux_OTHER,leaf:Linux_OTHER,leaf:Linux_OTHER
2279,fam:Linux,fam:Linux,fam:Linux,maj:Linux_OTHER,maj:Linux_OTHER,maj:Linux_OTHER,leaf:Linux_OTHER,leaf:Linux_OTHER,leaf:Linux_OTHER
2280,fam:Linux,fam:Linux,fam:Linux,maj:Linux_OTHER,maj:Linux_OTHER,maj:Linux_OTHER,leaf:Linux_OTHER,leaf:Linux_OTHER,leaf:Linux_OTHER
2285,fam:Linux,fam:Linux,fam:Linux,maj:Linux_OTHER,maj:Linux_OTHER,maj:Linux_OTHER,leaf:Linux_OTHER,leaf:Linux_OTHER,leaf:Linux_OTHER
2286,fam:Linux,fam:Linux,fam:Linux,maj:Linux_OTHER,maj:Linux_Ubuntu,maj:Linux_Ubuntu,leaf:Linux_OTHER,leaf:Linux_Ubuntu,leaf:Linux_OTHER|leaf:Linux_Ubuntu
2287,fam:Linux,fam:Linux,fam:Linux,maj:Linux_OTHER,maj:Linux_OTHER,maj:Linux_OTHER,leaf:Linux_OTHER,leaf:Linux_OTHER,leaf:Linux_OTHER
2289,fam:Linux,fam:Linux,fam:Linux,maj:Linux_OTHER,maj:Linux_OTHER,maj:Linux_OTHER,leaf:Linux_OTHER,leaf:Linux_OTHER,leaf:Linux_OTHER
2293,fam:Linux,fam:Linux,fam:Linux,maj:Linux_OTHER,maj:Linux_OTHER,maj:Linux_OTHER,leaf:Linux_OTHER,leaf:Linux_OTHER,leaf:Linux_OTHER
2295,fam:Linux,fam:Linux,,maj:Linux_OTHER,maj:Linux_OTHER,maj:Linux_OTHER|maj:Windows_10,leaf:Linux_OTHER,leaf:Windows_10,leaf:Linux_OTHER|leaf:Windows_10
2298,fam:Linux,fam:Windows,,maj:Linux_OTHER,maj:Linux_OTHER,maj:Linux_OTHER,leaf:Linux_OTHER,leaf:Windows_10,leaf:Windows_10
2301,fam:Linux,fam:Android,,maj:Linux_OTHER,maj:Android_8,maj:Android_8|maj:Android_9,leaf:Linux_OTHER,leaf:Android_8_0.0,leaf:Android_8_0.0|leaf:Android_8_1.0
2303,fam:Linux,fam:Linux,fam:Linux,maj:Linux_OTHER,maj:Linux_OTHER,maj:Linux_OTHER,leaf:Linux_OTHER,leaf:Linux_OTHER,leaf:Linux_OTHER
2304,fam:Linux,fam:Linux,fam:Linux,maj:Linux_OTHER,maj:Linux_OTHER,maj:Linux_OTHER,leaf:Linux_OTHER,leaf:Linux_OTHER,leaf:Linux_OTHER
2307,fam:Linux,fam:Linux,fam:Linux,maj:Linux_OTHER,maj:Linux_OTHER,maj:Linux_OTHER,leaf:Linux_OTHER,leaf:Linux_OTHER,leaf:Linux_OTHER
2309,fam:Linux,fam:Linux,fam:Linux,maj:Linux_OTHER,maj:Linux_OTHER,maj:Linux_OTHER,leaf:Linux_OTHER,leaf:Linux_OTHER,leaf:Linux_OTHER
2310,fam:Linux,fam:Linux,fam:Linux,maj:Linux_OTHER,maj:Linux_OTHER,maj:Linux_OTHER,leaf:Linux_OTHER,leaf:Linux_OTHER,leaf:Linux_OTHER
2319,fam:Linux,fam:Linux,fam:Linux,maj:Linux_OTHER,maj:Linux_OTHER,maj:Linux_OTHER,leaf:Linux_OTHER,leaf:Linux_OTHER,leaf:Linux_OTHER
2320,fam:Linux,fam:Linux,,maj:Linux_OTHER,maj:Linux_OTHER,maj:Linux_OTHER,leaf:Linux_OTHER,leaf:Linux_OTHER,leaf:Linux_OTHER|leaf:Linux_Ubuntu
2323,fam:Linux,fam:Android,,maj:Linux_OTHER,maj:Android_6,maj:Android_6|maj:Windows_XP,leaf:Linux_OTHER,leaf:Android_6_0.0,leaf:Android_6_0.0|leaf:Windows_XP
2326,fam:Linux,fam:Linux,fam:Linux,maj:Linux_OTHER,maj:Linux_OTHER,maj:Linux_OTHER,leaf:Linux_OTHER,leaf:Linux_OTHER,leaf:Linux_OTHER
2327,fam:Linux,fam:Windows,fam:Windows,maj:Linux_OTHER,maj:Windows_10,maj:Linux_OTHER|maj:Windows_10,leaf:Linux_OTHER,leaf:Linux_OTHER,leaf:Linux_OTHER
2328,fam:Linux,fam:Linux,fam:Linux,maj:Linux_OTHER,maj:Linux_OTHER,maj:Linux_OTHER,leaf:Linux_OTHER,leaf:Linux_OTHER,leaf:Linux_OTHER
2331,fam:Linux,fam:Android,,maj:Linux_OTHER,maj:Android_6,maj:Android_6|maj:Windows_XP,leaf:Linux_OTHER,leaf:Android_6_0.0,leaf:Android_6_0.0|leaf:Windows_XP
2332,fam:Linux,fam:Linux,fam:Linux,maj:Linux_OTHER,maj:Linux_OTHER,maj:Linux_OTHER,leaf:Linux_OTHER,leaf:Linux_OTHER,leaf:Linux_OTHER
2335,fam:Linux,fam:Windows,fam:Windows,maj:Linux_OTHER,maj:Windows_8,maj:Windows_8,leaf:Linux_OTHER,leaf:Windows_7,leaf:Windows_7
2337,fam:Linux,fam:Linux,fam:Linux,maj:Linux_OTHER,maj:Linux_OTHER,maj:Linux_OTHER,leaf:Linux_OTHER,leaf:Linux_OTHER,leaf:Linux_OTHER
2340,fam:Linux,fam:Linux,fam:Linux,maj:Linux_OTHER,maj:Linux_OTHER,maj:Linux_OTHER,leaf:Linux_OTHER,leaf:Linux_OTHER,leaf:Linux_OTHER
2341,fam:Linux,fam:Android,,maj:Linux_OTHER,maj:Android_9,maj:Android_8|maj:Android_9,leaf:Linux_OTHER,leaf:Android_8_0.0,leaf:Android_8_0.0|leaf:Android_9
2345,fam:Linux,fam:Android,fam:Android,maj:Linux_OTHER,maj:Linux_OTHER,maj:Android_9|maj:Linux_OTHER,leaf:Linux_OTHER,leaf:Android_10,leaf:Android_10|leaf:Android_9
2347,fam:Linux,fam:Linux,fam:Linux,maj:Linux_OTHER,maj:Linux_OTHER,maj:Linux_OTHER,leaf:Linux_OTHER,leaf:Linux_OTHER,leaf:Linux_OTHER
2348,fam:Linux,fam:Linux,fam:Linux,maj:Linux_OTHER,maj:Linux_OTHER,maj:Linux_OTHER,leaf:Linux_OTHER,leaf:Linux_OTHER,leaf:Linux_OTHER
2355,fam:Linux,fam:Linux,fam:Linux,maj:Linux_Ubuntu,maj:Linux_Ubuntu,maj:Linux_Ubuntu,leaf:Linux_Ubuntu,leaf:Linux_Ubuntu,leaf:Linux_Ubuntu
2356,fam:Linux,fam:Linux,fam:Linux,maj:Linux_Ubuntu,maj:Linux_OTHER,maj:Linux_OTHER,leaf:Linux_Ubuntu,leaf:Linux_OTHER,leaf:Linux_OTHER
2361,fam:Linux,fam:Linux,,maj:Linux_Ubuntu,maj:Linux_Ubuntu,maj:Linux_Ubuntu,leaf:Linux_Ubuntu,leaf:Linux_Ubuntu,leaf:Linux_OTHER|leaf:Linux_Ubuntu
2362,fam:Linux,fam:Linux,fam:Linux,maj:Linux_Ubuntu,maj:Linux_Ubuntu,maj:Linux_Ubuntu,leaf:Linux_Ubuntu,leaf:Linux_Ubuntu,leaf:Linux_Ubuntu
2366,fam:Linux,fam:Linux,fam:Linux,maj:Linux_Ubuntu,maj:Linux_OTHER,maj:Linux_OTHER,leaf:Linux_Ubuntu,leaf:Linux_OTHER,leaf:Linux_OTHER
2367,fam:Linux,fam:Linux,fam:Linux,maj:Linux_Ubuntu,maj:Linux_Ubuntu,maj:Linux_Ubuntu,leaf:Linux_Ubuntu,leaf:Linux_Ubuntu,leaf:Linux_Ubuntu
2368,fam:Linux,fam:Linux,fam:Linux,maj:Linux_Ubuntu,maj:Linux_Ubuntu,maj:Linux_Ubuntu,leaf:Linux_Ubuntu,leaf:Linux_Ubuntu,leaf:Linux_Ubuntu|leaf:Windows_XP
2374,fam:Linux,fam:Linux,fam:Linux,maj:Linux_Ubuntu,maj:Linux_Ubuntu,maj:Linux_Ubuntu,leaf:Linux_Ubuntu,leaf:Linux_Ubuntu,leaf:Linux_OTHER|leaf:Linux_Ubuntu
2375,fam:Linux,fam:Linux,fam:Linux,maj:Linux_Ubuntu,maj:Linux_Ubuntu,maj:Linux_Ubuntu,leaf:Linux_Ubuntu,leaf:Linux_Ubuntu,leaf:Linux_Ubuntu
2376,fam:Linux,fam:Linux,fam:Linux,maj:Linux_Ubuntu,maj:Linux_Ubuntu,maj:Linux_Ubuntu,leaf:Linux_Ubuntu,leaf:Linux_Ubuntu,leaf:Linux_OTHER|leaf:Linux_Ubuntu
2377,fam:Linux,fam:Linux,fam:Linux,maj:Linux_Ubuntu,maj:Linux_Ubuntu,maj:Linux_Ubuntu,leaf:Linux_Ubuntu,leaf:Linux_Ubuntu,leaf:Linux_OTHER|leaf:Linux_Ubuntu
2378,fam:Linux,fam:Linux,fam:Linux,maj:Linux_Ubuntu,maj:Linux_Ubuntu,maj:Linux_Ubuntu,leaf:Linux_Ubuntu,leaf:Linux_Ubuntu,leaf:Linux_OTHER|leaf:Linux_Ubuntu
2382,fam:Linux,fam:Linux,fam:Linux,maj:Linux_Ubuntu,maj:Linux_Ubuntu,maj:Linux_Ubuntu,leaf:Linux_Ubuntu,leaf:Linux_Ubuntu,leaf:Linux_OTHER|leaf:Linux_Ubuntu
2385,fam:Linux,fam:Linux,fam:Linux,maj:Linux_Ubuntu,maj:Linux_Ubuntu,maj:Linux_Ubuntu,leaf:Linux_Ubuntu,leaf:Linux_Ubuntu,leaf:Linux_Ubuntu
2387,fam:Linux,fam:Linux,fam:Linux,maj:Linux_Ubuntu,maj:Linux_Ubuntu,maj:Linux_Ubuntu,leaf:Linux_Ubuntu,leaf:Linux_Ubuntu,leaf:Linux_OTHER|leaf:Linux_Ubuntu
2390,fam:Linux,fam:Linux,fam:Linux,maj:Linux_Ubuntu,maj:Linux_Ubuntu,maj:Linux_Ubuntu,leaf:Linux_Ubuntu,leaf:Linux_Ubuntu,leaf:Linux_Ubuntu
2392,fam:Linux,fam:Linux,fam:Linux,maj:Linux_Ubuntu,maj:Linux_Ubuntu,maj:Linux_Ubuntu,leaf:Linux_Ubuntu,leaf:Linux_Ubuntu,leaf:Linux_OTHER|leaf:Linux_Ubuntu
2395,fam:Linux,fam:Windows,,maj:Linux_Ubuntu,maj:Windows_7,maj:Linux_Ubuntu|maj:Windows_7,leaf:Linux_Ubuntu,leaf:Linux_OTHER,leaf:Linux_OTHER|leaf:Windows_10|leaf:Windows_7
2396,fam:Linux,fam:Linux,fam:Linux,maj:Linux_Ubuntu,maj:Linux_Ubuntu,maj:Linux_Ubuntu,leaf:Linux_Ubuntu,leaf:Linux_Ubuntu,leaf:Linux_Ubuntu
2397,fam:Linux,fam:Linux,fam:Linux,maj:Linux_Ubuntu,maj:Linux_Ubuntu,maj:Linux_Ubuntu,leaf:Linux_Ubuntu,leaf:Linux_Ubuntu,leaf:Linux_OTHER|leaf:Linux_Ubuntu
2398,fam:Linux,fam:Linux,fam:Linux,maj:Linux_Ubuntu,maj:Linux_Ubuntu,maj:Linux_OTHER|maj:Linux_Ubuntu,leaf:Linux_Ubuntu,leaf:Linux_Ubuntu,leaf:Linux_Ubuntu
2401,fam:Linux,fam:Linux,,maj:Linux_Ubuntu,maj:Linux_Ubuntu,maj:Linux_Ubuntu,leaf:Linux_Ubuntu,leaf:Linux_Ubuntu,leaf:Linux_Ubuntu|leaf:Windows_10
2402,fam:Linux,fam:Linux,fam:Linux,maj:Linux_Ubuntu,maj:Linux_Ubuntu,maj:Linux_Ubuntu,leaf:Linux_Ubuntu,leaf:Linux_Ubuntu,leaf:Linux_Ubuntu|leaf:Windows_XP
2403,fam:Linux,fam:macOS,,maj:Linux_Ubuntu,maj:macOS_10,maj:macOS_10,leaf:Linux_Ubuntu,leaf:macOS_10_13.0,leaf:macOS_10_13.0
2404,fam:Linux,fam:Linux,fam:Linux,maj:Linux_Ubuntu,maj:Linux_Ubuntu,maj:Linux_Ubuntu,leaf:Linux_Ubuntu,leaf:Linux_Ubuntu,leaf:Linux_OTHER|leaf:Linux_Ubuntu
2407,fam:Linux,fam:Linux,fam:Linux,maj:Linux_Ubuntu,maj:Linux_Ubuntu,maj:Linux_Ubuntu,leaf:Linux_Ubuntu,leaf:Linux_Ubuntu,leaf:Linux_OTHER|leaf:Linux_Ubuntu
2410,fam:Linux,fam:Linux,fam:Linux,maj:Linux_Ubuntu,maj:Linux_Ubuntu,maj:Linux_Ubuntu,leaf:Linux_Ubuntu,leaf:Linux_OTHER,leaf:Linux_OTHER
2412,fam:Linux,fam:Linux,fam:Linux,maj:Linux_Ubuntu,maj:Linux_Ubuntu,maj:Linux_Ubuntu,leaf:Linux_Ubuntu,leaf:Linux_Ubuntu,leaf:Linux_Ubuntu
2414,fam:Linux,fam:Linux,fam:Linux,maj:Linux_Ubuntu,maj:Linux_Ubuntu,maj:Linux_Ubuntu,leaf:Linux_Ubuntu,leaf:Linux_Ubuntu,leaf:Linux_Ubuntu
2416,fam:Linux,fam:Linux,fam:Linux,maj:Linux_Ubuntu,maj:Linux_Ubuntu,maj:Linux_Ubuntu,leaf:Linux_Ubuntu,leaf:Linux_Ubuntu,leaf:Linux_Ubuntu
2417,fam:Linux,fam:Linux,fam:Linux,maj:Linux_Ubuntu,maj:Linux_Ubuntu,maj:Linux_Ubuntu,leaf:Linux_Ubuntu,leaf:Linux_Ubuntu,leaf:Linux_OTHER|leaf:Linux_Ubuntu
2421,fam:Linux,fam:Linux,fam:Linux,maj:Linux_Ubuntu,maj:Linux_Ubuntu,maj:Linux_Ubuntu,leaf:Linux_Ubuntu,leaf:Linux_Ubuntu,leaf:Linux_Ubuntu
2423,fam:Linux,fam:Linux,fam:Linux,maj:Linux_Ubuntu,maj:Linux_Ubuntu,maj:Linux_Ubuntu,leaf:Linux_Ubuntu,leaf:Linux_Ubuntu,leaf:Linux_OTHER|leaf:Linux_Ubuntu
2424,fam:Linux,fam:Linux,fam:Linux,maj:Linux_Ubuntu,maj:Linux_Ubuntu,maj:Linux_Ubuntu,leaf:Linux_Ubuntu,leaf:Linux_Ubuntu,leaf:Linux_Ubuntu
2425,fam:Linux,fam:Linux,fam:Linux,maj:Linux_Ubuntu,maj:Linux_Ubuntu,maj:Linux_Ubuntu,leaf:Linux_Ubuntu,leaf:Linux_Ubuntu,leaf:Linux_Ubuntu
2426,fam:Linux,fam:Linux,fam:Linux,maj:Linux_Ubuntu,maj:Linux_Ubuntu,maj:Linux_Ubuntu,leaf:Linux_Ubuntu,leaf:Linux_Ubuntu,leaf:Linux_Ubuntu
2429,fam:Linux,fam:Linux,fam:Linux,maj:Linux_Ubuntu,maj:Linux_Ubuntu,maj:Linux_Ubuntu,leaf:Linux_Ubuntu,leaf:Linux_Ubuntu,leaf:Linux_Ubuntu
2430,fam:Linux,fam:Linux,fam:Linux,maj:Linux_Ubuntu,maj:Linux_Ubuntu,maj:Linux_Ubuntu,leaf:Linux_Ubuntu,leaf:Linux_Ubuntu,leaf:Linux_Ubuntu
2432,fam:Linux,fam:Linux,fam:Linux,maj:Linux_Ubuntu,maj:Linux_Ubuntu,maj:Linux_Ubuntu,leaf:Linux_Ubuntu,leaf:Linux_Ubuntu,leaf:Linux_Ubuntu
2435,fam:Linux,fam:Linux,fam:Linux,maj:Linux_Ubuntu,maj:Linux_Ubuntu,maj:Linux_Ubuntu,leaf:Linux_Ubuntu,leaf:Linux_Ubuntu,leaf:Linux_Ubuntu
2436,fam:Linux,fam:Linux,fam:Linux,maj:Linux_Ubuntu,maj:Linux_Ubuntu,maj:Linux_Ubuntu,leaf:Linux_Ubuntu,leaf:Linux_Ubuntu,leaf:Linux_OTHER|leaf:Linux_Ubuntu
2437,fam:Linux,fam:Linux,fam:Linux,maj:Linux_Ubuntu,maj:Linux_Ubuntu,maj:Linux_Ubuntu,leaf:Linux_Ubuntu,leaf:Linux_Ubuntu,leaf:Linux_OTHER|leaf:Linux_Ubuntu
2439,fam:Linux,fam:Linux,fam:Linux,maj:Linux_Ubuntu,maj:Linux_Ubuntu,maj:Linux_Ubuntu,leaf:Linux_Ubuntu,leaf:Linux_Ubuntu,leaf:Linux_OTHER|leaf:Linux_Ubuntu
2440,fam:Linux,fam:Linux,fam:Linux,maj:Linux_Ubuntu,maj:Linux_OTHER,maj:Linux_OTHER,leaf:Linux_Ubuntu,leaf:Linux_OTHER,leaf:Linux_OTHER
2441,fam:Linux,fam:Linux,fam:Linux,maj:Linux_Ubuntu,maj:Linux_OTHER,maj:Linux_OTHER,leaf:Linux_Ubuntu,leaf:Linux_OTHER,leaf:Linux_OTHER|leaf:Linux_Ubuntu
2446,fam:Linux,fam:Linux,fam:Linux,maj:Linux_Ubuntu,maj:Linux_Ubuntu,maj:Linux_Ubuntu,leaf:Linux_Ubuntu,leaf:Linux_Ubuntu,leaf:Linux_Ubuntu
2447,fam:Linux,fam:Linux,fam:Linux,maj:Linux_Ubuntu,maj:Linux_Ubuntu,maj:Linux_Ubuntu,leaf:Linux_Ubuntu,leaf:Linux_Ubuntu,leaf:Linux_OTHER|leaf:Linux_Ubuntu
2448,fam:Linux,fam:Linux,fam:Linux,maj:Linux_Ubuntu,maj:Linux_Ubuntu,maj:Linux_OTHER|maj:Linux_Ubuntu,leaf:Linux_Ubuntu,leaf:Linux_Ubuntu,leaf:Linux_Ubuntu
2454,fam:Windows,fam:Windows,fam:Windows,maj:Windows_10,maj:Windows_10,maj:Windows_10,leaf:Windows_10,leaf:Windows_10,leaf:Windows_10
2455,fam:Windows,fam:Windows,fam:Windows,maj:Windows_10,maj:Windows_10,maj:Windows_10,leaf:Windows_10,leaf:Windows_10,leaf:Windows_10
2456,fam:Windows,fam:Windows,fam:Windows,maj:Windows_10,maj:Windows_10,maj:Windows_10,leaf:Windows_10,leaf:Windows_10,leaf:Windows_10
2457,fam:Windows,fam:Windows,fam:Windows,maj:Windows_10,maj:Windows_10,maj:Windows_10,leaf:Windows_10,leaf:Windows_10,leaf:Windows_10
2460,fam:Windows,fam:Windows,fam:Windows,maj:Windows_10,maj:Windows_10,maj:Windows_10,leaf:Windows_10,leaf:Windows_10,leaf:Windows_10
2461,fam:Windows,fam:Windows,fam:Windows,maj:Windows_10,maj:Windows_10,maj:Windows_10,leaf:Windows_10,leaf:Windows_10,leaf:Windows_10
2462,fam:Windows,fam:Windows,fam:Windows,maj:Windows_10,maj:Windows_10,maj:Windows_10,leaf:Windows_10,leaf:Windows_10,leaf:Windows_10
2466,fam:Windows,fam:Windows,fam:Windows,maj:Windows_10,maj:Windows_10,maj:Windows_10,leaf:Windows_10,leaf:Windows_10,leaf:Windows_10
2470,fam:Windows,fam:Windows,fam:Windows,maj:Windows_10,maj:Windows_10,maj:Windows_10,leaf:Windows_10,leaf:Windows_10,leaf:Windows_10
2471,fam:Windows,fam:Windows,fam:Windows,maj:Windows_10,maj:Windows_10,maj:Windows_10,leaf:Windows_10,leaf:Windows_10,leaf:Windows_10
2472,fam:Windows,fam:Windows,fam:Windows,maj:Windows_10,maj:Windows_10,maj:Windows_10,leaf:Windows_10,leaf:Windows_10,leaf:Windows_10
2474,fam:Windows,fam:Windows,fam:Windows,maj:Windows_10,maj:Windows_10,maj:Windows_10,leaf:Windows_10,leaf:Windows_10,leaf:Windows_10
2476,fam:Windows,fam:Windows,fam:Windows,maj:Windows_10,maj:Windows_10,maj:Windows_10,leaf:Windows_10,leaf:Windows_10,leaf:Windows_10
2477,fam:Windows,fam:Windows,fam:Windows,maj:Windows_10,maj:Windows_10,maj:Windows_10,leaf:Windows_10,leaf:Windows_10,leaf:Windows_10
2480,fam:Windows,fam:macOS,,maj:Windows_10,maj:Windows_8,maj:Windows_8,leaf:Windows_10,leaf:macOS_10_10.0,leaf:macOS_10_10.0
2482,fam:Windows,fam:Windows,fam:Windows,maj:Windows_10,maj:Windows_10,maj:Windows_10,leaf:Windows_10,leaf:Windows_10,leaf:Windows_10
2484,fam:Windows,fam:Windows,fam:Windows,maj:Windows_10,maj:Windows_10,maj:Windows_10,leaf:Windows_10,leaf:Windows_10,leaf:Windows_10
2488,fam:Windows,fam:Windows,fam:Windows,maj:Windows_10,maj:Windows_10,maj:Windows_10,leaf:Windows_10,leaf:Windows_10,leaf:Windows_10
2490,fam:Windows,fam:Windows,fam:Windows,maj:Windows_10,maj:Windows_10,maj:Windows_10,leaf:Windows_10,leaf:Windows_10,leaf:Windows_10
2491,fam:Windows,fam:Windows,fam:Windows,maj:Windows_10,maj:Windows_10,maj:Windows_10,leaf:Windows_10,leaf:Windows_10,leaf:Windows_10
2498,fam:Windows,fam:Windows,fam:Windows,maj:Windows_10,maj:Windows_10,maj:Windows_10,leaf:Windows_10,leaf:Windows_10,leaf:Windows_10
2499,fam:Windows,fam:Windows,fam:Windows,maj:Windows_10,maj:Windows_10,maj:Windows_10,leaf:Windows_10,leaf:Windows_10,leaf:Windows_10
2500,fam:Windows,fam:Android,fam:Android,maj:Windows_10,maj:Android_7,maj:Android_6|maj:Android_7,leaf:Windows_10,leaf:Android_7_0.0,leaf:Android_6_0.0|leaf:Android_7_0.0
2503,fam:Windows,fam:Windows,fam:Windows,maj:Windows_10,maj:Windows_10,maj:Windows_10,leaf:Windows_10,leaf:Windows_XP,leaf:Windows_10|leaf:Windows_XP
2504,fam:Windows,fam:Windows,fam:Windows,maj:Windows_10,maj:Windows_10,maj:Windows_10,leaf:Windows_10,leaf:Windows_10,leaf:Windows_10
2506,fam:Windows,fam:Windows,fam:Windows,maj:Windows_10,maj:Windows_10,maj:Windows_10,leaf:Windows_10,leaf:Windows_10,leaf:Windows_10
2507,fam:Windows,fam:Windows,fam:Windows,maj:Windows_10,maj:Windows_10,maj:Windows_10,leaf:Windows_10,leaf:Windows_10,leaf:Windows_10
2509,fam:Windows,fam:Windows,fam:Windows,maj:Windows_10,maj:Windows_10,maj:Windows_10,leaf:Windows_10,leaf:Windows_8_1.0,leaf:Windows_10|leaf:Windows_8_1.0
2512,fam:Windows,fam:Windows,fam:Windows,maj:Windows_10,maj:Windows_10,maj:Windows_10,leaf:Windows_10,leaf:Windows_10,leaf:Windows_10
2521,fam:Windows,fam:Windows,fam:Windows,maj:Windows_10,maj:Windows_10,maj:Windows_10,leaf:Windows_10,leaf:Windows_10,leaf:Windows_10
2523,fam:Windows,fam:Windows,fam:Windows,maj:Windows_10,maj:Windows_10,maj:Windows_10,leaf:Windows_10,leaf:Windows_10,leaf:Windows_10
2528,fam:Windows,fam:Windows,fam:Windows,maj:Windows_10,maj:Windows_10,maj:Windows_10,leaf:Windows_10,leaf:Windows_10,leaf:Windows_10
2529,fam:Windows,fam:Windows,fam:Windows,maj:Windows_10,maj:Windows_10,maj:Windows_10,leaf:Windows_10,leaf:Windows_10,leaf:Windows_10
2530,fam:Windows,fam:Windows,fam:Windows,maj:Windows_10,maj:Windows_10,maj:Windows_10,leaf:Windows_10,leaf:Windows_10,leaf:Windows_10
2532,fam:Windows,fam:Windows,fam:Windows,maj:Windows_10,maj:Windows_10,maj:Windows_10,leaf:Windows_10,leaf:Windows_10,leaf:Windows_10
2533,fam:Windows,fam:Windows,fam:Windows,maj:Windows_10,maj:Windows_10,maj:Windows_10,leaf:Windows_10,leaf:Windows_10,leaf:Windows_10
2535,fam:Windows,fam:Windows,fam:Windows,maj:Windows_10,maj:Windows_10,maj:Windows_10,leaf:Windows_10,leaf:Windows_10,leaf:Windows_10
2539,fam:Windows,fam:Windows,fam:Windows,maj:Windows_10,maj:Windows_10,maj:Windows_10,leaf:Windows_10,leaf:Windows_10,leaf:Windows_10
2540,fam:Windows,fam:Windows,fam:Windows,maj:Windows_10,maj:Windows_8,maj:Windows_8,leaf:Windows_10,leaf:Windows_8_1.0,leaf:Windows_10|leaf:Windows_8_1.0
2545,fam:Windows,fam:Windows,fam:Windows,maj:Windows_10,maj:Windows_10,maj:Windows_10,leaf:Windows_10,leaf:Windows_10,leaf:Windows_10
2546,fam:Windows,fam:Windows,fam:Windows,maj:Windows_10,maj:Windows_10,maj:Windows_10,leaf:Windows_10,leaf:Windows_10,leaf:Windows_10
2549,fam:Windows,fam:Windows,fam:Windows,maj:Windows_10,maj:Windows_10,maj:Windows_10,leaf:Windows_10,leaf:Windows_10,leaf:Windows_10
2550,fam:Windows,fam:Windows,fam:Windows,maj:Windows_10,maj:Windows_10,maj:Windows_10,leaf:Windows_10,leaf:Windows_10,leaf:Windows_10
2553,fam:Windows,fam:Windows,fam:Windows,maj:Windows_10,maj:Windows_10,maj:Windows_10,leaf:Windows_10,leaf:Windows_10,leaf:Windows_10
2555,fam:Windows,fam:Windows,fam:Windows,maj:Windows_10,maj:Windows_10,maj:Windows_10,leaf:Windows_10,leaf:Windows_10,leaf:Windows_10
2556,fam:Windows,fam:Windows,fam:Windows,maj:Windows_10,maj:Windows_10,maj:Windows_10,leaf:Windows_10,leaf:Windows_10,leaf:Windows_10
2558,fam:Windows,fam:Windows,fam:Windows,maj:Windows_10,maj:Windows_10,maj:Windows_10,leaf:Windows_10,leaf:Windows_10,leaf:Windows_10
2560,fam:Windows,fam:Windows,fam:Windows,maj:Windows_10,maj:Windows_10,maj:Windows_10,leaf:Windows_10,leaf:Windows_10,leaf:Windows_10
2562,fam:Windows,fam:Windows,fam:Windows,maj:Windows_10,maj:Windows_10,maj:Windows_10,leaf:Windows_10,leaf:Windows_10,leaf:Windows_10
2565,fam:Windows,fam:Windows,fam:Windows,maj:Windows_10,maj:Windows_10,maj:Windows_10,leaf:Windows_10,leaf:Windows_10,leaf:Windows_10
2566,fam:Windows,fam:Windows,fam:Windows,maj:Windows_10,maj:Windows_8,maj:Windows_8,leaf:Windows_10,leaf:Windows_8_1.0,leaf:Windows_7|leaf:Windows_8_1.0
2567,fam:Windows,fam:Windows,fam:Windows,maj:Windows_10,maj:Windows_10,maj:Windows_10,leaf:Windows_10,leaf:Windows_10,leaf:Windows_10
2568,fam:Windows,fam:Windows,fam:Windows,maj:Windows_10,maj:Windows_10,maj:Windows_10,leaf:Windows_10,leaf:Windows_10,leaf:Windows_10
2569,fam:Windows,fam:Windows,fam:Windows,maj:Windows_10,maj:Windows_10,maj:Windows_10,leaf:Windows_10,leaf:Windows_10,leaf:Windows_10
2570,fam:Windows,fam:Windows,fam:Windows,maj:Windows_10,maj:Windows_10,maj:Windows_10,leaf:Windows_10,leaf:Windows_10,leaf:Windows_10
2571,fam:Windows,fam:Windows,fam:Windows,maj:Windows_10,maj:Windows_10,maj:Windows_10,leaf:Windows_10,leaf:Windows_10,leaf:Windows_10
2572,fam:Windows,fam:Windows,fam:Windows,maj:Windows_10,maj:Windows_10,maj:Windows_10,leaf:Windows_10,leaf:Windows_10,leaf:Windows_10
2573,fam:Windows,fam:Windows,fam:Windows,maj:Windows_10,maj:Windows_10,maj:Windows_10,leaf:Windows_10,leaf:Windows_10,leaf:Windows_10
2575,fam:Windows,fam:Windows,fam:Windows,maj:Windows_10,maj:Windows_10,maj:Windows_10,leaf:Windows_10,leaf:Windows_10,leaf:Windows_10
2576,fam:Windows,fam:Android,,maj:Windows_10,maj:Android_8,maj:Android_8,leaf:Windows_10,leaf:Android_8_0.0,leaf:Android_8_0.0|leaf:Android_9
2577,fam:Windows,fam:Windows,fam:Windows,maj:Windows_10,maj:Windows_10,maj:Windows_10,leaf:Windows_10,leaf:Windows_10,leaf:Windows_10
2579,fam:Windows,fam:Windows,fam:Windows,maj:Windows_10,maj:Windows_10,maj:Windows_10,leaf:Windows_10,leaf:Windows_10,leaf:Windows_10
2584,fam:Windows,fam:Windows,fam:Windows,maj:Windows_10,maj:Windows_10,maj:Windows_10,leaf:Windows_10,leaf:Windows_10,leaf:Windows_10
2585,fam:Windows,fam:Windows,fam:Windows,maj:Windows_10,maj:Windows_10,maj:Windows_10,leaf:Windows_10,leaf:Windows_10,leaf:Windows_10
2588,fam:Windows,fam:Windows,fam:Windows,maj:Windows_10,maj:Windows_10,maj:Windows_10,leaf:Windows_10,leaf:Windows_10,leaf:Windows_10
2597,fam:Windows,fam:Windows,fam:Windows,maj:Windows_10,maj:Windows_10,maj:Windows_10,leaf:Windows_10,leaf:Windows_10,leaf:Windows_10
2598,fam:Windows,fam:Windows,fam:Windows,maj:Windows_10,maj:Windows_10,maj:Windows_10,leaf:Windows_10,leaf:Windows_10,leaf:Windows_10
2599,fam:Windows,fam:Windows,fam:Windows,maj:Windows_10,maj:Windows_10,maj:Windows_10,leaf:Windows_10,leaf:Windows_10,leaf:Windows_10
2601,fam:Windows,fam:Windows,fam:Windows,maj:Windows_10,maj:Windows_10,maj:Windows_10,leaf:Windows_10,leaf:Windows_10,leaf:Windows_10
2607,fam:Windows,fam:Windows,fam:Windows,maj:Windows_10,maj:Windows_10,maj:Windows_10,leaf:Windows_10,leaf:Windows_10,leaf:Windows_10
2608,fam:Windows,fam:Windows,fam:Windows,maj:Windows_10,maj:Windows_10,maj:Windows_10,leaf:Windows_10,leaf:Windows_10,leaf:Windows_10
2609,fam:Windows,fam:Windows,fam:Windows,maj:Windows_10,maj:Windows_10,maj:Windows_10,leaf:Windows_10,leaf:Windows_10,leaf:Windows_10
2610,fam:Windows,fam:Windows,fam:Windows,maj:Windows_10,maj:Windows_10,maj:Windows_10,leaf:Windows_10,leaf:Windows_10,leaf:Windows_10
2614,fam:Windows,fam:Windows,,maj:Windows_10,maj:Android_7,maj:Android_7,leaf:Windows_10,leaf:Android_9,leaf:Android_8_0.0|leaf:Android_9
2615,fam:Windows,fam:Windows,fam:Windows,maj:Windows_10,maj:Windows_10,maj:Windows_10,leaf:Windows_10,leaf:Windows_10,leaf:Windows_10
2616,fam:Windows,fam:Windows,fam:Windows,maj:Windows_10,maj:Windows_10,maj:Windows_10,leaf:Windows_10,leaf:Windows_10,leaf:Windows_10
2618,fam:Windows,fam:Windows,fam:Windows,maj:Windows_10,maj:Windows_10,maj:Windows_10,leaf:Windows_10,leaf:Windows_10,leaf:Windows_10
2623,fam:Windows,fam:Windows,fam:Windows,maj:Windows_10,maj:Windows_10,maj:Windows_10,leaf:Windows_10,leaf:Windows_10,leaf:Windows_10
2626,fam:Windows,fam:Windows,fam:Windows,maj:Windows_10,maj:Windows_10,maj:Windows_10,leaf:Windows_10,leaf:Windows_10,leaf:Windows_10
2628,fam:Windows,fam:Windows,fam:Windows,maj:Windows_10,maj:Windows_10,maj:Windows_10,leaf:Windows_10,leaf:Windows_10,leaf:Windows_10
2629,fam:Windows,fam:Windows,fam:Windows,maj:Windows_10,maj:Windows_10,maj:Windows_10,leaf:Windows_10,leaf:Windows_10,leaf:Windows_10
2631,fam:Windows,fam:Windows,fam:Windows,maj:Windows_10,maj:Windows_10,maj:Windows_10,leaf:Windows_10,leaf:Windows_10,leaf:Windows_10
2634,fam:Windows,fam:Windows,fam:Windows,maj:Windows_10,maj:Windows_10,maj:Windows_10,leaf:Windows_10,leaf:Windows_10,leaf:Windows_10
2635,fam:Windows,fam:Windows,fam:Windows,maj:Windows_10,maj:Windows_10,maj:Windows_10,leaf:Windows_10,leaf:Windows_10,leaf:Windows_10
2636,fam:Windows,fam:Windows,fam:Windows,maj:Windows_10,maj:Windows_10,maj:Windows_10,leaf:Windows_10,leaf:Windows_10,leaf:Windows_10
2638,fam:Windows,fam:Windows,fam:Windows,maj:Windows_10,maj:Windows_10,maj:Windows_10,leaf:Windows_10,leaf:Windows_10,leaf:Windows_10
2639,fam:Windows,fam:Windows,fam:Windows,maj:Windows_10,maj:Windows_10,maj:Windows_10,leaf:Windows_10,leaf:Windows_10,leaf:Windows_10
2640,fam:Windows,fam:Windows,fam:Windows,maj:Windows_10,maj:Windows_10,maj:Windows_10,leaf:Windows_10,leaf:Windows_10,leaf:Windows_10
2641,fam:Windows,fam:Windows,fam:Windows,maj:Windows_10,maj:Windows_10,maj:Windows_10,leaf:Windows_10,leaf:Windows_10,leaf:Windows_10
2642,fam:Windows,fam:Windows,fam:Windows,maj:Windows_10,maj:Windows_10,maj:Windows_10,leaf:Windows_10,leaf:Windows_10,leaf:Windows_10
2643,fam:Windows,fam:Windows,fam:Windows,maj:Windows_10,maj:Windows_10,maj:Windows_10,leaf:Windows_10,leaf:Windows_10,leaf:Windows_10
2645,fam:Windows,fam:Windows,fam:Windows,maj:Windows_10,maj:Windows_10,maj:Windows_10,leaf:Windows_10,leaf:Windows_10,leaf:Windows_10
2647,fam:Windows,fam:Windows,fam:Windows,maj:Windows_10,maj:Windows_10,maj:Windows_10,leaf:Windows_10,leaf:Windows_10,leaf:Windows_10
2649,fam:Windows,fam:Windows,fam:Windows,maj:Windows_10,maj:Windows_10,maj:Windows_10,leaf:Windows_10,leaf:Windows_10,leaf:Windows_10
2651,fam:Windows,fam:Windows,fam:Windows,maj:Windows_10,maj:Windows_10,maj:Windows_10,leaf:Windows_10,leaf:Windows_10,leaf:Windows_10
2653,fam:Windows,fam:Windows,fam:Windows,maj:Windows_10,maj:Windows_10,maj:Windows_10,leaf:Windows_10,leaf:Windows_10,leaf:Windows_10
2656,fam:Windows,fam:Windows,fam:Windows,maj:Windows_10,maj:Windows_10,maj:Windows_10,leaf:Windows_10,leaf:Windows_10,leaf:Windows_10
2659,fam:Windows,fam:Windows,fam:Windows,maj:Windows_10,maj:Windows_10,maj:Windows_10,leaf:Windows_10,leaf:Windows_10,leaf:Windows_10
2660,fam:Windows,fam:Windows,fam:Windows,maj:Windows_10,maj:Windows_10,maj:Windows_10,leaf:Windows_10,leaf:Windows_10,leaf:Windows_10
2661,fam:Windows,fam:Windows,fam:Windows,maj:Windows_10,maj:Windows_10,maj:Windows_10,leaf:Windows_10,leaf:Windows_10,leaf:Windows_10
2666,fam:Windows,fam:Windows,fam:Windows,maj:Windows_10,maj:Windows_10,maj:Windows_10,leaf:Windows_10,leaf:Windows_10,leaf:Windows_10
2670,fam:Windows,fam:Windows,fam:Windows,maj:Windows_10,maj:Windows_10,maj:Windows_10,leaf:Windows_10,leaf:Windows_10,leaf:Windows_10
2671,fam:Windows,fam:Windows,fam:Windows,maj:Windows_10,maj:Windows_7,maj:Windows_10|maj:Windows_7,leaf:Windows_10,leaf:Windows_10,leaf:Windows_10
2677,fam:Windows,fam:Windows,fam:Windows,maj:Windows_10,maj:Windows_10,maj:Windows_10,leaf:Windows_10,leaf:Android_7_1.0,leaf:Android_7_1.0|leaf:Windows_10
2679,fam:Windows,fam:Windows,fam:Windows,maj:Windows_10,maj:Windows_10,maj:Windows_10,leaf:Windows_10,leaf:Windows_10,leaf:Windows_10
2682,fam:Windows,fam:Windows,fam:Windows,maj:Windows_10,maj:Windows_10,maj:Windows_10,leaf:Windows_10,leaf:Windows_10,leaf:Windows_10
2683,fam:Windows,fam:Windows,fam:Windows,maj:Windows_10,maj:Windows_10,maj:Windows_10,leaf:Windows_10,leaf:Windows_10,leaf:Windows_10
2685,fam:Windows,fam:Windows,fam:Windows,maj:Windows_10,maj:Windows_10,maj:Windows_10,leaf:Windows_10,leaf:Windows_10,leaf:Windows_10
2686,fam:Windows,fam:Windows,fam:Windows,maj:Windows_10,maj:Windows_10,maj:Windows_10,leaf:Windows_10,leaf:Windows_8_1.0,leaf:Windows_8_1.0
2687,fam:Windows,fam:Windows,fam:Windows,maj:Windows_10,maj:Windows_10,maj:Windows_10,leaf:Windows_10,leaf:Windows_10,leaf:Windows_10
2688,fam:Windows,fam:Windows,fam:Windows,maj:Windows_10,maj:Windows_10,maj:Windows_10,leaf:Windows_10,leaf:Windows_10,leaf:Windows_10
2689,fam:Windows,fam:Windows,fam:Windows,maj:Windows_10,maj:Windows_10,maj:Windows_10,leaf:Windows_10,leaf:Windows_10,leaf:Windows_10
2691,fam:Windows,fam:Windows,fam:Windows,maj:Windows_10,maj:Windows_10,maj:Windows_10,leaf:Windows_10,leaf:Windows_10,leaf:Windows_10
2692,fam:Windows,fam:Windows,fam:Windows,maj:Windows_10,maj:Windows_10,maj:Windows_10,leaf:Windows_10,leaf:Windows_10,leaf:Windows_10
2697,fam:Windows,fam:Windows,fam:Windows,maj:Windows_10,maj:Windows_10,maj:Windows_10,leaf:Windows_10,leaf:Windows_10,leaf:Windows_10
2699,fam:Windows,fam:Windows,fam:Windows,maj:Windows_10,maj:Windows_10,maj:Windows_10,leaf:Windows_10,leaf:Windows_10,leaf:Windows_10
2700,fam:Windows,fam:Windows,fam:Windows,maj:Windows_10,maj:Windows_10,maj:Windows_10,leaf:Windows_10,leaf:Windows_10,leaf:Windows_10
2701,fam:Windows,fam:Windows,fam:Windows,maj:Windows_10,maj:Windows_10,maj:Windows_10,leaf:Windows_10,leaf:Windows_10,leaf:Windows_10
2702,fam:Windows,fam:Windows,fam:Windows,maj:Windows_10,maj:Windows_10,maj:Windows_10,leaf:Windows_10,leaf:Windows_10,leaf:Windows_10
2703,fam:Windows,fam:Windows,fam:Windows,maj:Windows_10,maj:Windows_10,maj:Windows_10,leaf:Windows_10,leaf:Windows_10,leaf:Windows_10
2705,fam:Windows,fam:Windows,fam:Windows,maj:Windows_10,maj:Windows_10,maj:Windows_10,leaf:Windows_10,leaf:Windows_10,leaf:Windows_10
2706,fam:Windows,fam:Windows,fam:Windows,maj:Windows_10,maj:Windows_10,maj:Windows_10,leaf:Windows_10,leaf:Windows_10,leaf:Windows_10
2707,fam:Windows,fam:Windows,fam:Windows,maj:Windows_10,maj:Windows_10,maj:Windows_10,leaf:Windows_10,leaf:Windows_10,leaf:Windows_10
2709,fam:Windows,fam:Windows,fam:Windows,maj:Windows_10,maj:Windows_10,maj:Windows_10,leaf:Windows_10,leaf:Windows_10,leaf:Windows_10
2713,fam:Windows,fam:Windows,fam:Windows,maj:Windows_10,maj:Windows_10,maj:Windows_10,leaf:Windows_10,leaf:Windows_10,leaf:Windows_10
2715,fam:Windows,fam:Windows,fam:Windows,maj:Windows_10,maj:Windows_10,maj:Windows_10,leaf:Windows_10,leaf:Android_4_4.0,leaf:Android_4_4.0
2716,fam:Windows,fam:Windows,fam:Windows,maj:Windows_10,maj:Windows_10,maj:Windows_10,leaf:Windows_10,leaf:Windows_10,leaf:Windows_10
2718,fam:Windows,fam:Windows,fam:Windows,maj:Windows_10,maj:Windows_10,maj:Windows_10,leaf:Windows_10,leaf:Windows_10,leaf:Windows_10
2719,fam:Windows,fam:Windows,fam:Windows,maj:Windows_10,maj:Windows_10,maj:Windows_10,leaf:Windows_10,leaf:Windows_10,leaf:Windows_10
2720,fam:Windows,fam:Android,,maj:Windows_10,maj:Android_8,maj:Android_8|maj:Android_9,leaf:Windows_10,leaf:Android_8_0.0,leaf:Android_8_0.0|leaf:Android_9
2721,fam:Windows,fam:Windows,fam:Windows,maj:Windows_10,maj:Windows_10,maj:Windows_10,leaf:Windows_10,leaf:Windows_10,leaf:Windows_10
2722,fam:Windows,fam:Windows,fam:Windows,maj:Windows_10,maj:Windows_10,maj:Windows_10,leaf:Windows_10,leaf:Windows_10,leaf:Windows_10
2724,fam:Windows,fam:Windows,fam:Windows,maj:Windows_10,maj:Windows_10,maj:Windows_10,leaf:Windows_10,leaf:Windows_10,leaf:Windows_10
2725,fam:Windows,fam:Windows,fam:Windows,maj:Windows_10,maj:Windows_10,maj:Windows_10,leaf:Windows_10,leaf:Windows_10,leaf:Windows_10
2728,fam:Windows,fam:Windows,fam:Windows,maj:Windows_10,maj:Windows_10,maj:Windows_10,leaf:Windows_10,leaf:Windows_10,leaf:Windows_10
2729,fam:Windows,fam:Windows,fam:Windows,maj:Windows_10,maj:Windows_10,maj:Windows_10,leaf:Windows_10,leaf:Windows_10,leaf:Windows_10
2730,fam:Windows,fam:Windows,fam:Windows,maj:Windows_10,maj:Windows_10,maj:Windows_10,leaf:Windows_10,leaf:Windows_10,leaf:Windows_10
2737,fam:Windows,fam:Windows,fam:Windows,maj:Windows_10,maj:Windows_10,maj:Windows_10,leaf:Windows_10,leaf:Windows_10,leaf:Windows_10
2739,fam:Windows,fam:Windows,fam:Windows,maj:Windows_10,maj:Windows_10,maj:Windows_10,leaf:Windows_10,leaf:Windows_10,leaf:Windows_10
2740,fam:Windows,fam:Windows,fam:Windows,maj:Windows_10,maj:Windows_10,maj:Windows_10,leaf:Windows_10,leaf:Windows_10,leaf:Windows_10
2742,fam:Windows,fam:Windows,fam:Windows,maj:Windows_10,maj:Windows_10,maj:Windows_10,leaf:Windows_10,leaf:Windows_10,leaf:Windows_10|leaf:Windows_7
2744,fam:Windows,fam:Windows,fam:Windows,maj:Windows_10,maj:Windows_10,maj:Windows_10,leaf:Windows_10,leaf:Windows_10,leaf:Windows_10
2746,fam:Windows,fam:Windows,fam:Windows,maj:Windows_10,maj:Windows_10,maj:Windows_10,leaf:Windows_10,leaf:Windows_10,leaf:Windows_10
2750,fam:Windows,fam:Windows,fam:Windows,maj:Windows_10,maj:Windows_10,maj:Windows_10,leaf:Windows_10,leaf:Windows_10,leaf:Windows_10
2751,fam:Windows,fam:Windows,fam:Windows,maj:Windows_10,maj:Windows_10,maj:Windows_10,leaf:Windows_10,leaf:Windows_10,leaf:Windows_10
2754,fam:Windows,fam:Windows,fam:Windows,maj:Windows_10,maj:Windows_10,maj:Windows_10,leaf:Windows_10,leaf:Windows_10,leaf:Windows_10
2758,fam:Windows,fam:Windows,fam:Windows,maj:Windows_10,maj:Windows_10,maj:Windows_10,leaf:Windows_10,leaf:Windows_10,leaf:Windows_10
2766,fam:Windows,fam:Windows,fam:Windows,maj:Windows_10,maj:Windows_10,maj:Windows_10,leaf:Windows_10,leaf:Windows_10,leaf:Windows_10
2767,fam:Windows,fam:Windows,fam:Windows,maj:Windows_10,maj:Windows_10,maj:Windows_10,leaf:Windows_10,leaf:Windows_10,leaf:Windows_10
2769,fam:Windows,fam:Windows,fam:Windows,maj:Windows_10,maj:Windows_10,maj:Windows_10,leaf:Windows_10,leaf:Windows_10,leaf:Windows_10
2770,fam:Windows,fam:Windows,fam:Windows,maj:Windows_10,maj:Windows_10,maj:Windows_10|maj:Windows_8,leaf:Windows_10,leaf:Windows_10,leaf:Windows_10|leaf:Windows_8_OTHER
2771,fam:Windows,fam:Windows,fam:Windows,maj:Windows_10,maj:Windows_10,maj:Windows_10,leaf:Windows_10,leaf:Windows_10,leaf:Windows_10
2774,fam:Windows,fam:Windows,fam:Windows,maj:Windows_10,maj:Windows_10,maj:Windows_10,leaf:Windows_10,leaf:Windows_10,leaf:Windows_10
2776,fam:Windows,fam:Windows,fam:Windows,maj:Windows_10,maj:Windows_10,maj:Windows_10,leaf:Windows_10,leaf:Windows_10,leaf:Windows_10
2780,fam:Windows,fam:Windows,fam:Windows,maj:Windows_10,maj:Windows_10,maj:Windows_10,leaf:Windows_10,leaf:Windows_10,leaf:Windows_10
2781,fam:Windows,fam:Windows,fam:Windows,maj:Windows_10,maj:Windows_10,maj:Windows_10,leaf:Windows_10,leaf:Windows_10,leaf:Windows_10
2782,fam:Windows,fam:Windows,fam:Windows,maj:Windows_10,maj:Windows_10,maj:Windows_10,leaf:Windows_10,leaf:Windows_10,leaf:Windows_10
2783,fam:Windows,fam:Windows,fam:Windows,maj:Windows_10,maj:Windows_10,maj:Windows_10,leaf:Windows_10,leaf:Windows_10,leaf:Windows_10
2785,fam:Windows,fam:Windows,fam:Windows,maj:Windows_10,maj:Windows_10,maj:Windows_10,leaf:Windows_10,leaf:Windows_10,leaf:Windows_10|leaf:macOS_10_13.0
2786,fam:Windows,fam:Windows,fam:Windows,maj:Windows_10,maj:Windows_10,maj:Windows_10,leaf:Windows_10,leaf:Windows_10,leaf:Windows_10
2790,fam:Windows,fam:Windows,fam:Windows,maj:Windows_10,maj:Windows_10,maj:Windows_10,leaf:Windows_10,leaf:Windows_10,leaf:Windows_10
2791,fam:Windows,fam:Windows,fam:Windows,maj:Windows_10,maj:Windows_10,maj:Windows_10,leaf:Windows_10,leaf:Windows_10,leaf:Windows_10
2792,fam:Windows,fam:Windows,fam:Windows,maj:Windows_10,maj:Windows_10,maj:Windows_10,leaf:Windows_10,leaf:Windows_10,leaf:Windows_10
2793,fam:Windows,fam:Windows,fam:Windows,maj:Windows_10,maj:Windows_10,maj:Windows_10,leaf:Windows_10,leaf:Windows_7,leaf:Windows_7
2794,fam:Windows,fam:Windows,fam:Windows,maj:Windows_10,maj:Windows_10,maj:Windows_10,leaf:Windows_10,leaf:Windows_10,leaf:Windows_10
2795,fam:Windows,fam:Windows,fam:Windows,maj:Windows_10,maj:Windows_10,maj:Windows_10,leaf:Windows_10,leaf:Windows_10,leaf:Windows_10
2796,fam:Windows,fam:Windows,fam:Windows,maj:Windows_10,maj:Windows_10,maj:Windows_10,leaf:Windows_10,leaf:Windows_10,leaf:Windows_10
2798,fam:Windows,fam:Windows,fam:Windows,maj:Windows_10,maj:Windows_10,maj:Windows_10,leaf:Windows_10,leaf:Windows_10,leaf:Windows_10
2799,fam:Windows,fam:Windows,fam:Windows,maj:Windows_10,maj:Windows_10,maj:Windows_10,leaf:Windows_10,leaf:Windows_10,leaf:Windows_10
2800,fam:Windows,fam:Windows,fam:Windows,maj:Windows_10,maj:Windows_10,maj:Windows_10,leaf:Windows_10,leaf:Windows_10,leaf:Windows_10
2804,fam:Windows,fam:Windows,fam:Windows,maj:Windows_10,maj:Windows_10,maj:Windows_10,leaf:Windows_10,leaf:Windows_10,leaf:Windows_10
2806,fam:Windows,fam:Windows,fam:Windows,maj:Windows_10,maj:Windows_10,maj:Windows_10,leaf:Windows_10,leaf:Windows_10,leaf:Windows_10
2809,fam:Windows,fam:Windows,fam:Windows,maj:Windows_10,maj:Windows_10,maj:Windows_10,leaf:Windows_10,leaf:Windows_10,leaf:Windows_10
2810,fam:Windows,fam:Windows,fam:Windows,maj:Windows_10,maj:Windows_10,maj:Windows_10,leaf:Windows_10,leaf:Windows_10,leaf:Windows_10
2813,fam:Windows,fam:Windows,fam:Windows,maj:Windows_10,maj:Windows_10,maj:Windows_10,leaf:Windows_10,leaf:Windows_10,leaf:Windows_10
2814,fam:Windows,fam:Windows,fam:Windows,maj:Windows_10,maj:Windows_7,maj:Windows_10|maj:Windows_7,leaf:Windows_10,leaf:Windows_7,leaf:Windows_7
2816,fam:Windows,fam:Windows,fam:Windows,maj:Windows_10,maj:Windows_10,maj:Windows_10,leaf:Windows_10,leaf:Windows_10,leaf:Windows_10
2824,fam:Windows,fam:Windows,fam:Windows,maj:Windows_10,maj:Windows_10,maj:Windows_10,leaf:Windows_10,leaf:Windows_10,leaf:Windows_10
2826,fam:Windows,fam:Windows,fam:Windows,maj:Windows_10,maj:Windows_10,maj:Windows_10,leaf:Windows_10,leaf:Windows_10,leaf:Windows_10
2827,fam:Windows,fam:Windows,fam:Windows,maj:Windows_10,maj:Windows_10,maj:Windows_10,leaf:Windows_10,leaf:Windows_10,leaf:Windows_10
2831,fam:Windows,fam:Windows,fam:Windows,maj:Windows_10,maj:Windows_10,maj:Windows_10,leaf:Windows_10,leaf:Windows_10,leaf:Windows_10
2832,fam:Windows,fam:Windows,fam:Windows,maj:Windows_10,maj:Windows_10,maj:Windows_10,leaf:Windows_10,leaf:Windows_10,leaf:Windows_10
2833,fam:Windows,fam:Windows,fam:Windows,maj:Windows_10,maj:Windows_10,maj:Windows_10,leaf:Windows_10,leaf:Windows_10,leaf:Windows_10
2835,fam:Windows,fam:Windows,fam:Windows,maj:Windows_10,maj:Windows_10,maj:Windows_10,leaf:Windows_10,leaf:Windows_10,leaf:Windows_10
2836,fam:Windows,fam:Windows,fam:Windows,maj:Windows_10,maj:Windows_10,maj:Windows_10,leaf:Windows_10,leaf:Windows_10,leaf:Windows_10
2839,fam:Windows,fam:Windows,fam:Windows,maj:Windows_10,maj:Windows_10,maj:Windows_10,leaf:Windows_10,leaf:Windows_10,leaf:Windows_10
2840,fam:Windows,fam:Windows,fam:Windows,maj:Windows_10,maj:Windows_10,maj:Windows_10,leaf:Windows_10,leaf:Windows_10,leaf:Windows_10
2844,fam:Windows,fam:Windows,fam:Windows,maj:Windows_10,maj:Windows_10,maj:Windows_10,leaf:Windows_10,leaf:Windows_10,leaf:Windows_10
2845,fam:Windows,fam:Windows,fam:Windows,maj:Windows_10,maj:Windows_10,maj:Windows_10,leaf:Windows_10,leaf:Windows_10,leaf:Windows_10
2846,fam:Windows,fam:Windows,,maj:Windows_10,maj:Android_8,maj:Android_8|maj:Windows_10,leaf:Windows_10,leaf:Android_8_0.0,leaf:Android_8_0.0|leaf:Android_9
2848,fam:Windows,fam:Windows,fam:Windows,maj:Windows_10,maj:Windows_10,maj:Windows_10,leaf:Windows_10,leaf:Windows_10,leaf:Windows_10
2850,fam:Windows,fam:Windows,fam:Windows,maj:Windows_10,maj:Windows_10,maj:Windows_10,leaf:Windows_10,leaf:Windows_10,leaf:Windows_10
2851,fam:Windows,fam:Windows,fam:Windows,maj:Windows_10,maj:Windows_10,maj:Windows_10,leaf:Windows_10,leaf:Windows_10,leaf:Windows_10
2852,fam:Windows,fam:Windows,fam:Windows,maj:Windows_10,maj:Windows_10,maj:Windows_10,leaf:Windows_10,leaf:Windows_10,leaf:Windows_10
2853,fam:Windows,fam:Windows,fam:Windows,maj:Windows_10,maj:Windows_10,maj:Windows_10,leaf:Windows_10,leaf:Windows_10,leaf:Windows_10|leaf:Windows_8_OTHER
2854,fam:Windows,fam:Windows,fam:Windows,maj:Windows_10,maj:Windows_10,maj:Windows_10,leaf:Windows_10,leaf:Windows_10,leaf:Windows_10
2856,fam:Windows,fam:Windows,fam:Windows,maj:Windows_10,maj:Windows_10,maj:Windows_10,leaf:Windows_10,leaf:Windows_10,leaf:Windows_10
2857,fam:Windows,fam:Windows,fam:Windows,maj:Windows_10,maj:Windows_10,maj:Windows_10,leaf:Windows_10,leaf:Windows_10,leaf:Windows_10
2861,fam:Windows,fam:Windows,fam:Windows,maj:Windows_10,maj:Windows_10,maj:Windows_10,leaf:Windows_10,leaf:Windows_10,leaf:Windows_10
2862,fam:Windows,fam:Windows,fam:Windows,maj:Windows_10,maj:Windows_10,maj:Windows_10,leaf:Windows_10,leaf:Windows_10,leaf:Windows_10
2863,fam:Windows,fam:Windows,fam:Windows,maj:Windows_10,maj:Windows_10,maj:Windows_10,leaf:Windows_10,leaf:Windows_10,leaf:Windows_10
2864,fam:Windows,fam:Windows,fam:Windows,maj:Windows_10,maj:Windows_10,maj:Windows_10,leaf:Windows_10,leaf:Windows_10,leaf:Windows_10
2867,fam:Windows,fam:Windows,fam:Windows,maj:Windows_10,maj:Windows_10,maj:Windows_10,leaf:Windows_10,leaf:Windows_10,leaf:Windows_10
2868,fam:Windows,fam:Windows,fam:Windows,maj:Windows_10,maj:Windows_10,maj:Windows_10,leaf:Windows_10,leaf:Windows_10,leaf:Windows_10
2869,fam:Windows,fam:Windows,fam:Windows,maj:Windows_10,maj:Windows_10,maj:Windows_10,leaf:Windows_10,leaf:Windows_10,leaf:Windows_10
2874,fam:Windows,fam:Windows,fam:Windows,maj:Windows_10,maj:Windows_10,maj:Windows_10,leaf:Windows_10,leaf:Windows_10,leaf:Windows_10
2883,fam:Windows,fam:Windows,fam:Windows,maj:Windows_10,maj:Windows_10,maj:Windows_10,leaf:Windows_10,leaf:Windows_10,leaf:Windows_10
2884,fam:Windows,fam:Windows,,maj:Windows_10,maj:Windows_7,maj:Windows_10|maj:Windows_7,leaf:Windows_10,leaf:Linux_OTHER,leaf:Linux_OTHER|leaf:Windows_10
2886,fam:Windows,fam:Windows,,maj:Windows_10,maj:macOS_10,maj:macOS_10,leaf:Windows_10,leaf:Windows_10,leaf:Windows_10|leaf:macOS_10_8.0
2887,fam:Windows,fam:Windows,fam:Windows,maj:Windows_10,maj:Windows_10,maj:Windows_10,leaf:Windows_10,leaf:Windows_10,leaf:Windows_10
2890,fam:Windows,fam:Windows,fam:Windows,maj:Windows_10,maj:Windows_10,maj:Windows_10,leaf:Windows_10,leaf:Windows_10,leaf:Windows_10
2896,fam:Windows,fam:Windows,fam:Windows,maj:Windows_10,maj:Windows_10,maj:Windows_10,leaf:Windows_10,leaf:Windows_10,leaf:Windows_10
2899,fam:Windows,fam:Windows,fam:Windows,maj:Windows_10,maj:Windows_10,maj:Windows_10,leaf:Windows_10,leaf:Windows_10,leaf:Windows_10
2900,fam:Windows,fam:Windows,fam:Windows,maj:Windows_10,maj:Windows_10,maj:Windows_10,leaf:Windows_10,leaf:Windows_10,leaf:Windows_10
2903,fam:Windows,fam:Windows,fam:Windows,maj:Windows_10,maj:Windows_10,maj:Windows_10,leaf:Windows_10,leaf:Windows_10,leaf:Windows_10
2905,fam:Windows,fam:Windows,fam:Windows,maj:Windows_10,maj:Windows_10,maj:Windows_10,leaf:Windows_10,leaf:Windows_10,leaf:Windows_10
2907,fam:Windows,fam:Windows,fam:Windows,maj:Windows_10,maj:Windows_10,maj:Windows_10,leaf:Windows_10,leaf:Windows_10,leaf:Windows_10
2908,fam:Windows,fam:Windows,fam:Windows,maj:Windows_10,maj:Windows_10,maj:Windows_10,leaf:Windows_10,leaf:Windows_10,leaf:Windows_10
2910,fam:Windows,fam:Windows,fam:Windows,maj:Windows_10,maj:Windows_10,maj:Windows_10,leaf:Windows_10,leaf:Windows_10,leaf:Windows_10
2911,fam:Windows,fam:Windows,fam:Windows,maj:Windows_10,maj:Windows_10,maj:Windows_10,leaf:Windows_10,leaf:Windows_10,leaf:Windows_10
2913,fam:Windows,fam:Windows,fam:Windows,maj:Windows_10,maj:Windows_10,maj:Windows_10,leaf:Windows_10,leaf:Windows_10,leaf:Windows_10|leaf:Windows_8_OTHER
2914,fam:Windows,fam:Windows,fam:Windows,maj:Windows_10,maj:Windows_10,maj:Windows_10,leaf:Windows_10,leaf:Windows_10,leaf:Windows_10
2917,fam:Windows,fam:Windows,fam:Windows,maj:Windows_10,maj:Windows_7,maj:Windows_10|maj:Windows_7,leaf:Windows_10,leaf:Windows_10,leaf:Windows_10
2918,fam:Windows,fam:Windows,fam:Windows,maj:Windows_10,maj:Windows_10,maj:Windows_10,leaf:Windows_10,leaf:Windows_10,leaf:Windows_10
2919,fam:Windows,fam:Windows,fam:Windows,maj:Windows_10,maj:Windows_10,maj:Windows_10,leaf:Windows_10,leaf:Windows_10,leaf:Windows_10
2925,fam:Windows,fam:Windows,fam:Windows,maj:Windows_10,maj:Windows_10,maj:Windows_10,leaf:Windows_10,leaf:Windows_10,leaf:Windows_10
2926,fam:Windows,fam:Windows,fam:Windows,maj:Windows_10,maj:Windows_10,maj:Windows_10,leaf:Windows_10,leaf:Windows_10,leaf:Windows_10
2927,fam:Windows,fam:Windows,fam:Windows,maj:Windows_10,maj:Windows_10,maj:Windows_10,leaf:Windows_10,leaf:Windows_10,leaf:Windows_10
2930,fam:Windows,fam:Windows,fam:Windows,maj:Windows_10,maj:Windows_10,maj:Windows_10,leaf:Windows_10,leaf:Windows_10,leaf:Windows_10
2932,fam:Windows,fam:Windows,fam:Windows,maj:Windows_10,maj:Windows_10,maj:Windows_10,leaf:Windows_10,leaf:Windows_10,leaf:Windows_10
2933,fam:Windows,fam:Windows,fam:Windows,maj:Windows_10,maj:Windows_10,maj:Windows_10,leaf:Windows_10,leaf:Windows_10,leaf:Windows_10
2934,fam:Windows,fam:Windows,fam:Windows,maj:Windows_10,maj:Windows_10,maj:Windows_10,leaf:Windows_10,leaf:Windows_10,leaf:Windows_10
2936,fam:Windows,fam:Windows,fam:Windows,maj:Windows_10,maj:Windows_10,maj:Windows_10,leaf:Windows_10,leaf:Windows_10,leaf:Windows_10|leaf:Windows_7
2937,fam:Windows,fam:Windows,fam:Windows,maj:Windows_10,maj:Windows_10,maj:Windows_10,leaf:Windows_10,leaf:Windows_10,leaf:Windows_10|leaf:Windows_8_OTHER
2948,fam:Windows,fam:Windows,fam:Windows,maj:Windows_10,maj:Windows_10,maj:Windows_10,leaf:Windows_10,leaf:Windows_10,leaf:Windows_10
2949,fam:Windows,fam:Windows,fam:Windows,maj:Windows_10,maj:Windows_10,maj:Windows_10,leaf:Windows_10,leaf:Windows_10,leaf:Windows_10
2951,fam:Windows,fam:Windows,fam:Windows,maj:Windows_10,maj:Windows_10,maj:Windows_10,leaf:Windows_10,leaf:Windows_10,leaf:Windows_10
2952,fam:Windows,fam:Windows,fam:Windows,maj:Windows_10,maj:Windows_10,maj:Windows_10,leaf:Windows_10,leaf:Windows_10,leaf:Windows_10
2954,fam:Windows,fam:Windows,fam:Windows,maj:Windows_10,maj:Windows_10,maj:Windows_10,leaf:Windows_10,leaf:Windows_10,leaf:Windows_10
2955,fam:Windows,fam:Windows,fam:Windows,maj:Windows_10,maj:Windows_10,maj:Windows_10,leaf:Windows_10,leaf:Windows_10,leaf:Windows_10
2960,fam:Windows,fam:Windows,fam:Windows,maj:Windows_10,maj:Windows_10,maj:Windows_10,leaf:Windows_10,leaf:Windows_10,leaf:Windows_10
2962,fam:Windows,fam:Windows,fam:Windows,maj:Windows_10,maj:Windows_10,maj:Windows_10,leaf:Windows_10,leaf:Windows_10,leaf:Windows_10
2963,fam:Windows,fam:Windows,fam:Windows,maj:Windows_10,maj:Windows_10,maj:Windows_10,leaf:Windows_10,leaf:Windows_10,leaf:Windows_10
2964,fam:Windows,fam:Windows,fam:Windows,maj:Windows_10,maj:Windows_10,maj:Windows_10,leaf:Windows_10,leaf:Windows_10,leaf:Windows_10
2967,fam:Windows,fam:Windows,fam:Windows,maj:Windows_10,maj:Windows_10,maj:Windows_10,leaf:Windows_10,leaf:Windows_10,leaf:Windows_10
2968,fam:Windows,fam:Linux,,maj:Windows_10,maj:Linux_OTHER,maj:Linux_OTHER,leaf:Windows_10,leaf:Linux_OTHER,leaf:Linux_OTHER
2970,fam:Windows,fam:Windows,fam:Windows,maj:Windows_10,maj:Windows_10,maj:Windows_10,leaf:Windows_10,leaf:Windows_10,leaf:Windows_10
2971,fam:Windows,fam:Windows,fam:Windows,maj:Windows_10,maj:Windows_10,maj:Windows_10,leaf:Windows_10,leaf:Windows_10,leaf:Windows_10
2975,fam:Windows,fam:Windows,fam:Windows,maj:Windows_10,maj:Windows_10,maj:Windows_10,leaf:Windows_10,leaf:Windows_10,leaf:Windows_10
2982,fam:Windows,fam:Windows,fam:Windows,maj:Windows_10,maj:Windows_10,maj:Windows_10,leaf:Windows_10,leaf:Windows_10,leaf:Windows_10
2983,fam:Windows,fam:Windows,fam:Windows,maj:Windows_10,maj:Windows_10,maj:Windows_10,leaf:Windows_10,leaf:Windows_10,leaf:Windows_10
2986,fam:Windows,fam:Windows,fam:Windows,maj:Windows_10,maj:Windows_10,maj:Windows_10,leaf:Windows_10,leaf:Windows_10,leaf:Windows_10
2991,fam:Windows,fam:Windows,fam:Windows,maj:Windows_10,maj:Windows_10,maj:Windows_10,leaf:Windows_10,leaf:Windows_10,leaf:Windows_10
2994,fam:Windows,fam:Windows,fam:Windows,maj:Windows_10,maj:Windows_10,maj:Windows_10|maj:Windows_8,leaf:Windows_10,leaf:Windows_10,leaf:Windows_10|leaf:Windows_8_OTHER
2995,fam:Windows,fam:Windows,fam:Windows,maj:Windows_10,maj:Windows_10,maj:Windows_10,leaf:Windows_10,leaf:Windows_10,leaf:Windows_10
2996,fam:Windows,fam:Windows,fam:Windows,maj:Windows_10,maj:Windows_10,maj:Windows_10,leaf:Windows_10,leaf:Windows_10,leaf:Windows_10
2997,fam:Windows,fam:Windows,fam:Windows,maj:Windows_10,maj:Windows_10,maj:Windows_10,leaf:Windows_10,leaf:Windows_10,leaf:Windows_10
2998,fam:Windows,fam:Windows,fam:Windows,maj:Windows_10,maj:Windows_10,maj:Windows_10,leaf:Windows_10,leaf:Windows_10,leaf:Windows_10
2999,fam:Windows,fam:Windows,fam:Windows,maj:Windows_10,maj:Windows_10,maj:Windows_10,leaf:Windows_10,leaf:Windows_10,leaf:Windows_10
3002,fam:Windows,fam:Windows,fam:Windows,maj:Windows_10,maj:Windows_10,maj:Windows_10,leaf:Windows_10,leaf:Windows_10,leaf:Windows_10
3003,fam:Windows,fam:Windows,fam:Windows,maj:Windows_10,maj:Windows_10,maj:Windows_10,leaf:Windows_10,leaf:Windows_10,leaf:Windows_10
3005,fam:Windows,fam:Windows,fam:Windows,maj:Windows_10,maj:Windows_10,maj:Windows_10,leaf:Windows_10,leaf:Windows_10,leaf:Windows_10
3009,fam:Windows,fam:Windows,fam:Windows,maj:Windows_10,maj:Windows_10,maj:Windows_10,leaf:Windows_10,leaf:Windows_10,leaf:Windows_10
3012,fam:Windows,fam:Windows,fam:Windows,maj:Windows_10,maj:Windows_10,maj:Windows_10,leaf:Windows_10,leaf:Windows_10,leaf:Windows_10
3014,fam:Windows,fam:Windows,fam:Windows,maj:Windows_10,maj:Windows_10,maj:Windows_10,leaf:Windows_10,leaf:Windows_10,leaf:Windows_10
3016,fam:Windows,fam:Windows,fam:Windows,maj:Windows_10,maj:Windows_10,maj:Windows_10,leaf:Windows_10,leaf:macOS_10_15.0,leaf:Windows_10|leaf:Windows_7|leaf:macOS_10_15.0
3017,fam:Windows,fam:Windows,fam:Windows,maj:Windows_10,maj:Windows_10,maj:Windows_10,leaf:Windows_10,leaf:Windows_10,leaf:Windows_10
3018,fam:Windows,fam:Windows,fam:Windows,maj:Windows_10,maj:Windows_10,maj:Windows_10,leaf:Windows_10,leaf:Windows_10,leaf:Windows_10
3019,fam:Windows,fam:Windows,fam:Windows,maj:Windows_10,maj:Windows_10,maj:Windows_10,leaf:Windows_10,leaf:Windows_10,leaf:Windows_10
3025,fam:Windows,fam:Windows,fam:Windows,maj:Windows_10,maj:Windows_10,maj:Windows_10|maj:Windows_8,leaf:Windows_10,leaf:Windows_10,leaf:Windows_10|leaf:Windows_8_1.0
3029,fam:Windows,fam:Android,,maj:Windows_10,maj:Linux_OTHER,maj:Linux_OTHER,leaf:Windows_10,leaf:Android_8_0.0,leaf:Android_8_0.0|leaf:Android_9
3032,fam:Windows,fam:Windows,fam:Windows,maj:Windows_10,maj:Windows_10,maj:Windows_10,leaf:Windows_10,leaf:Windows_10,leaf:Windows_10
3033,fam:Windows,fam:Android,fam:Android,maj:Windows_10,maj:Android_6,maj:Android_6,leaf:Windows_10,leaf:Android_7_0.0,leaf:Android_6_0.0|leaf:Android_7_0.0
3034,fam:Windows,fam:Windows,fam:Windows,maj:Windows_10,maj:Windows_10,maj:Windows_10,leaf:Windows_10,leaf:Windows_10,leaf:Windows_10
3036,fam:Windows,fam:Windows,fam:Windows,maj:Windows_10,maj:Windows_10,maj:Windows_10,leaf:Windows_10,leaf:Windows_10,leaf:Windows_10
3038,fam:Windows,fam:Windows,fam:Windows,maj:Windows_10,maj:Windows_10,maj:Windows_10,leaf:Windows_10,leaf:Windows_10,leaf:Windows_10
3039,fam:Windows,fam:Windows,fam:Windows,maj:Windows_10,maj:Windows_10,maj:Windows_10,leaf:Windows_10,leaf:Windows_10,leaf:Windows_10
3040,fam:Windows,fam:Windows,fam:Windows,maj:Windows_10,maj:Windows_10,maj:Windows_10,leaf:Windows_10,leaf:Android_5_1.0,leaf:Android_5_1.0
3041,fam:Windows,fam:Windows,fam:Windows,maj:Windows_10,maj:Windows_10,maj:Windows_10,leaf:Windows_10,leaf:Windows_10,leaf:Windows_10
3043,fam:Windows,fam:Windows,fam:Windows,maj:Windows_10,maj:Windows_10,maj:Windows_10,leaf:Windows_10,leaf:Windows_10,leaf:Windows_10
3044,fam:Windows,fam:Windows,fam:Windows,maj:Windows_10,maj:Windows_10,maj:Windows_10,leaf:Windows_10,leaf:Windows_10,leaf:Windows_10
3045,fam:Windows,fam:Windows,fam:Windows,maj:Windows_10,maj:Windows_10,maj:Windows_10,leaf:Windows_10,leaf:Windows_10,leaf:Windows_10
3046,fam:Windows,fam:Windows,fam:Windows,maj:Windows_10,maj:Windows_10,maj:Windows_10,leaf:Windows_10,leaf:Windows_10,leaf:Windows_10
3053,fam:Windows,fam:Windows,fam:Windows,maj:Windows_10,maj:Windows_10,maj:Windows_10,leaf:Windows_10,leaf:Windows_10,leaf:Windows_10
3054,fam:Windows,fam:Windows,fam:Windows,maj:Windows_10,maj:Windows_10,maj:Windows_10,leaf:Windows_10,leaf:Windows_10,leaf:Windows_10
3055,fam:Windows,fam:Windows,fam:Windows,maj:Windows_10,maj:Windows_10,maj:Windows_10,leaf:Windows_10,leaf:Windows_10,leaf:Windows_10
3059,fam:Windows,fam:Windows,,maj:Windows_10,maj:Windows_10,maj:Linux_OTHER|maj:Windows_10,leaf:Windows_10,leaf:Windows_10,leaf:Linux_OTHER|leaf:Windows_10
3061,fam:Windows,fam:Windows,fam:Windows,maj:Windows_10,maj:Windows_10,maj:Windows_10,leaf:Windows_10,leaf:Windows_10,leaf:Windows_10
3062,fam:Windows,fam:Windows,fam:Windows,maj:Windows_10,maj:Windows_10,maj:Windows_10,leaf:Windows_10,leaf:Windows_10,leaf:Windows_10
3064,fam:Windows,fam:Windows,fam:Windows,maj:Windows_10,maj:Windows_10,maj:Windows_10,leaf:Windows_10,leaf:Windows_10,leaf:Windows_10
3067,fam:Windows,fam:Windows,fam:Windows,maj:Windows_10,maj:Windows_10,maj:Windows_10,leaf:Windows_10,leaf:Windows_10,leaf:Windows_10
3070,fam:Windows,fam:Windows,fam:Windows,maj:Windows_10,maj:Windows_10,maj:Windows_10,leaf:Windows_10,leaf:Windows_10,leaf:Windows_10
3071,fam:Windows,fam:Windows,fam:Windows,maj:Windows_10,maj:Windows_10,maj:Windows_10,leaf:Windows_10,leaf:Windows_10,leaf:Windows_10
3075,fam:Windows,fam:Windows,fam:Windows,maj:Windows_10,maj:Windows_10,maj:Windows_10,leaf:Windows_10,leaf:Windows_10,leaf:Windows_10
3076,fam:Windows,fam:Windows,fam:Windows,maj:Windows_10,maj:Windows_10,maj:Windows_10,leaf:Windows_10,leaf:Windows_10,leaf:Windows_10
3077,fam:Windows,fam:Windows,fam:Windows,maj:Windows_10,maj:Windows_10,maj:Windows_10,leaf:Windows_10,leaf:Windows_10,leaf:Windows_10
3079,fam:Windows,fam:Windows,fam:Windows,maj:Windows_10,maj:Windows_10,maj:Windows_10,leaf:Windows_10,leaf:Windows_10,leaf:Windows_10
3081,fam:Windows,fam:Windows,fam:Windows,maj:Windows_10,maj:Windows_10,maj:Windows_10,leaf:Windows_10,leaf:Windows_10,leaf:Android_6_0.0|leaf:Windows_10
3082,fam:Windows,fam:Windows,fam:Windows,maj:Windows_10,maj:Windows_10,maj:Windows_10,leaf:Windows_10,leaf:Windows_10,leaf:Windows_10
3085,fam:Windows,fam:Windows,fam:Windows,maj:Windows_10,maj:Windows_10,maj:Windows_10,leaf:Windows_10,leaf:Windows_10,leaf:Windows_10|leaf:Windows_8_OTHER
3087,fam:Windows,fam:Windows,fam:Windows,maj:Windows_10,maj:Windows_10,maj:Windows_10,leaf:Windows_10,leaf:Windows_10,leaf:Windows_10|leaf:Windows_8_1.0
3090,fam:Windows,fam:Windows,fam:Windows,maj:Windows_10,maj:Windows_10,maj:Windows_10,leaf:Windows_10,leaf:Windows_10,leaf:Windows_10
3092,fam:Windows,fam:Windows,,maj:Windows_10,maj:Windows_8,maj:Windows_8|maj:macOS_10,leaf:Windows_10,leaf:macOS_10_13.0,leaf:macOS_10_13.0|leaf:macOS_10_8.0
3098,fam:Windows,fam:Windows,fam:Windows,maj:Windows_10,maj:Windows_10,maj:Windows_10,leaf:Windows_10,leaf:Windows_10,leaf:Windows_10
3100,fam:Windows,fam:Windows,fam:Windows,maj:Windows_10,maj:Windows_10,maj:Windows_10,leaf:Windows_10,leaf:Windows_10,leaf:Windows_10
3103,fam:Windows,fam:Windows,fam:Windows,maj:Windows_10,maj:Windows_10,maj:Windows_10,leaf:Windows_10,leaf:Windows_10,leaf:Windows_10
3104,fam:Windows,fam:Windows,fam:Windows,maj:Windows_10,maj:Windows_10,maj:Windows_10,leaf:Windows_10,leaf:Windows_10,leaf:Windows_10
3107,fam:Windows,fam:Windows,fam:Windows,maj:Windows_10,maj:Windows_10,maj:Windows_10,leaf:Windows_10,leaf:Windows_10,leaf:Windows_10
3108,fam:Windows,fam:Windows,fam:Windows,maj:Windows_10,maj:Windows_10,maj:Windows_10,leaf:Windows_10,leaf:Windows_10,leaf:Windows_10
3109,fam:Windows,fam:Windows,fam:Windows,maj:Windows_10,maj:Windows_10,maj:Windows_10,leaf:Windows_10,leaf:Windows_10,leaf:Windows_10
3111,fam:Windows,fam:Windows,fam:Windows,maj:Windows_10,maj:Windows_10,maj:Windows_10,leaf:Windows_10,leaf:Windows_10,leaf:Windows_10
3113,fam:Windows,fam:Windows,fam:Windows,maj:Windows_10,maj:Windows_10,maj:Windows_10,leaf:Windows_10,leaf:Windows_10,leaf:Windows_10
3114,fam:Windows,fam:Windows,fam:Windows,maj:Windows_10,maj:Windows_10,maj:Windows_10,leaf:Windows_10,leaf:Windows_10,leaf:Windows_10
3117,fam:Windows,fam:Windows,fam:Windows,maj:Windows_10,maj:Windows_10,maj:Windows_10,leaf:Windows_10,leaf:Windows_10,leaf:Windows_10
3119,fam:Windows,fam:Windows,fam:Windows,maj:Windows_10,maj:Windows_10,maj:Windows_10,leaf:Windows_10,leaf:Windows_10,leaf:Windows_10
3120,fam:Windows,fam:Windows,fam:Windows,maj:Windows_10,maj:Windows_10,maj:Windows_10,leaf:Windows_10,leaf:Windows_10,leaf:Windows_10
3123,fam:Windows,fam:Windows,fam:Windows,maj:Windows_10,maj:Windows_10,maj:Windows_10,leaf:Windows_10,leaf:Windows_10,leaf:Windows_10
3124,fam:Windows,fam:Windows,fam:Windows,maj:Windows_10,maj:Windows_10,maj:Windows_10,leaf:Windows_10,leaf:Windows_10,leaf:Windows_10
3127,fam:Windows,fam:Windows,fam:Windows,maj:Windows_10,maj:Windows_10,maj:Windows_10,leaf:Windows_10,leaf:Windows_10,leaf:Windows_10
3128,fam:Windows,fam:Windows,fam:Windows,maj:Windows_10,maj:Windows_10,maj:Windows_10,leaf:Windows_10,leaf:Windows_10,leaf:Windows_10
3129,fam:Windows,fam:Windows,fam:Windows,maj:Windows_10,maj:Windows_10,maj:Windows_10,leaf:Windows_10,leaf:Windows_10,leaf:Windows_10
3131,fam:Windows,fam:Windows,fam:Windows,maj:Windows_10,maj:Windows_10,maj:Windows_10,leaf:Windows_10,leaf:Windows_10,leaf:Windows_10
3134,fam:Windows,fam:Windows,fam:Windows,maj:Windows_10,maj:Windows_10,maj:Windows_10,leaf:Windows_10,leaf:Windows_10,leaf:Windows_10
3135,fam:Windows,fam:Windows,fam:Windows,maj:Windows_10,maj:Windows_10,maj:Windows_10,leaf:Windows_10,leaf:Windows_10,leaf:Windows_10
3137,fam:Windows,fam:Windows,fam:Windows,maj:Windows_10,maj:Windows_10,maj:Windows_10,leaf:Windows_10,leaf:Windows_10,leaf:Windows_10
3138,fam:Windows,fam:Windows,fam:Windows,maj:Windows_10,maj:Windows_10,maj:Windows_10,leaf:Windows_10,leaf:Windows_10,leaf:Windows_10
3139,fam:Windows,fam:Windows,fam:Windows,maj:Windows_10,maj:Windows_10,maj:Windows_10,leaf:Windows_10,leaf:Windows_10,leaf:Windows_10
3146,fam:Windows,fam:Windows,fam:Windows,maj:Windows_10,maj:Windows_10,maj:Windows_10,leaf:Windows_10,leaf:Windows_10,leaf:Windows_10
3149,fam:Windows,fam:Windows,fam:Windows,maj:Windows_10,maj:Windows_10,maj:Windows_10,leaf:Windows_10,leaf:Windows_10,leaf:Windows_10
3150,fam:Windows,fam:Windows,fam:Windows,maj:Windows_10,maj:Windows_10,maj:Windows_10,leaf:Windows_10,leaf:Windows_10,leaf:Windows_10
3152,fam:Windows,fam:Windows,fam:Windows,maj:Windows_10,maj:Windows_10,maj:Windows_10,leaf:Windows_10,leaf:Windows_10,leaf:Windows_10
3153,fam:Windows,fam:Windows,fam:Windows,maj:Windows_10,maj:Windows_10,maj:Windows_10,leaf:Windows_10,leaf:Windows_10,leaf:Windows_10
3154,fam:Windows,fam:Windows,fam:Windows,maj:Windows_10,maj:Windows_10,maj:Windows_10,leaf:Windows_10,leaf:Windows_10,leaf:Windows_10
3157,fam:Windows,fam:Windows,fam:Windows,maj:Windows_10,maj:Windows_10,maj:Windows_10,leaf:Windows_10,leaf:Windows_10,leaf:Windows_10
3159,fam:Windows,fam:Windows,fam:Windows,maj:Windows_10,maj:Windows_10,maj:Windows_10,leaf:Windows_10,leaf:Windows_10,leaf:Windows_10
3161,fam:Windows,fam:Windows,fam:Windows,maj:Windows_10,maj:Windows_10,maj:Windows_10,leaf:Windows_10,leaf:Windows_10,leaf:Windows_10
3164,fam:Windows,fam:Windows,fam:Windows,maj:Windows_10,maj:Windows_10,maj:Windows_10,leaf:Windows_10,leaf:Windows_10,leaf:Windows_10
3166,fam:Windows,fam:Windows,fam:Windows,maj:Windows_10,maj:Windows_10,maj:Windows_10,leaf:Windows_10,leaf:Windows_10,leaf:Windows_10
3172,fam:Windows,fam:Windows,fam:Windows,maj:Windows_10,maj:Windows_10,maj:Windows_10,leaf:Windows_10,leaf:Windows_10,leaf:Windows_10
3177,fam:Windows,fam:Windows,fam:Windows,maj:Windows_10,maj:Windows_8,maj:Windows_8,leaf:Windows_10,leaf:Windows_7,leaf:Windows_7|leaf:Windows_8_1.0
3178,fam:Windows,fam:Windows,fam:Windows,maj:Windows_10,maj:Windows_10,maj:Windows_10,leaf:Windows_10,leaf:Windows_10,leaf:Windows_10
3180,fam:Windows,fam:Windows,fam:Windows,maj:Windows_10,maj:Android_4,maj:Android_4|maj:Windows_10,leaf:Windows_10,leaf:Android_4_4.0,leaf:Android_4_4.0
3181,fam:Windows,fam:Windows,fam:Windows,maj:Windows_10,maj:Windows_10,maj:Windows_10,leaf:Windows_10,leaf:Windows_10,leaf:Windows_10
3182,fam:Windows,fam:Windows,fam:Windows,maj:Windows_10,maj:Windows_10,maj:Windows_10,leaf:Windows_10,leaf:Windows_10,leaf:Windows_10
3183,fam:Windows,fam:Windows,fam:Windows,maj:Windows_10,maj:Windows_10,maj:Windows_10,leaf:Windows_10,leaf:Windows_10,leaf:Windows_10
3184,fam:Windows,fam:Windows,fam:Windows,maj:Windows_10,maj:Windows_10,maj:Windows_10,leaf:Windows_10,leaf:Windows_10,leaf:Windows_10
3190,fam:Windows,fam:Windows,fam:Windows,maj:Windows_10,maj:Windows_10,maj:Windows_10,leaf:Windows_10,leaf:Windows_10,leaf:Windows_10
3191,fam:Windows,fam:Windows,fam:Windows,maj:Windows_10,maj:Windows_10,maj:Windows_10,leaf:Windows_10,leaf:Windows_10,leaf:Windows_10
3192,fam:Windows,fam:Windows,fam:Windows,maj:Windows_10,maj:Windows_10,maj:Windows_10,leaf:Windows_10,leaf:Windows_10,leaf:Windows_10
3193,fam:Windows,fam:Windows,fam:Windows,maj:Windows_10,maj:Windows_10,maj:Windows_10,leaf:Windows_10,leaf:Windows_10,leaf:Windows_10
3196,fam:Windows,fam:Windows,fam:Windows,maj:Windows_10,maj:Windows_10,maj:Windows_10,leaf:Windows_10,leaf:Windows_10,leaf:Windows_10
3197,fam:Windows,fam:Windows,fam:Windows,maj:Windows_10,maj:Windows_10,maj:Windows_10,leaf:Windows_10,leaf:Windows_10,leaf:Windows_10
3199,fam:Windows,fam:Windows,,maj:Windows_10,maj:Android_4,maj:Android_4,leaf:Windows_10,leaf:Android_4_4.0,leaf:Android_4_4.0
3203,fam:Windows,fam:Windows,fam:Windows,maj:Windows_10,maj:Windows_10,maj:Windows_10,leaf:Windows_10,leaf:Windows_7,leaf:Windows_10|leaf:Windows_7|leaf:Windows_8_OTHER
3204,fam:Windows,fam:Windows,fam:Windows,maj:Windows_10,maj:Windows_10,maj:Windows_10,leaf:Windows_10,leaf:Windows_10,leaf:Windows_10
3205,fam:Windows,fam:Windows,fam:Windows,maj:Windows_10,maj:Windows_10,maj:Windows_10,leaf:Windows_10,leaf:Windows_10,leaf:Windows_10
3206,fam:Windows,fam:Windows,fam:Windows,maj:Windows_10,maj:Windows_10,maj:Windows_10,leaf:Windows_10,leaf:Windows_10,leaf:Windows_10
3213,fam:Windows,fam:Windows,fam:Windows,maj:Windows_10,maj:Windows_10,maj:Windows_10,leaf:Windows_10,leaf:Windows_10,leaf:Windows_10
3214,fam:Windows,fam:Windows,fam:Windows,maj:Windows_10,maj:Windows_10,maj:Windows_10,leaf:Windows_10,leaf:Windows_10,leaf:Windows_10
3215,fam:Windows,fam:Windows,fam:Windows,maj:Windows_10,maj:Windows_10,maj:Windows_10,leaf:Windows_10,leaf:Windows_10,leaf:Windows_10
3217,fam:Windows,fam:Windows,fam:Windows,maj:Windows_10,maj:Windows_10,maj:Windows_10,leaf:Windows_10,leaf:Windows_10,leaf:Windows_10
3220,fam:Windows,fam:Windows,fam:Windows,maj:Windows_10,maj:Windows_10,maj:Windows_10,leaf:Windows_10,leaf:Windows_10,leaf:Windows_10
3222,fam:Windows,fam:Windows,fam:Windows,maj:Windows_10,maj:Windows_10,maj:Windows_10,leaf:Windows_10,leaf:Windows_10,leaf:Windows_10
3224,fam:Windows,fam:Windows,fam:Windows,maj:Windows_10,maj:Windows_10,maj:Windows_10,leaf:Windows_10,leaf:Windows_10,leaf:Windows_10
3228,fam:Windows,fam:Windows,fam:Windows,maj:Windows_10,maj:Windows_10,maj:Windows_10,leaf:Windows_10,leaf:Windows_10,leaf:Windows_10
3229,fam:Windows,fam:Windows,fam:Windows,maj:Windows_10,maj:Windows_10,maj:Windows_10,leaf:Windows_10,leaf:Windows_10,leaf:Windows_10
3230,fam:Windows,fam:Windows,fam:Windows,maj:Windows_10,maj:Windows_10,maj:Windows_10,leaf:Windows_10,leaf:Windows_10,leaf:Windows_10
3231,fam:Windows,fam:Windows,fam:Windows,maj:Windows_10,maj:Windows_10,maj:Windows_10,leaf:Windows_10,leaf:Windows_10,leaf:Windows_10
3233,fam:Windows,fam:Windows,fam:Windows,maj:Windows_10,maj:Windows_10,maj:Windows_10,leaf:Windows_10,leaf:Windows_10,leaf:Windows_10
3236,fam:Windows,fam:Windows,fam:Windows,maj:Windows_10,maj:Windows_10,maj:Windows_10,leaf:Windows_10,leaf:Windows_10,leaf:Windows_10
3238,fam:Windows,fam:Linux,,maj:Windows_10,maj:Linux_OTHER,maj:Linux_OTHER,leaf:Windows_10,leaf:macOS_10_13.0,leaf:Linux_OTHER|leaf:Windows_10|leaf:macOS_10_13.0
3239,fam:Windows,fam:Windows,fam:Windows,maj:Windows_10,maj:Windows_10,maj:Windows_10,leaf:Windows_10,leaf:Windows_10,leaf:Windows_10
3240,fam:Windows,fam:Windows,fam:Windows,maj:Windows_10,maj:Windows_10,maj:Windows_10,leaf:Windows_10,leaf:Windows_10,leaf:Windows_10
3241,fam:Windows,fam:Windows,fam:Windows,maj:Windows_10,maj:Windows_10,maj:Windows_10,leaf:Windows_10,leaf:Windows_10,leaf:Windows_10|leaf:Windows_7
3244,fam:Windows,fam:Windows,fam:Windows,maj:Windows_10,maj:Windows_10,maj:Windows_10,leaf:Windows_10,leaf:Windows_10,leaf:Windows_10
3245,fam:Windows,fam:Windows,fam:Windows,maj:Windows_10,maj:Windows_10,maj:Windows_10|maj:Windows_8,leaf:Windows_10,leaf:Windows_10,leaf:Windows_10|leaf:Windows_8_OTHER
3248,fam:Windows,fam:Windows,fam:Windows,maj:Windows_10,maj:Windows_10,maj:Windows_10,leaf:Windows_10,leaf:Windows_10,leaf:Windows_10
3249,fam:Windows,fam:Windows,fam:Windows,maj:Windows_10,maj:Windows_10,maj:Windows_10,leaf:Windows_10,leaf:Windows_10,leaf:Windows_10
3252,fam:Windows,fam:Windows,fam:Windows,maj:Windows_10,maj:Windows_10,maj:Windows_10,leaf:Windows_10,leaf:Windows_10,leaf:Windows_10
3254,fam:Windows,fam:Windows,fam:Windows,maj:Windows_10,maj:Windows_10,maj:Windows_10,leaf:Windows_10,leaf:Windows_10,leaf:Windows_10
3255,fam:Windows,fam:Windows,fam:Windows,maj:Windows_10,maj:Windows_10,maj:Windows_10,leaf:Windows_10,leaf:Windows_10,leaf:Windows_10
3257,fam:Windows,fam:Windows,fam:Windows,maj:Windows_10,maj:Windows_10,maj:Windows_10,leaf:Windows_10,leaf:Windows_10,leaf:Windows_10|leaf:Windows_7
3259,fam:Windows,fam:Windows,fam:Windows,maj:Windows_10,maj:Windows_10,maj:Windows_10,leaf:Windows_10,leaf:Windows_10,leaf:Windows_10
3260,fam:Windows,fam:Windows,fam:Windows,maj:Windows_10,maj:Windows_10,maj:Windows_10,leaf:Windows_10,leaf:Windows_10,leaf:Windows_10
3263,fam:Windows,fam:Windows,fam:Windows,maj:Windows_10,maj:Windows_10,maj:Windows_10,leaf:Windows_10,leaf:Windows_10,leaf:Windows_10
3264,fam:Windows,fam:Windows,fam:Windows,maj:Windows_10,maj:Windows_7,maj:Windows_10|maj:Windows_7,leaf:Windows_10,leaf:Windows_7,leaf:Windows_10|leaf:Windows_7
3265,fam:Windows,fam:Windows,fam:Windows,maj:Windows_10,maj:Windows_10,maj:Windows_10,leaf:Windows_10,leaf:Windows_10,leaf:Windows_10
3267,fam:Windows,fam:Windows,fam:Windows,maj:Windows_10,maj:Windows_10,maj:Windows_10,leaf:Windows_10,leaf:Windows_10,leaf:Windows_10
3268,fam:Windows,fam:Windows,fam:Windows,maj:Windows_10,maj:Windows_10,maj:Windows_10,leaf:Windows_10,leaf:Windows_10,leaf:Windows_10
3270,fam:Windows,fam:Windows,fam:Windows,maj:Windows_10,maj:Windows_10,maj:Windows_10,leaf:Windows_10,leaf:Windows_10,leaf:Windows_10
3271,fam:Windows,fam:Windows,fam:Windows,maj:Windows_10,maj:Windows_10,maj:Windows_10,leaf:Windows_10,leaf:Windows_10,leaf:Windows_10
3273,fam:Windows,fam:Windows,fam:Windows,maj:Windows_10,maj:Windows_10,maj:Windows_10,leaf:Windows_10,leaf:Windows_10,leaf:Windows_10
3277,fam:Windows,fam:Windows,fam:Windows,maj:Windows_10,maj:Windows_8,maj:Windows_8,leaf:Windows_10,leaf:Windows_8_OTHER,leaf:Windows_10|leaf:Windows_8_OTHER
3278,fam:Windows,fam:Windows,fam:Windows,maj:Windows_10,maj:Windows_10,maj:Windows_10,leaf:Windows_10,leaf:Windows_10,leaf:Windows_10
3281,fam:Windows,fam:Windows,fam:Windows,maj:Windows_10,maj:Windows_10,maj:Windows_10,leaf:Windows_10,leaf:Windows_10,leaf:Windows_10
3282,fam:Windows,fam:Windows,fam:Windows,maj:Windows_10,maj:Windows_10,maj:Windows_10,leaf:Windows_10,leaf:Windows_10,leaf:Windows_10
3286,fam:Windows,fam:Windows,fam:Windows,maj:Windows_10,maj:Windows_10,maj:Windows_10,leaf:Windows_10,leaf:Windows_10,leaf:Windows_10
3288,fam:Windows,fam:Windows,fam:Windows,maj:Windows_10,maj:Windows_10,maj:Windows_10,leaf:Windows_10,leaf:Windows_10,leaf:Windows_10
3290,fam:Windows,fam:Windows,fam:Windows,maj:Windows_10,maj:Windows_10,maj:Windows_10,leaf:Windows_10,leaf:Windows_10,leaf:Windows_10
3293,fam:Windows,fam:Windows,fam:Windows,maj:Windows_10,maj:Windows_10,maj:Windows_10|maj:Windows_7,leaf:Windows_10,leaf:Windows_10,leaf:Windows_10
3296,fam:Windows,fam:Windows,fam:Windows,maj:Windows_10,maj:Windows_10,maj:Windows_10,leaf:Windows_10,leaf:Windows_10,leaf:Windows_10
3297,fam:Windows,fam:Windows,fam:Windows,maj:Windows_10,maj:Windows_10,maj:Windows_10,leaf:Windows_10,leaf:Windows_10,leaf:Windows_10
3299,fam:Windows,fam:Windows,fam:Windows,maj:Windows_10,maj:Windows_10,maj:Windows_10,leaf:Windows_10,leaf:Windows_10,leaf:Windows_10
3300,fam:Windows,fam:Windows,fam:Windows,maj:Windows_10,maj:Windows_10,maj:Windows_10,leaf:Windows_10,leaf:Windows_10,leaf:Windows_10|leaf:Windows_7
3301,fam:Windows,fam:Windows,fam:Windows,maj:Windows_10,maj:Windows_10,maj:Windows_10|maj:Windows_8,leaf:Windows_10,leaf:Windows_10,leaf:Windows_10|leaf:Windows_8_OTHER
3305,fam:Windows,fam:Windows,fam:Windows,maj:Windows_10,maj:Windows_10,maj:Windows_10,leaf:Windows_10,leaf:Windows_10,leaf:Windows_10
3306,fam:Windows,fam:Windows,fam:Windows,maj:Windows_10,maj:Windows_10,maj:Windows_10,leaf:Windows_10,leaf:Windows_10,leaf:Windows_10
3310,fam:Windows,fam:Windows,fam:Windows,maj:Windows_10,maj:Windows_10,maj:Windows_10,leaf:Windows_10,leaf:Windows_10,leaf:Windows_10
3312,fam:Windows,fam:Windows,fam:Windows,maj:Windows_10,maj:Windows_10,maj:Windows_10,leaf:Windows_10,leaf:Windows_10,leaf:Windows_10
3313,fam:Windows,fam:Windows,fam:Windows,maj:Windows_10,maj:Windows_10,maj:Windows_10,leaf:Windows_10,leaf:Windows_10,leaf:Windows_10
3314,fam:Windows,fam:Windows,fam:Windows,maj:Windows_10,maj:Windows_10,maj:Windows_10,leaf:Windows_10,leaf:Windows_10,leaf:Windows_10
3317,fam:Windows,fam:Windows,fam:Windows,maj:Windows_10,maj:Windows_10,maj:Windows_10,leaf:Windows_10,leaf:Windows_10,leaf:Windows_10
3321,fam:Windows,fam:Windows,fam:Windows,maj:Windows_10,maj:Windows_10,maj:Windows_10,leaf:Windows_10,leaf:Windows_10,leaf:Windows_10
3323,fam:Windows,fam:Windows,fam:Windows,maj:Windows_10,maj:Windows_10,maj:Windows_10,leaf:Windows_10,leaf:Windows_10,leaf:Windows_10
3324,fam:Windows,fam:Windows,fam:Windows,maj:Windows_10,maj:Windows_8,maj:Windows_7|maj:Windows_8,leaf:Windows_10,leaf:Windows_8_1.0,leaf:Windows_7|leaf:Windows_8_1.0
3325,fam:Windows,fam:Windows,fam:Windows,maj:Windows_10,maj:Windows_10,maj:Windows_10,leaf:Windows_10,leaf:Windows_10,leaf:Windows_10
3326,fam:Windows,fam:Windows,fam:Windows,maj:Windows_10,maj:Windows_10,maj:Windows_10,leaf:Windows_10,leaf:Windows_10,leaf:Windows_10
3329,fam:Windows,fam:Windows,fam:Windows,maj:Windows_10,maj:Windows_10,maj:Windows_10,leaf:Windows_10,leaf:Windows_10,leaf:Windows_10
3334,fam:Windows,fam:Linux,,maj:Windows_10,maj:Linux_OTHER,maj:Linux_OTHER,leaf:Windows_10,leaf:Windows_10,leaf:Windows_10|leaf:macOS_10_13.0
3335,fam:Windows,fam:Windows,fam:Windows,maj:Windows_10,maj:Windows_10,maj:Windows_10,leaf:Windows_10,leaf:Windows_10,leaf:Windows_10
3336,fam:Windows,fam:Windows,fam:Windows,maj:Windows_10,maj:Windows_10,maj:Windows_10,leaf:Windows_10,leaf:Windows_10,leaf:Windows_10
3337,fam:Windows,fam:Windows,fam:Windows,maj:Windows_10,maj:Windows_10,maj:Windows_10,leaf:Windows_10,leaf:Windows_10,leaf:Windows_10
3341,fam:Windows,fam:Windows,fam:Windows,maj:Windows_10,maj:Windows_10,maj:Windows_10,leaf:Windows_10,leaf:Windows_10,leaf:Windows_10
3344,fam:Windows,fam:Windows,fam:Windows,maj:Windows_10,maj:Windows_10,maj:Windows_10,leaf:Windows_10,leaf:Windows_10,leaf:Windows_10
3346,fam:Windows,fam:Windows,fam:Windows,maj:Windows_10,maj:Windows_10,maj:Windows_10,leaf:Windows_10,leaf:Windows_10,leaf:Windows_10
3347,fam:Windows,fam:Windows,fam:Windows,maj:Windows_10,maj:Windows_10,maj:Windows_10,leaf:Windows_10,leaf:Windows_10,leaf:Windows_10
3348,fam:Windows,fam:Windows,fam:Windows,maj:Windows_10,maj:Windows_10,maj:Windows_10,leaf:Windows_10,leaf:Windows_10,leaf:Windows_10
3349,fam:Windows,fam:Windows,fam:Windows,maj:Windows_10,maj:Windows_10,maj:Windows_10,leaf:Windows_10,leaf:Windows_10,leaf:Windows_10
3350,fam:Windows,fam:Windows,fam:Windows,maj:Windows_10,maj:Windows_10,maj:Windows_10|maj:Windows_8,leaf:Windows_10,leaf:Windows_10,leaf:Windows_10|leaf:Windows_8_1.0
3352,fam:Windows,fam:Windows,fam:Windows,maj:Windows_10,maj:Windows_10,maj:Windows_10,leaf:Windows_10,leaf:Windows_10,leaf:Windows_10
3354,fam:Windows,fam:Windows,fam:Windows,maj:Windows_10,maj:Windows_10,maj:Windows_10,leaf:Windows_10,leaf:Windows_10,leaf:Windows_10
3356,fam:Windows,fam:Windows,fam:Windows,maj:Windows_10,maj:Windows_10,maj:Windows_10,leaf:Windows_10,leaf:Windows_10,leaf:Windows_10
3361,fam:Windows,fam:Windows,fam:Windows,maj:Windows_10,maj:Windows_10,maj:Windows_10,leaf:Windows_10,leaf:Windows_10,leaf:Windows_10
3363,fam:Windows,fam:Windows,fam:Windows,maj:Windows_10,maj:Windows_10,maj:Windows_10,leaf:Windows_10,leaf:Windows_10,leaf:Windows_10
3365,fam:Windows,fam:Windows,fam:Windows,maj:Windows_10,maj:Windows_10,maj:Windows_10,leaf:Windows_10,leaf:Windows_10,leaf:Windows_10
3366,fam:Windows,fam:Windows,fam:Windows,maj:Windows_10,maj:Windows_8,maj:Windows_8,leaf:Windows_10,leaf:Windows_8_1.0,leaf:Windows_8_1.0|leaf:Windows_8_OTHER
3367,fam:Windows,fam:Windows,fam:Windows,maj:Windows_10,maj:Windows_10,maj:Windows_10,leaf:Windows_10,leaf:Windows_10,leaf:Windows_10
3368,fam:Windows,fam:Windows,fam:Windows,maj:Windows_10,maj:Windows_10,maj:Windows_10,leaf:Windows_10,leaf:Windows_10,leaf:Android_4_1.0|leaf:Windows_10|leaf:macOS_10_11.0
3369,fam:Windows,fam:Windows,fam:Windows,maj:Windows_10,maj:Windows_10,maj:Windows_10,leaf:Windows_10,leaf:Windows_10,leaf:Windows_10
3370,fam:Windows,fam:Windows,fam:Windows,maj:Windows_10,maj:Windows_10,maj:Windows_10,leaf:Windows_10,leaf:Windows_10,leaf:Windows_10
3371,fam:Windows,fam:Windows,fam:Windows,maj:Windows_10,maj:Windows_10,maj:Windows_10,leaf:Windows_10,leaf:Windows_10,leaf:Windows_10
3373,fam:Windows,fam:Windows,fam:Windows,maj:Windows_10,maj:Windows_10,maj:Windows_10,leaf:Windows_10,leaf:Windows_10,leaf:Windows_10
3374,fam:Windows,fam:Windows,fam:Windows,maj:Windows_10,maj:Windows_10,maj:Windows_10,leaf:Windows_10,leaf:Windows_10,leaf:Windows_10
3377,fam:Windows,fam:Windows,fam:Windows,maj:Windows_10,maj:Windows_10,maj:Windows_10,leaf:Windows_10,leaf:Windows_10,leaf:Windows_10
3380,fam:Windows,fam:Windows,fam:Windows,maj:Windows_10,maj:Windows_10,maj:Windows_10,leaf:Windows_10,leaf:Windows_10,leaf:Windows_10
3381,fam:Windows,fam:Windows,fam:Windows,maj:Windows_10,maj:Windows_10,maj:Windows_10,leaf:Windows_10,leaf:Windows_10,leaf:Windows_10
3384,fam:Windows,fam:Windows,fam:Windows,maj:Windows_10,maj:Windows_10,maj:Windows_10,leaf:Windows_10,leaf:Windows_10,leaf:Windows_10
3387,fam:Windows,fam:Windows,fam:Windows,maj:Windows_10,maj:Windows_10,maj:Windows_10,leaf:Windows_10,leaf:Windows_10,leaf:Windows_10
3390,fam:Windows,fam:Android,fam:Android,maj:Windows_10,maj:Android_6,maj:Android_6,leaf:Windows_10,leaf:Android_7_0.0,leaf:Android_6_0.0|leaf:Android_7_0.0
3391,fam:Windows,fam:Windows,fam:Windows,maj:Windows_10,maj:Windows_10,maj:Windows_10,leaf:Windows_10,leaf:Windows_10,leaf:Windows_10
3392,fam:Windows,fam:Windows,fam:Windows,maj:Windows_10,maj:Windows_10,maj:Windows_10,leaf:Windows_10,leaf:Windows_10,leaf:Windows_10
3393,fam:Windows,fam:Windows,fam:Windows,maj:Windows_10,maj:Windows_10,maj:Windows_10,leaf:Windows_10,leaf:Windows_10,leaf:Windows_10
3394,fam:Windows,fam:Windows,fam:Windows,maj:Windows_10,maj:Windows_10,maj:Windows_10,leaf:Windows_10,leaf:Windows_10,leaf:Windows_10
3395,fam:Windows,fam:Windows,fam:Windows,maj:Windows_10,maj:Windows_10,maj:Windows_10,leaf:Windows_10,leaf:Windows_10,leaf:Windows_10
3398,fam:Windows,fam:Windows,fam:Windows,maj:Windows_10,maj:Windows_10,maj:Windows_10,leaf:Windows_10,leaf:Windows_10,leaf:Windows_10
3400,fam:Windows,fam:Windows,fam:Windows,maj:Windows_10,maj:Windows_10,maj:Windows_10,leaf:Windows_10,leaf:Windows_10,leaf:Windows_10
3402,fam:Windows,fam:Windows,fam:Windows,maj:Windows_10,maj:Windows_10,maj:Windows_10,leaf:Windows_10,leaf:Windows_10,leaf:Windows_10
3403,fam:Windows,fam:Windows,fam:Windows,maj:Windows_10,maj:Windows_10,maj:Windows_10,leaf:Windows_10,leaf:Windows_10,leaf:Windows_10
3404,fam:Windows,fam:Windows,fam:Windows,maj:Windows_10,maj:Windows_10,maj:Windows_10,leaf:Windows_10,leaf:Windows_10,leaf:Windows_10
3406,fam:Windows,fam:Windows,fam:Windows,maj:Windows_10,maj:Windows_10,maj:Windows_10,leaf:Windows_10,leaf:Windows_10,leaf:Windows_10
3408,fam:Windows,fam:Windows,fam:Windows,maj:Windows_10,maj:Windows_10,maj:Windows_10|maj:Windows_8,leaf:Windows_10,leaf:Windows_10,leaf:Windows_10|leaf:Windows_8_OTHER
3410,fam:Windows,fam:Windows,fam:Windows,maj:Windows_10,maj:Windows_10,maj:Windows_10,leaf:Windows_10,leaf:Windows_10,leaf:Windows_10
3411,fam:Windows,fam:Windows,fam:Windows,maj:Windows_10,maj:Windows_10,maj:Windows_10,leaf:Windows_10,leaf:Windows_10,leaf:Windows_10
3412,fam:Windows,fam:Windows,fam:Windows,maj:Windows_10,maj:Windows_10,maj:Windows_10,leaf:Windows_10,leaf:Windows_10,leaf:Windows_10
3415,fam:Windows,fam:Windows,fam:Windows,maj:Windows_10,maj:Windows_10,maj:Windows_10,leaf:Windows_10,leaf:Windows_10,leaf:Windows_10
3416,fam:Windows,fam:Windows,fam:Windows,maj:Windows_10,maj:Windows_10,maj:Windows_10,leaf:Windows_10,leaf:Windows_10,leaf:Windows_10
3417,fam:Windows,fam:Windows,fam:Windows,maj:Windows_10,maj:Windows_10,maj:Windows_10,leaf:Windows_10,leaf:Windows_10,leaf:Android_5_1.0|leaf:Windows_10
3420,fam:Windows,fam:Windows,fam:Windows,maj:Windows_10,maj:Windows_10,maj:Windows_10,leaf:Windows_10,leaf:Windows_10,leaf:Windows_10
3421,fam:Windows,fam:Windows,fam:Windows,maj:Windows_10,maj:Windows_10,maj:Windows_10,leaf:Windows_10,leaf:Windows_10,leaf:Windows_10
3426,fam:Windows,fam:Windows,fam:Windows,maj:Windows_10,maj:Windows_10,maj:Windows_10,leaf:Windows_10,leaf:Windows_10,leaf:Windows_10|leaf:Windows_8_OTHER
3429,fam:Windows,fam:Windows,fam:Windows,maj:Windows_10,maj:Windows_10,maj:Windows_10,leaf:Windows_10,leaf:Windows_10,leaf:Windows_10
3430,fam:Windows,fam:Windows,fam:Windows,maj:Windows_10,maj:Windows_10,maj:Windows_10,leaf:Windows_10,leaf:Windows_10,leaf:Windows_10
3431,fam:Windows,fam:Windows,fam:Windows,maj:Windows_10,maj:Windows_10,maj:Windows_10,leaf:Windows_10,leaf:Windows_10,leaf:Windows_10
3432,fam:Windows,fam:Windows,fam:Windows,maj:Windows_10,maj:Windows_10,maj:Windows_10,leaf:Windows_10,leaf:Windows_10,leaf:Windows_10
3433,fam:Windows,fam:Windows,fam:Windows,maj:Windows_10,maj:Windows_10,maj:Windows_10,leaf:Windows_10,leaf:Windows_10,leaf:Windows_10
3434,fam:Windows,fam:Windows,fam:Windows,maj:Windows_10,maj:Windows_10,maj:Windows_10,leaf:Windows_10,leaf:Windows_10,leaf:Windows_10
3436,fam:Windows,fam:Windows,fam:Windows,maj:Windows_10,maj:Windows_10,maj:Windows_10,leaf:Windows_10,leaf:Windows_10,leaf:Windows_10
3437,fam:Windows,fam:Windows,fam:Windows,maj:Windows_10,maj:Windows_10,maj:Windows_10,leaf:Windows_10,leaf:Windows_10,leaf:Windows_10
3439,fam:Windows,fam:Windows,fam:Windows,maj:Windows_10,maj:Windows_10,maj:Windows_10,leaf:Windows_10,leaf:Windows_10,leaf:Windows_10
3440,fam:Windows,fam:Windows,fam:Windows,maj:Windows_10,maj:Windows_10,maj:Windows_10,leaf:Windows_10,leaf:Windows_10,leaf:Windows_10
3442,fam:Windows,fam:Windows,fam:Windows,maj:Windows_10,maj:Windows_10,maj:Windows_10,leaf:Windows_10,leaf:Windows_10,leaf:Windows_10
3443,fam:Windows,fam:Windows,fam:Windows,maj:Windows_10,maj:Windows_10,maj:Windows_10,leaf:Windows_10,leaf:Windows_10,leaf:Windows_10
3444,fam:Windows,fam:Windows,fam:Windows,maj:Windows_10,maj:Windows_10,maj:Windows_10,leaf:Windows_10,leaf:Windows_10,leaf:Windows_10
3446,fam:Windows,fam:macOS,,maj:Windows_10,maj:Windows_8,maj:Windows_8,leaf:Windows_10,leaf:macOS_10_10.0,leaf:macOS_10_10.0
3448,fam:Windows,fam:Windows,fam:Windows,maj:Windows_10,maj:Windows_10,maj:Windows_10,leaf:Windows_10,leaf:Android_4_4.0,leaf:Android_4_4.0|leaf:Linux_OTHER
3449,fam:Windows,fam:Windows,fam:Windows,maj:Windows_10,maj:Windows_10,maj:Windows_10,leaf:Windows_10,leaf:Windows_10,leaf:Windows_10
3453,fam:Windows,fam:Windows,fam:Windows,maj:Windows_10,maj:Windows_10,maj:Windows_10,leaf:Windows_10,leaf:Windows_10,leaf:Windows_10
3457,fam:Windows,fam:macOS,,maj:Windows_10,maj:Windows_8,maj:Windows_8,leaf:Windows_10,leaf:macOS_10_10.0,leaf:macOS_10_10.0
3458,fam:Windows,fam:Windows,fam:Windows,maj:Windows_10,maj:Windows_10,maj:Windows_10,leaf:Windows_10,leaf:Windows_10,leaf:Windows_10
3459,fam:Windows,fam:Windows,fam:Windows,maj:Windows_10,maj:Windows_10,maj:Windows_10,leaf:Windows_10,leaf:Windows_10,leaf:Windows_10
3461,fam:Windows,fam:Windows,fam:Windows,maj:Windows_10,maj:Windows_10,maj:Windows_10,leaf:Windows_10,leaf:Windows_10,leaf:Windows_10
3463,fam:Windows,fam:Windows,fam:Windows,maj:Windows_10,maj:Windows_10,maj:Windows_10,leaf:Windows_10,leaf:Windows_10,leaf:Windows_10
3465,fam:Windows,fam:Windows,fam:Windows,maj:Windows_10,maj:Windows_10,maj:Windows_10,leaf:Windows_10,leaf:Windows_10,leaf:Windows_10
3466,fam:Windows,fam:Windows,fam:Windows,maj:Windows_10,maj:Windows_10,maj:Windows_10,leaf:Windows_10,leaf:Windows_10,leaf:Windows_10
3468,fam:Windows,fam:Windows,fam:Windows,maj:Windows_10,maj:Windows_10,maj:Windows_10,leaf:Windows_10,leaf:Windows_10,leaf:Windows_10
3469,fam:Windows,fam:Windows,fam:Windows,maj:Windows_10,maj:Windows_10,maj:Windows_10,leaf:Windows_10,leaf:Windows_10,leaf:Windows_10
3472,fam:Windows,fam:Windows,fam:Windows,maj:Windows_10,maj:Windows_10,maj:Windows_10,leaf:Windows_10,leaf:Windows_10,leaf:Windows_10
3473,fam:Windows,fam:Windows,fam:Windows,maj:Windows_10,maj:Windows_10,maj:Windows_10,leaf:Windows_10,leaf:Windows_10,leaf:Windows_10
3478,fam:Windows,fam:Windows,fam:Windows,maj:Windows_10,maj:Windows_10,maj:Windows_10,leaf:Windows_10,leaf:Windows_10,leaf:Windows_10
3479,fam:Windows,fam:Windows,fam:Windows,maj:Windows_10,maj:Windows_10,maj:Windows_10,leaf:Windows_10,leaf:Windows_10,leaf:Windows_10
3481,fam:Windows,fam:Windows,fam:Windows,maj:Windows_10,maj:Windows_10,maj:Windows_10,leaf:Windows_10,leaf:Windows_10,leaf:Windows_10
3483,fam:Windows,fam:Windows,fam:Windows,maj:Windows_10,maj:Windows_10,maj:Windows_10,leaf:Windows_10,leaf:Windows_10,leaf:Windows_10
3484,fam:Windows,fam:Windows,fam:Windows,maj:Windows_10,maj:Windows_10,maj:Windows_10,leaf:Windows_10,leaf:Windows_10,leaf:Windows_10
3487,fam:Windows,fam:Windows,fam:Windows,maj:Windows_10,maj:Windows_10,maj:Windows_10,leaf:Windows_10,leaf:Windows_10,leaf:Windows_10
3488,fam:Windows,fam:Windows,fam:Windows,maj:Windows_10,maj:Windows_8,maj:Windows_8,leaf:Windows_10,leaf:Windows_8_1.0,leaf:Windows_7|leaf:Windows_8_1.0
3490,fam:Windows,fam:Windows,fam:Windows,maj:Windows_10,maj:Windows_10,maj:Windows_10,leaf:Windows_10,leaf:Windows_10,leaf:Windows_10
3491,fam:Windows,fam:Windows,fam:Windows,maj:Windows_10,maj:Windows_10,maj:Windows_10,leaf:Windows_10,leaf:Windows_10,leaf:Windows_10
3492,fam:Windows,fam:Windows,fam:Windows,maj:Windows_10,maj:Windows_10,maj:Windows_10,leaf:Windows_10,leaf:Windows_10,leaf:Windows_10
3495,fam:Windows,fam:Windows,fam:Windows,maj:Windows_10,maj:Windows_8,maj:Windows_10|maj:Windows_8,leaf:Windows_10,leaf:Windows_8_1.0,leaf:Windows_8_1.0
3497,fam:Windows,fam:Windows,fam:Windows,maj:Windows_10,maj:Windows_10,maj:Windows_10,leaf:Windows_10,leaf:Windows_10,leaf:Windows_10
3498,fam:Windows,fam:Windows,fam:Windows,maj:Windows_10,maj:Windows_10,maj:Windows_10,leaf:Windows_10,leaf:Windows_10,leaf:Windows_10
3499,fam:Windows,fam:Windows,fam:Windows,maj:Windows_10,maj:Windows_10,maj:Windows_10,leaf:Windows_10,leaf:Windows_10,leaf:Windows_10
3500,fam:Windows,fam:Windows,fam:Windows,maj:Windows_10,maj:Windows_10,maj:Windows_10,leaf:Windows_10,leaf:Windows_10,leaf:Windows_10
3502,fam:Windows,fam:Windows,fam:Windows,maj:Windows_10,maj:Windows_10,maj:Windows_10,leaf:Windows_10,leaf:Windows_10,leaf:Windows_10
3504,fam:Windows,fam:Windows,fam:Windows,maj:Windows_10,maj:Windows_10,maj:Windows_10,leaf:Windows_10,leaf:Windows_10,leaf:Windows_10
3505,fam:Windows,fam:Windows,fam:Windows,maj:Windows_10,maj:Windows_10,maj:Windows_10,leaf:Windows_10,leaf:Windows_10,leaf:Windows_10
3506,fam:Windows,fam:Windows,fam:Windows,maj:Windows_10,maj:Windows_10,maj:Windows_10,leaf:Windows_10,leaf:Windows_10,leaf:Windows_10
3507,fam:Windows,fam:Windows,fam:Windows,maj:Windows_10,maj:Windows_10,maj:Windows_10,leaf:Windows_10,leaf:Windows_10,leaf:Windows_10
3509,fam:Windows,fam:Windows,fam:Windows,maj:Windows_10,maj:Windows_10,maj:Windows_10,leaf:Windows_10,leaf:Windows_10,leaf:Windows_10
3510,fam:Windows,fam:Windows,fam:Windows,maj:Windows_10,maj:Windows_10,maj:Windows_10,leaf:Windows_10,leaf:Windows_10,leaf:Windows_10
3511,fam:Windows,fam:Windows,fam:Windows,maj:Windows_10,maj:Windows_10,maj:Windows_10,leaf:Windows_10,leaf:Windows_10,leaf:Windows_10
3512,fam:Windows,fam:Windows,fam:Windows,maj:Windows_10,maj:Windows_10,maj:Windows_10,leaf:Windows_10,leaf:Windows_10,leaf:Windows_10
3514,fam:Windows,fam:Windows,fam:Windows,maj:Windows_10,maj:Windows_10,maj:Windows_10,leaf:Windows_10,leaf:Windows_10,leaf:Windows_10
3515,fam:Windows,fam:Windows,fam:Windows,maj:Windows_10,maj:Windows_8,maj:Windows_10|maj:Windows_8,leaf:Windows_10,leaf:Windows_8_1.0,leaf:Windows_10|leaf:Windows_8_1.0
3516,fam:Windows,fam:Windows,fam:Windows,maj:Windows_10,maj:Windows_10,maj:Windows_10,leaf:Windows_10,leaf:Windows_10,leaf:Windows_10
3518,fam:Windows,fam:Windows,fam:Windows,maj:Windows_10,maj:Windows_10,maj:Windows_10,leaf:Windows_10,leaf:Windows_10,leaf:Windows_10
3519,fam:Windows,fam:Windows,fam:Windows,maj:Windows_10,maj:Windows_10,maj:Windows_10,leaf:Windows_10,leaf:Windows_10,leaf:Windows_10
3521,fam:Windows,fam:Windows,fam:Windows,maj:Windows_10,maj:Windows_10,maj:Windows_10,leaf:Windows_10,leaf:Windows_10,leaf:Windows_10
3523,fam:Windows,fam:Windows,fam:Windows,maj:Windows_10,maj:Windows_10,maj:Windows_10,leaf:Windows_10,leaf:Windows_10,leaf:Windows_10
3524,fam:Windows,fam:Windows,fam:Windows,maj:Windows_10,maj:Windows_10,maj:Windows_10,leaf:Windows_10,leaf:Windows_10,leaf:Windows_10
3525,fam:Windows,fam:Windows,fam:Windows,maj:Windows_10,maj:Windows_10,maj:Windows_10,leaf:Windows_10,leaf:Windows_10,leaf:Windows_10
3528,fam:Windows,fam:Windows,fam:Windows,maj:Windows_10,maj:Windows_10,maj:Windows_10,leaf:Windows_10,leaf:Windows_10,leaf:Windows_10
3530,fam:Windows,fam:Windows,fam:Windows,maj:Windows_10,maj:Windows_10,maj:Windows_10,leaf:Windows_10,leaf:Windows_10,leaf:Windows_10
3532,fam:Windows,fam:Windows,fam:Windows,maj:Windows_10,maj:Windows_10,maj:Windows_10,leaf:Windows_10,leaf:Windows_10,leaf:Windows_10
3535,fam:Windows,fam:Windows,fam:Windows,maj:Windows_10,maj:Windows_10,maj:Windows_10,leaf:Windows_10,leaf:Windows_10,leaf:Windows_10
3536,fam:Windows,fam:Windows,fam:Windows,maj:Windows_10,maj:Windows_10,maj:Windows_10,leaf:Windows_10,leaf:Windows_10,leaf:Windows_10
3537,fam:Windows,fam:Windows,fam:Windows,maj:Windows_10,maj:Windows_10,maj:Windows_10,leaf:Windows_10,leaf:Windows_10,leaf:Windows_10
3538,fam:Windows,fam:Windows,fam:Windows,maj:Windows_10,maj:Windows_10,maj:Windows_10,leaf:Windows_10,leaf:Windows_10,leaf:Windows_10
3539,fam:Windows,fam:Windows,fam:Windows,maj:Windows_10,maj:Windows_10,maj:Windows_10,leaf:Windows_10,leaf:Windows_10,leaf:Windows_10
3540,fam:Windows,fam:Windows,fam:Windows,maj:Windows_10,maj:Windows_10,maj:Windows_10,leaf:Windows_10,leaf:Windows_10,leaf:Windows_10
3543,fam:Windows,fam:Windows,fam:Windows,maj:Windows_10,maj:Windows_10,maj:Windows_10,leaf:Windows_10,leaf:Windows_10,leaf:Windows_10
3545,fam:Windows,fam:Windows,fam:Windows,maj:Windows_10,maj:Windows_10,maj:Windows_10,leaf:Windows_10,leaf:Windows_10,leaf:Windows_10
3546,fam:Windows,fam:Windows,fam:Windows,maj:Windows_10,maj:Windows_10,maj:Windows_10,leaf:Windows_10,leaf:Windows_10,leaf:Windows_10
3547,fam:Windows,fam:Android,,maj:Windows_10,maj:Android_7,maj:Android_7,leaf:Windows_10,leaf:Android_5_1.0,leaf:Android_5_1.0|leaf:Android_6_0.0
3548,fam:Windows,fam:Windows,fam:Windows,maj:Windows_10,maj:Windows_10,maj:Windows_10,leaf:Windows_10,leaf:Windows_10,leaf:Windows_10|leaf:Windows_7
3549,fam:Windows,fam:Windows,fam:Windows,maj:Windows_10,maj:Windows_10,maj:Windows_10,leaf:Windows_10,leaf:Windows_10,leaf:Windows_10
3550,fam:Windows,fam:Windows,fam:Windows,maj:Windows_10,maj:Windows_10,maj:Windows_10,leaf:Windows_10,leaf:Windows_10,leaf:Windows_10
3551,fam:Windows,fam:Windows,fam:Windows,maj:Windows_10,maj:Windows_10,maj:Windows_10,leaf:Windows_10,leaf:Windows_10,leaf:Windows_10
3552,fam:Windows,fam:Windows,fam:Windows,maj:Windows_10,maj:Windows_10,maj:Windows_10,leaf:Windows_10,leaf:Windows_10,leaf:Windows_10
3554,fam:Windows,fam:Windows,fam:Windows,maj:Windows_10,maj:Windows_10,maj:Windows_10,leaf:Windows_10,leaf:Windows_10,leaf:Windows_10
3556,fam:Windows,fam:Windows,fam:Windows,maj:Windows_10,maj:Windows_10,maj:Windows_10,leaf:Windows_10,leaf:Windows_10,leaf:Windows_10
3558,fam:Windows,fam:Windows,fam:Windows,maj:Windows_10,maj:Windows_10,maj:Windows_10,leaf:Windows_10,leaf:Windows_10,leaf:Windows_10
3560,fam:Windows,fam:Windows,fam:Windows,maj:Windows_10,maj:Windows_10,maj:Windows_10,leaf:Windows_10,leaf:Windows_10,leaf:Windows_10
3562,fam:Windows,fam:Windows,fam:Windows,maj:Windows_10,maj:Windows_10,maj:Windows_10,leaf:Windows_10,leaf:Windows_10,leaf:Windows_10
3564,fam:Windows,fam:Windows,fam:Windows,maj:Windows_10,maj:Windows_10,maj:Windows_10,leaf:Windows_10,leaf:Windows_10,leaf:Windows_10
3566,fam:Windows,fam:Windows,fam:Windows,maj:Windows_10,maj:Windows_10,maj:Windows_10,leaf:Windows_10,leaf:Windows_10,leaf:Windows_10
3567,fam:Windows,fam:Windows,fam:Windows,maj:Windows_10,maj:Windows_10,maj:Windows_10,leaf:Windows_10,leaf:Windows_10,leaf:Windows_10
3570,fam:Windows,fam:Windows,fam:Windows,maj:Windows_10,maj:Windows_10,maj:Windows_10,leaf:Windows_10,leaf:Windows_10,leaf:Windows_10
3571,fam:Windows,fam:Windows,fam:Windows,maj:Windows_10,maj:Windows_10,maj:Windows_10,leaf:Windows_10,leaf:Windows_10,leaf:Windows_10
3574,fam:Windows,fam:Windows,fam:Windows,maj:Windows_10,maj:Windows_10,maj:Windows_10,leaf:Windows_10,leaf:Windows_8_1.0,leaf:Windows_7|leaf:Windows_8_1.0
3576,fam:Windows,fam:Windows,fam:Windows,maj:Windows_10,maj:Windows_10,maj:Windows_10,leaf:Windows_10,leaf:Windows_10,leaf:Windows_10
3577,fam:Windows,fam:Windows,fam:Windows,maj:Windows_10,maj:Windows_10,maj:Windows_10,leaf:Windows_10,leaf:Windows_10,leaf:Windows_10
3579,fam:Windows,fam:Windows,fam:Windows,maj:Windows_10,maj:Windows_10,maj:Windows_10,leaf:Windows_10,leaf:Windows_10,leaf:Windows_10
3582,fam:Windows,fam:Windows,fam:Windows,maj:Windows_10,maj:Windows_10,maj:Windows_10,leaf:Windows_10,leaf:Windows_10,leaf:Windows_10
3583,fam:Windows,fam:Windows,fam:Windows,maj:Windows_10,maj:Windows_10,maj:Windows_10,leaf:Windows_10,leaf:Windows_10,leaf:Windows_10
3584,fam:Windows,fam:Windows,fam:Windows,maj:Windows_10,maj:Windows_10,maj:Windows_10,leaf:Windows_10,leaf:Windows_10,leaf:Windows_10
3585,fam:Windows,fam:Windows,fam:Windows,maj:Windows_10,maj:Windows_10,maj:Windows_10,leaf:Windows_10,leaf:Windows_10,leaf:Windows_10
3587,fam:Windows,fam:Windows,fam:Windows,maj:Windows_10,maj:Windows_10,maj:Windows_10,leaf:Windows_10,leaf:Windows_10,leaf:Windows_10
3589,fam:Windows,fam:Windows,fam:Windows,maj:Windows_10,maj:Windows_10,maj:Windows_10,leaf:Windows_10,leaf:Windows_10,leaf:Android_7_0.0|leaf:Windows_10
3592,fam:Windows,fam:Windows,fam:Windows,maj:Windows_10,maj:Windows_10,maj:Windows_10,leaf:Windows_10,leaf:Windows_10,leaf:Windows_10
3593,fam:Windows,fam:Windows,fam:Windows,maj:Windows_10,maj:Windows_10,maj:Windows_10,leaf:Windows_10,leaf:Windows_10,leaf:Windows_10
3595,fam:Windows,fam:Windows,fam:Windows,maj:Windows_10,maj:Windows_10,maj:Windows_10,leaf:Windows_10,leaf:Windows_10,leaf:Windows_10
3596,fam:Windows,fam:Windows,fam:Windows,maj:Windows_10,maj:Windows_10,maj:Windows_10,leaf:Windows_10,leaf:Windows_10,leaf:Windows_10
3599,fam:Windows,fam:Windows,fam:Windows,maj:Windows_10,maj:Windows_10,maj:Windows_10,leaf:Windows_10,leaf:Windows_10,leaf:Windows_10
3601,fam:Windows,fam:Windows,fam:Windows,maj:Windows_10,maj:Windows_10,maj:Windows_10,leaf:Windows_10,leaf:Windows_10,leaf:Windows_10
3602,fam:Windows,fam:Windows,fam:Windows,maj:Windows_10,maj:Windows_10,maj:Windows_10,leaf:Windows_10,leaf:Android_8_0.0,leaf:Android_8_0.0|leaf:Android_9
3603,fam:Windows,fam:Windows,fam:Windows,maj:Windows_10,maj:Windows_10,maj:Windows_10,leaf:Windows_10,leaf:Windows_10,leaf:Windows_10
3604,fam:Windows,fam:Windows,fam:Windows,maj:Windows_10,maj:Windows_10,maj:Windows_10,leaf:Windows_10,leaf:Windows_10,leaf:Windows_10
3605,fam:Windows,fam:Windows,fam:Windows,maj:Windows_10,maj:Windows_10,maj:Windows_10,leaf:Windows_10,leaf:Windows_10,leaf:Windows_10
3606,fam:Windows,fam:Windows,fam:Windows,maj:Windows_10,maj:Windows_7,maj:Windows_7,leaf:Windows_10,leaf:Linux_OTHER,leaf:Linux_OTHER
3607,fam:Windows,fam:Windows,fam:Windows,maj:Windows_10,maj:Windows_10,maj:Windows_10,leaf:Windows_10,leaf:Windows_10,leaf:Windows_10
3608,fam:Windows,fam:Windows,fam:Windows,maj:Windows_10,maj:Windows_10,maj:Windows_10,leaf:Windows_10,leaf:Windows_10,leaf:Windows_10
3612,fam:Windows,fam:Windows,fam:Windows,maj:Windows_10,maj:Windows_10,maj:Windows_10,leaf:Windows_10,leaf:Windows_10,leaf:Windows_10
3614,fam:Windows,fam:Windows,fam:Windows,maj:Windows_10,maj:Windows_10,maj:Windows_10,leaf:Windows_10,leaf:Windows_10,leaf:Windows_10
3621,fam:Windows,fam:Windows,fam:Windows,maj:Windows_10,maj:Windows_10,maj:Windows_10,leaf:Windows_10,leaf:Windows_10,leaf:Windows_10
3622,fam:Windows,fam:Windows,fam:Windows,maj:Windows_10,maj:Windows_10,maj:Windows_10,leaf:Windows_10,leaf:Windows_10,leaf:Windows_10
3623,fam:Windows,fam:Windows,fam:Windows,maj:Windows_10,maj:Windows_10,maj:Windows_10,leaf:Windows_10,leaf:Windows_10,leaf:Windows_10
3624,fam:Windows,fam:Windows,fam:Windows,maj:Windows_10,maj:Windows_10,maj:Windows_10,leaf:Windows_10,leaf:Windows_10,leaf:Windows_10
3625,fam:Windows,fam:Windows,fam:Windows,maj:Windows_10,maj:Windows_10,maj:Windows_10,leaf:Windows_10,leaf:Windows_10,leaf:Windows_10
3627,fam:Windows,fam:Windows,fam:Windows,maj:Windows_10,maj:Windows_10,maj:Windows_10,leaf:Windows_10,leaf:Windows_10,leaf:Windows_10
3628,fam:Windows,fam:Windows,fam:Windows,maj:Windows_10,maj:Windows_10,maj:Windows_10,leaf:Windows_10,leaf:Windows_10,leaf:Windows_10
3629,fam:Windows,fam:Windows,fam:Windows,maj:Windows_10,maj:Windows_10,maj:Windows_10,leaf:Windows_10,leaf:Windows_10,leaf:Windows_10
3630,fam:Windows,fam:Windows,fam:Windows,maj:Windows_10,maj:Windows_10,maj:Windows_10,leaf:Windows_10,leaf:Windows_10,leaf:Windows_10
3633,fam:Windows,fam:Windows,fam:Windows,maj:Windows_10,maj:Windows_10,maj:Windows_10,leaf:Windows_10,leaf:Windows_10,leaf:Windows_10
3634,fam:Windows,fam:Windows,fam:Windows,maj:Windows_10,maj:Windows_10,maj:Windows_10,leaf:Windows_10,leaf:Windows_10,leaf:Windows_10
3636,fam:Windows,fam:Windows,fam:Windows,maj:Windows_10,maj:Windows_10,maj:Windows_10,leaf:Windows_10,leaf:Windows_10,leaf:Windows_10
3638,fam:Windows,fam:Windows,fam:Windows,maj:Windows_10,maj:Windows_10,maj:Windows_10,leaf:Windows_10,leaf:Windows_10,leaf:Windows_10
3641,fam:Windows,fam:Windows,fam:Windows,maj:Windows_10,maj:Windows_10,maj:Windows_10,leaf:Windows_10,leaf:Windows_10,leaf:Windows_10
3643,fam:Windows,fam:Windows,fam:Windows,maj:Windows_10,maj:Windows_10,maj:Windows_10,leaf:Windows_10,leaf:Windows_10,leaf:Windows_10
3645,fam:Windows,fam:Windows,fam:Windows,maj:Windows_10,maj:Windows_10,maj:Windows_10,leaf:Windows_10,leaf:Windows_10,leaf:Windows_10
3646,fam:Windows,fam:Windows,fam:Windows,maj:Windows_10,maj:Windows_8,maj:Windows_8,leaf:Windows_10,leaf:Windows_XP,leaf:Windows_10|leaf:Windows_8_OTHER|leaf:Windows_XP
3650,fam:Windows,fam:Windows,fam:Windows,maj:Windows_10,maj:Windows_10,maj:Windows_10,leaf:Windows_10,leaf:Windows_10,leaf:Windows_10
3656,fam:Windows,fam:Windows,fam:Windows,maj:Windows_10,maj:Windows_10,maj:Windows_10,leaf:Windows_10,leaf:Windows_10,leaf:Windows_10
3659,fam:Windows,fam:Windows,fam:Windows,maj:Windows_10,maj:Windows_10,maj:Windows_10,leaf:Windows_10,leaf:Windows_10,leaf:Windows_10
3661,fam:Windows,fam:Windows,fam:Windows,maj:Windows_10,maj:Windows_10,maj:Windows_10,leaf:Windows_10,leaf:Windows_10,leaf:Windows_10
3662,fam:Windows,fam:Windows,fam:Windows,maj:Windows_10,maj:Windows_10,maj:Windows_10,leaf:Windows_10,leaf:Windows_10,leaf:Windows_10|leaf:Windows_8_OTHER
3663,fam:Windows,fam:Linux,,maj:Windows_10,maj:Linux_OTHER,maj:Linux_OTHER,leaf:Windows_10,leaf:Windows_10,leaf:Windows_10
3664,fam:Windows,fam:Windows,fam:Windows,maj:Windows_10,maj:Windows_10,maj:Windows_10,leaf:Windows_10,leaf:Windows_10,leaf:Windows_10
3665,fam:Windows,fam:Windows,fam:Windows,maj:Windows_10,maj:Windows_10,maj:Windows_10,leaf:Windows_10,leaf:Windows_10,leaf:Windows_10
3666,fam:Windows,fam:Windows,fam:Windows,maj:Windows_10,maj:Windows_10,maj:Windows_10,leaf:Windows_10,leaf:Windows_10,leaf:Windows_10
3672,fam:Windows,fam:Windows,,maj:Windows_10,maj:Android_8,maj:Android_8|maj:Windows_10,leaf:Windows_10,leaf:Android_8_0.0,leaf:Android_8_0.0|leaf:Android_9
3675,fam:Windows,fam:Windows,fam:Windows,maj:Windows_10,maj:Windows_10,maj:Windows_10,leaf:Windows_10,leaf:Windows_10,leaf:Windows_10
3677,fam:Windows,fam:Windows,fam:Windows,maj:Windows_10,maj:Windows_10,maj:Windows_10,leaf:Windows_10,leaf:Windows_10,leaf:Windows_10
3679,fam:Windows,fam:Windows,fam:Windows,maj:Windows_10,maj:Windows_10,maj:Windows_10,leaf:Windows_10,leaf:Windows_10,leaf:Windows_10
3680,fam:Windows,fam:Windows,fam:Windows,maj:Windows_10,maj:Windows_10,maj:Windows_10,leaf:Windows_10,leaf:Windows_10,leaf:Windows_10
3681,fam:Windows,fam:Windows,fam:Windows,maj:Windows_10,maj:Windows_10,maj:Windows_10,leaf:Windows_10,leaf:Windows_10,leaf:Windows_10
3684,fam:Windows,fam:Windows,fam:Windows,maj:Windows_10,maj:Windows_10,maj:Windows_10,leaf:Windows_10,leaf:Windows_10,leaf:Windows_10
3685,fam:Windows,fam:Windows,fam:Windows,maj:Windows_10,maj:Windows_10,maj:Windows_10,leaf:Windows_10,leaf:Windows_10,leaf:Windows_10
3686,fam:Windows,fam:Windows,fam:Windows,maj:Windows_10,maj:Windows_10,maj:Windows_10,leaf:Windows_10,leaf:Windows_10,leaf:Windows_10
3687,fam:Windows,fam:Windows,fam:Windows,maj:Windows_10,maj:Windows_10,maj:Windows_10,leaf:Windows_10,leaf:Windows_10,leaf:Windows_10
3688,fam:Windows,fam:Windows,fam:Windows,maj:Windows_10,maj:Windows_8,maj:Windows_7|maj:Windows_8,leaf:Windows_10,leaf:Windows_8_1.0,leaf:Windows_7|leaf:Windows_8_1.0
3689,fam:Windows,fam:Windows,fam:Windows,maj:Windows_10,maj:Windows_10,maj:Windows_10,leaf:Windows_10,leaf:Windows_10,leaf:Windows_10
3690,fam:Windows,fam:Windows,fam:Windows,maj:Windows_10,maj:Windows_10,maj:Windows_10,leaf:Windows_10,leaf:Windows_10,leaf:Windows_10
3691,fam:Windows,fam:Windows,fam:Windows,maj:Windows_10,maj:Windows_10,maj:Windows_10,leaf:Windows_10,leaf:Windows_10,leaf:Windows_10
3693,fam:Windows,fam:macOS,,maj:Windows_10,maj:Windows_8,maj:Windows_8,leaf:Windows_10,leaf:macOS_10_10.0,leaf:macOS_10_10.0
3694,fam:Windows,fam:Windows,fam:Windows,maj:Windows_10,maj:Windows_10,maj:Windows_10,leaf:Windows_10,leaf:Windows_10,leaf:Windows_10
3696,fam:Windows,fam:Android,,maj:Windows_10,maj:Android_6,maj:Android_6|maj:Windows_XP,leaf:Windows_10,leaf:Windows_XP,leaf:Android_6_0.0|leaf:Windows_XP
3701,fam:Windows,fam:Windows,fam:Windows,maj:Windows_10,maj:Windows_10,maj:Windows_10,leaf:Windows_10,leaf:Windows_10,leaf:Windows_10
3702,fam:Windows,fam:Windows,fam:Windows,maj:Windows_10,maj:Windows_10,maj:Windows_10,leaf:Windows_10,leaf:Windows_10,leaf:Windows_10
3703,fam:Windows,fam:Windows,fam:Windows,maj:Windows_10,maj:Windows_10,maj:Windows_10,leaf:Windows_10,leaf:Windows_10,leaf:Windows_10
3706,fam:Windows,fam:Windows,fam:Windows,maj:Windows_10,maj:Windows_10,maj:Windows_10,leaf:Windows_10,leaf:Windows_10,leaf:Windows_10
3707,fam:Windows,fam:Windows,fam:Windows,maj:Windows_10,maj:Windows_10,maj:Windows_10,leaf:Windows_10,leaf:Windows_10,leaf:Windows_10
3708,fam:Windows,fam:Windows,fam:Windows,maj:Windows_10,maj:Windows_10,maj:Windows_10,leaf:Windows_10,leaf:Windows_10,leaf:Windows_10
3711,fam:Windows,fam:Windows,fam:Windows,maj:Windows_10,maj:Windows_10,maj:Windows_10,leaf:Windows_10,leaf:Windows_10,leaf:Windows_10
3713,fam:Windows,fam:Windows,fam:Windows,maj:Windows_10,maj:Windows_7,maj:Windows_7,leaf:Windows_10,leaf:Windows_10,leaf:Windows_10
3714,fam:Windows,fam:Windows,fam:Windows,maj:Windows_10,maj:Windows_10,maj:Windows_10,leaf:Windows_10,leaf:Windows_10,leaf:Windows_10
3715,fam:Windows,fam:Windows,fam:Windows,maj:Windows_10,maj:Windows_10,maj:Windows_10,leaf:Windows_10,leaf:Windows_10,leaf:Windows_10
3716,fam:Windows,fam:Windows,fam:Windows,maj:Windows_10,maj:Windows_10,maj:Windows_10,leaf:Windows_10,leaf:Windows_10,leaf:Windows_10
3717,fam:Windows,fam:Windows,fam:Windows,maj:Windows_10,maj:Windows_10,maj:Windows_10,leaf:Windows_10,leaf:Windows_10,leaf:Windows_10
3729,fam:Windows,fam:Windows,fam:Windows,maj:Windows_10,maj:Windows_10,maj:Windows_10,leaf:Windows_10,leaf:Windows_10,leaf:Windows_10|leaf:Windows_8_OTHER
3732,fam:Windows,fam:Windows,fam:Windows,maj:Windows_10,maj:Windows_10,maj:Windows_10,leaf:Windows_10,leaf:Windows_10,leaf:Windows_10
3733,fam:Windows,fam:Windows,fam:Windows,maj:Windows_10,maj:Windows_10,maj:Windows_10,leaf:Windows_10,leaf:Windows_10,leaf:Windows_10
3734,fam:Windows,fam:Windows,fam:Windows,maj:Windows_10,maj:Windows_10,maj:Windows_10,leaf:Windows_10,leaf:Windows_10,leaf:Windows_10
3735,fam:Windows,fam:Windows,fam:Windows,maj:Windows_10,maj:Windows_10,maj:Windows_10,leaf:Windows_10,leaf:Windows_10,leaf:Windows_10
3738,fam:Windows,fam:Windows,fam:Windows,maj:Windows_10,maj:Windows_8,maj:Windows_8,leaf:Windows_10,leaf:Windows_8_OTHER,leaf:Windows_10|leaf:Windows_8_OTHER
3739,fam:Windows,fam:Windows,fam:Windows,maj:Windows_10,maj:Windows_10,maj:Windows_10,leaf:Windows_10,leaf:Windows_10,leaf:Windows_10
3740,fam:Windows,fam:Windows,fam:Windows,maj:Windows_10,maj:Windows_10,maj:Windows_10,leaf:Windows_10,leaf:Windows_10,leaf:Windows_10
3741,fam:Windows,fam:Windows,fam:Windows,maj:Windows_10,maj:Windows_10,maj:Windows_10,leaf:Windows_10,leaf:Windows_10,leaf:Windows_10
3742,fam:Windows,fam:Windows,fam:Windows,maj:Windows_10,maj:Windows_10,maj:Windows_10,leaf:Windows_10,leaf:Windows_10,leaf:Windows_10
3746,fam:Windows,fam:Windows,fam:Windows,maj:Windows_10,maj:Windows_10,maj:Windows_10,leaf:Windows_10,leaf:Windows_10,leaf:Windows_10
3747,fam:Windows,fam:Windows,fam:Windows,maj:Windows_10,maj:Windows_8,maj:Windows_8,leaf:Windows_10,leaf:Windows_8_1.0,leaf:Windows_10|leaf:Windows_8_1.0
3748,fam:Windows,fam:Windows,fam:Windows,maj:Windows_10,maj:Windows_10,maj:Windows_10,leaf:Windows_10,leaf:Windows_10,leaf:Windows_10
3749,fam:Windows,fam:Windows,fam:Windows,maj:Windows_10,maj:Windows_10,maj:Windows_10,leaf:Windows_10,leaf:Windows_10,leaf:Windows_10
3751,fam:Windows,fam:Windows,fam:Windows,maj:Windows_10,maj:Windows_10,maj:Windows_10,leaf:Windows_10,leaf:Windows_10,leaf:Windows_10
3752,fam:Windows,fam:Windows,fam:Windows,maj:Windows_10,maj:Windows_10,maj:Windows_10,leaf:Windows_10,leaf:Windows_10,leaf:Windows_10
3754,fam:Windows,fam:Windows,fam:Windows,maj:Windows_10,maj:Windows_10,maj:Windows_10,leaf:Windows_10,leaf:Windows_10,leaf:Windows_10
3756,fam:Windows,fam:Windows,fam:Windows,maj:Windows_10,maj:Windows_10,maj:Windows_10,leaf:Windows_10,leaf:Windows_10,leaf:Windows_10
3757,fam:Windows,fam:Windows,fam:Windows,maj:Windows_10,maj:Windows_10,maj:Windows_10,leaf:Windows_10,leaf:Windows_10,leaf:Windows_10
3758,fam:Windows,fam:Windows,fam:Windows,maj:Windows_10,maj:Windows_10,maj:Windows_10,leaf:Windows_10,leaf:Windows_10,leaf:Windows_10
3759,fam:Windows,fam:Windows,fam:Windows,maj:Windows_10,maj:Windows_10,maj:Windows_10,leaf:Windows_10,leaf:Windows_10,leaf:Windows_10
3764,fam:Windows,fam:Windows,fam:Windows,maj:Windows_10,maj:Windows_10,maj:Windows_10,leaf:Windows_10,leaf:Windows_10,leaf:Windows_10
3767,fam:Windows,fam:Windows,fam:Windows,maj:Windows_10,maj:Windows_10,maj:Windows_10,leaf:Windows_10,leaf:Windows_10,leaf:Windows_10
3771,fam:Windows,fam:Windows,fam:Windows,maj:Windows_10,maj:Windows_10,maj:Windows_10,leaf:Windows_10,leaf:Windows_10,leaf:Windows_10
3772,fam:Windows,fam:Windows,fam:Windows,maj:Windows_10,maj:Windows_10,maj:Windows_10,leaf:Windows_10,leaf:Windows_10,leaf:Windows_10
3773,fam:Windows,fam:Windows,fam:Windows,maj:Windows_10,maj:Windows_10,maj:Windows_10,leaf:Windows_10,leaf:Windows_10,leaf:Windows_10
3775,fam:Windows,fam:Windows,fam:Windows,maj:Windows_10,maj:Windows_10,maj:Windows_10,leaf:Windows_10,leaf:Windows_10,leaf:Windows_10
3781,fam:Windows,fam:Windows,fam:Windows,maj:Windows_10,maj:Windows_10,maj:Windows_10,leaf:Windows_10,leaf:Windows_10,leaf:Windows_10
3782,fam:Windows,fam:Windows,fam:Windows,maj:Windows_10,maj:Windows_10,maj:Windows_10,leaf:Windows_10,leaf:Windows_10,leaf:Windows_10
3784,fam:Windows,fam:Windows,fam:Windows,maj:Windows_10,maj:Windows_10,maj:Windows_10,leaf:Windows_10,leaf:Windows_10,leaf:Windows_10
3785,fam:Windows,fam:Windows,fam:Windows,maj:Windows_10,maj:Windows_10,maj:Windows_10,leaf:Windows_10,leaf:Windows_10,leaf:Windows_10
3786,fam:Windows,fam:Windows,fam:Windows,maj:Windows_10,maj:Windows_10,maj:Windows_10,leaf:Windows_10,leaf:Windows_10,leaf:Windows_10
3788,fam:Windows,fam:Windows,fam:Windows,maj:Windows_10,maj:Windows_10,maj:Windows_10,leaf:Windows_10,leaf:Windows_10,leaf:Windows_10
3790,fam:Windows,fam:Windows,fam:Windows,maj:Windows_10,maj:Windows_10,maj:Windows_10,leaf:Windows_10,leaf:Windows_10,leaf:Windows_10
3796,fam:Windows,fam:Windows,fam:Windows,maj:Windows_10,maj:Windows_10,maj:Windows_10,leaf:Windows_10,leaf:Windows_10,leaf:Windows_10
3797,fam:Windows,fam:Windows,fam:Windows,maj:Windows_10,maj:Windows_10,maj:Windows_10,leaf:Windows_10,leaf:Windows_10,leaf:Windows_10
3799,fam:Windows,fam:Windows,fam:Windows,maj:Windows_10,maj:Windows_10,maj:Windows_10,leaf:Windows_10,leaf:Windows_10,leaf:Windows_10
3800,fam:Windows,fam:Windows,fam:Windows,maj:Windows_10,maj:Windows_10,maj:Windows_10,leaf:Windows_10,leaf:Windows_10,leaf:Windows_10
3802,fam:Windows,fam:Windows,fam:Windows,maj:Windows_10,maj:Windows_10,maj:Windows_10,leaf:Windows_10,leaf:Windows_10,leaf:Windows_10
3803,fam:Windows,fam:Windows,fam:Windows,maj:Windows_10,maj:Windows_10,maj:Windows_10,leaf:Windows_10,leaf:Windows_10,leaf:Windows_10
3811,fam:Windows,fam:Windows,fam:Windows,maj:Windows_10,maj:Windows_10,maj:Windows_10,leaf:Windows_10,leaf:Windows_10,leaf:Windows_10
3813,fam:Windows,fam:Windows,fam:Windows,maj:Windows_10,maj:Windows_10,maj:Windows_10,leaf:Windows_10,leaf:Windows_10,leaf:Windows_10
3816,fam:Windows,fam:Windows,fam:Windows,maj:Windows_10,maj:Windows_10,maj:Windows_10,leaf:Windows_10,leaf:Windows_10,leaf:Windows_10
3817,fam:Windows,fam:Windows,fam:Windows,maj:Windows_10,maj:Windows_10,maj:Windows_10,leaf:Windows_10,leaf:Windows_10,leaf:Windows_10
3818,fam:Windows,fam:Windows,fam:Windows,maj:Windows_10,maj:Windows_10,maj:Windows_10,leaf:Windows_10,leaf:Windows_10,leaf:Windows_10
3819,fam:Windows,fam:Windows,fam:Windows,maj:Windows_10,maj:Windows_10,maj:Windows_10,leaf:Windows_10,leaf:Windows_10,leaf:Windows_10
3821,fam:Windows,fam:Windows,fam:Windows,maj:Windows_10,maj:Windows_10,maj:Windows_10,leaf:Windows_10,leaf:Windows_10,leaf:Windows_10
3822,fam:Windows,fam:Windows,fam:Windows,maj:Windows_10,maj:Windows_10,maj:Windows_10,leaf:Windows_10,leaf:Windows_10,leaf:Windows_10
3823,fam:Windows,fam:Windows,fam:Windows,maj:Windows_10,maj:Windows_10,maj:Windows_10,leaf:Windows_10,leaf:Windows_10,leaf:Windows_10
3825,fam:Windows,fam:Android,,maj:Windows_10,maj:Android_9,maj:Android_9,leaf:Windows_10,leaf:Android_8_0.0,leaf:Android_8_0.0
3826,fam:Windows,fam:Windows,fam:Windows,maj:Windows_10,maj:Windows_10,maj:Windows_10,leaf:Windows_10,leaf:Windows_10,leaf:Windows_10
3827,fam:Windows,fam:Windows,fam:Windows,maj:Windows_10,maj:Windows_10,maj:Windows_10,leaf:Windows_10,leaf:Windows_10,leaf:Windows_10
3828,fam:Windows,fam:Windows,fam:Windows,maj:Windows_10,maj:Windows_10,maj:Windows_10,leaf:Windows_10,leaf:Windows_10,leaf:Windows_10
3829,fam:Windows,fam:Windows,fam:Windows,maj:Windows_10,maj:Windows_10,maj:Windows_10,leaf:Windows_10,leaf:Windows_10,leaf:Windows_10
3830,fam:Windows,fam:Windows,fam:Windows,maj:Windows_10,maj:Windows_10,maj:Windows_10,leaf:Windows_10,leaf:Windows_10,leaf:Windows_10
3831,fam:Windows,fam:Windows,,maj:Windows_10,maj:Linux_OTHER,maj:Linux_OTHER,leaf:Windows_10,leaf:Windows_10,leaf:Linux_OTHER|leaf:Windows_10
3832,fam:Windows,fam:Windows,fam:Windows,maj:Windows_10,maj:Windows_10,maj:Windows_10,leaf:Windows_10,leaf:Windows_10,leaf:Windows_10
3833,fam:Windows,fam:Windows,fam:Windows,maj:Windows_10,maj:Windows_10,maj:Windows_10,leaf:Windows_10,leaf:Windows_10,leaf:Windows_10
3835,fam:Windows,fam:Windows,fam:Windows,maj:Windows_10,maj:Windows_10,maj:Windows_10,leaf:Windows_10,leaf:Windows_10,leaf:Windows_10
3836,fam:Windows,fam:Windows,fam:Windows,maj:Windows_10,maj:Windows_10,maj:Windows_10,leaf:Windows_10,leaf:Windows_10,leaf:Windows_10
3837,fam:Windows,fam:Windows,fam:Windows,maj:Windows_10,maj:Windows_10,maj:Windows_10,leaf:Windows_10,leaf:Windows_10,leaf:Windows_10
3838,fam:Windows,fam:Windows,fam:Windows,maj:Windows_10,maj:Windows_10,maj:Windows_10,leaf:Windows_10,leaf:Windows_10,leaf:Windows_10
3839,fam:Windows,fam:Windows,fam:Windows,maj:Windows_10,maj:Windows_10,maj:Windows_10,leaf:Windows_10,leaf:Windows_10,leaf:Windows_10
3840,fam:Windows,fam:Windows,fam:Windows,maj:Windows_10,maj:Windows_10,maj:Windows_10,leaf:Windows_10,leaf:Windows_10,leaf:Windows_10
3841,fam:Windows,fam:Windows,fam:Windows,maj:Windows_10,maj:Windows_10,maj:Windows_10,leaf:Windows_10,leaf:Windows_10,leaf:Windows_10
3842,fam:Windows,fam:Windows,fam:Windows,maj:Windows_10,maj:Windows_10,maj:Windows_10,leaf:Windows_10,leaf:Windows_10,leaf:Windows_10
3843,fam:Windows,fam:Windows,fam:Windows,maj:Windows_10,maj:Android_4,maj:Android_4|maj:Windows_10,leaf:Windows_10,leaf:Android_4_4.0,leaf:Android_4_4.0
3846,fam:Windows,fam:Windows,fam:Windows,maj:Windows_10,maj:Windows_10,maj:Windows_10,leaf:Windows_10,leaf:Windows_10,leaf:Windows_10
3848,fam:Windows,fam:Windows,,maj:Windows_10,maj:Windows_10,maj:Windows_10,leaf:Windows_10,leaf:Android_9,leaf:Android_9
3849,fam:Windows,fam:Windows,fam:Windows,maj:Windows_10,maj:Windows_10,maj:Windows_10,leaf:Windows_10,leaf:Windows_10,leaf:Windows_10
3850,fam:Windows,fam:Windows,fam:Windows,maj:Windows_10,maj:Windows_10,maj:Windows_10,leaf:Windows_10,leaf:Windows_10,leaf:Windows_10
3851,fam:Windows,fam:Windows,fam:Windows,maj:Windows_10,maj:Windows_10,maj:Windows_10,leaf:Windows_10,leaf:Windows_10,leaf:Windows_10
3853,fam:Windows,fam:Windows,fam:Windows,maj:Windows_10,maj:Windows_10,maj:Windows_10,leaf:Windows_10,leaf:Windows_10,leaf:Windows_10
3854,fam:Windows,fam:Windows,fam:Windows,maj:Windows_10,maj:Windows_10,maj:Windows_10,leaf:Windows_10,leaf:Windows_10,leaf:Windows_10
3858,fam:Windows,fam:Windows,fam:Windows,maj:Windows_10,maj:Windows_10,maj:Windows_10,leaf:Windows_10,leaf:Windows_10,leaf:Windows_10
3860,fam:Windows,fam:Windows,fam:Windows,maj:Windows_10,maj:Windows_10,maj:Windows_10,leaf:Windows_10,leaf:Windows_10,leaf:Windows_10
3863,fam:Windows,fam:Windows,fam:Windows,maj:Windows_10,maj:Windows_10,maj:Windows_10,leaf:Windows_10,leaf:Windows_10,leaf:Windows_10
3864,fam:Windows,fam:Windows,fam:Windows,maj:Windows_10,maj:Windows_10,maj:Windows_10,leaf:Windows_10,leaf:Windows_10,leaf:Windows_10
3870,fam:Windows,fam:Windows,fam:Windows,maj:Windows_10,maj:Windows_10,maj:Windows_10,leaf:Windows_10,leaf:Windows_10,leaf:Windows_10
3871,fam:Windows,fam:Windows,fam:Windows,maj:Windows_10,maj:Windows_10,maj:Windows_10,leaf:Windows_10,leaf:Windows_10,leaf:Windows_10
3873,fam:Windows,fam:Windows,fam:Windows,maj:Windows_10,maj:Windows_10,maj:Windows_10,leaf:Windows_10,leaf:Windows_10,leaf:Windows_10
3874,fam:Windows,fam:Windows,fam:Windows,maj:Windows_10,maj:Windows_10,maj:Windows_10,leaf:Windows_10,leaf:Windows_10,leaf:Windows_10
3877,fam:Windows,fam:Windows,fam:Windows,maj:Windows_10,maj:Windows_10,maj:Windows_10,leaf:Windows_10,leaf:Windows_10,leaf:Windows_10
3880,fam:Windows,fam:Android,,maj:Windows_10,maj:Android_8,maj:Android_8,leaf:Windows_10,leaf:Android_8_0.0,leaf:Android_8_0.0|leaf:Android_9
3883,fam:Windows,fam:Windows,fam:Windows,maj:Windows_10,maj:Windows_10,maj:Windows_10,leaf:Windows_10,leaf:Windows_10,leaf:Windows_10
3885,fam:Windows,fam:Windows,fam:Windows,maj:Windows_10,maj:Windows_10,maj:Windows_10,leaf:Windows_10,leaf:Windows_10,leaf:Windows_10
3889,fam:Windows,fam:Windows,fam:Windows,maj:Windows_10,maj:Windows_10,maj:Windows_10,leaf:Windows_10,leaf:Windows_10,leaf:Windows_10
3891,fam:Windows,fam:Windows,fam:Windows,maj:Windows_10,maj:Windows_10,maj:Windows_10,leaf:Windows_10,leaf:Windows_10,leaf:Windows_10
3892,fam:Windows,fam:Windows,fam:Windows,maj:Windows_10,maj:Windows_10,maj:Windows_10,leaf:Windows_10,leaf:Windows_10,leaf:Windows_10
3895,fam:Windows,fam:Windows,fam:Windows,maj:Windows_10,maj:Windows_10,maj:Windows_10,leaf:Windows_10,leaf:Windows_10,leaf:Windows_10
3897,fam:Windows,fam:Windows,fam:Windows,maj:Windows_10,maj:Windows_10,maj:Windows_10,leaf:Windows_10,leaf:Windows_10,leaf:Windows_10
3899,fam:Windows,fam:Windows,fam:Windows,maj:Windows_10,maj:Windows_10,maj:Windows_10,leaf:Windows_10,leaf:Windows_10,leaf:Windows_10
3900,fam:Windows,fam:Windows,fam:Windows,maj:Windows_10,maj:Windows_10,maj:Windows_10,leaf:Windows_10,leaf:Windows_10,leaf:Windows_10
3901,fam:Windows,fam:Windows,fam:Windows,maj:Windows_10,maj:Windows_10,maj:Windows_10,leaf:Windows_10,leaf:Windows_10,leaf:Windows_10
3903,fam:Windows,fam:Windows,fam:Windows,maj:Windows_10,maj:Windows_10,maj:Windows_10,leaf:Windows_10,leaf:Windows_10,leaf:Windows_10
3904,fam:Windows,fam:Windows,fam:Windows,maj:Windows_10,maj:Windows_10,maj:Windows_10,leaf:Windows_10,leaf:Windows_10,leaf:Windows_10
3910,fam:Windows,fam:Windows,fam:Windows,maj:Windows_10,maj:Windows_10,maj:Windows_10,leaf:Windows_10,leaf:Windows_10,leaf:Windows_10
3914,fam:Windows,fam:Windows,fam:Windows,maj:Windows_10,maj:Windows_10,maj:Windows_10,leaf:Windows_10,leaf:Windows_10,leaf:Windows_10
3915,fam:Windows,fam:Windows,fam:Windows,maj:Windows_10,maj:Windows_10,maj:Windows_10,leaf:Windows_10,leaf:Windows_10,leaf:Windows_10
3916,fam:Windows,fam:Windows,fam:Windows,maj:Windows_10,maj:Windows_10,maj:Windows_10,leaf:Windows_10,leaf:Windows_10,leaf:Windows_10
3917,fam:Windows,fam:Windows,fam:Windows,maj:Windows_10,maj:Windows_10,maj:Windows_10,leaf:Windows_10,leaf:Windows_10,leaf:Windows_10
3919,fam:Windows,fam:Windows,fam:Windows,maj:Windows_10,maj:Windows_10,maj:Windows_10,leaf:Windows_10,leaf:Windows_10,leaf:Windows_10
3921,fam:Windows,fam:Windows,fam:Windows,maj:Windows_10,maj:Windows_10,maj:Windows_10,leaf:Windows_10,leaf:Windows_10,leaf:Windows_10
3923,fam:Windows,fam:Windows,fam:Windows,maj:Windows_10,maj:Windows_10,maj:Windows_10|maj:Windows_7,leaf:Windows_10,leaf:Windows_10,leaf:Windows_10
3926,fam:Windows,fam:Windows,fam:Windows,maj:Windows_10,maj:Windows_10,maj:Windows_10,leaf:Windows_10,leaf:Windows_10,leaf:Windows_10
3928,fam:Windows,fam:Windows,fam:Windows,maj:Windows_10,maj:Windows_10,maj:Windows_10,leaf:Windows_10,leaf:Windows_10,leaf:Windows_10
3929,fam:Windows,fam:Windows,fam:Windows,maj:Windows_10,maj:Windows_10,maj:Windows_10,leaf:Windows_10,leaf:Windows_10,leaf:Windows_10
3930,fam:Windows,fam:Windows,fam:Windows,maj:Windows_10,maj:Windows_10,maj:Windows_10,leaf:Windows_10,leaf:Windows_10,leaf:Windows_10
3931,fam:Windows,fam:Windows,fam:Windows,maj:Windows_10,maj:Windows_10,maj:Windows_10,leaf:Windows_10,leaf:Windows_10,leaf:Windows_10
3939,fam:Windows,fam:Windows,fam:Windows,maj:Windows_10,maj:Windows_10,maj:Windows_10,leaf:Windows_10,leaf:Windows_10,leaf:Windows_10
3940,fam:Windows,fam:Windows,fam:Windows,maj:Windows_10,maj:Windows_10,maj:Windows_10,leaf:Windows_10,leaf:Windows_10,leaf:Windows_10
3942,fam:Windows,fam:Windows,fam:Windows,maj:Windows_10,maj:Windows_7,maj:Windows_10|maj:Windows_7,leaf:Windows_10,leaf:Windows_10,leaf:Windows_10
3945,fam:Windows,fam:Linux,,maj:Windows_10,maj:Linux_OTHER,maj:Linux_OTHER,leaf:Windows_10,leaf:Windows_10,leaf:Windows_10|leaf:macOS_10_13.0
3946,fam:Windows,fam:Windows,fam:Windows,maj:Windows_10,maj:Windows_10,maj:Windows_10,leaf:Windows_10,leaf:Windows_10,leaf:Windows_10
3947,fam:Windows,fam:Windows,fam:Windows,maj:Windows_10,maj:Windows_10,maj:Windows_10,leaf:Windows_10,leaf:Windows_10,leaf:Windows_10
3948,fam:Windows,fam:Windows,fam:Windows,maj:Windows_10,maj:Windows_10,maj:Windows_10,leaf:Windows_10,leaf:Windows_10,leaf:Windows_10
3949,fam:Windows,fam:Windows,fam:Windows,maj:Windows_10,maj:Windows_10,maj:Windows_10,leaf:Windows_10,leaf:Windows_10,leaf:Windows_10
3950,fam:Windows,fam:Windows,fam:Windows,maj:Windows_10,maj:Windows_10,maj:Windows_10,leaf:Windows_10,leaf:Windows_10,leaf:Windows_10
3951,fam:Windows,fam:Windows,fam:Windows,maj:Windows_10,maj:Windows_10,maj:Windows_10,leaf:Windows_10,leaf:Windows_10,leaf:Windows_10
3953,fam:Windows,fam:Windows,fam:Windows,maj:Windows_10,maj:Windows_10,maj:Windows_10,leaf:Windows_10,leaf:Windows_10,leaf:Windows_10
3954,fam:Windows,fam:Windows,fam:Windows,maj:Windows_10,maj:Windows_10,maj:Windows_10,leaf:Windows_10,leaf:Windows_10,leaf:Windows_10
3956,fam:Windows,fam:Windows,fam:Windows,maj:Windows_10,maj:Windows_10,maj:Windows_10,leaf:Windows_10,leaf:Windows_10,leaf:Windows_10
3958,fam:Windows,fam:Windows,fam:Windows,maj:Windows_10,maj:Windows_10,maj:Windows_10,leaf:Windows_10,leaf:Windows_XP,leaf:Windows_10|leaf:Windows_7|leaf:Windows_XP
3962,fam:Windows,fam:Windows,fam:Windows,maj:Windows_10,maj:Windows_10,maj:Windows_10,leaf:Windows_10,leaf:Windows_10,leaf:Windows_10
3966,fam:Windows,fam:Windows,fam:Windows,maj:Windows_10,maj:Windows_10,maj:Windows_10,leaf:Windows_10,leaf:Windows_10,leaf:Windows_10
3969,fam:Windows,fam:Windows,fam:Windows,maj:Windows_10,maj:Windows_10,maj:Windows_10,leaf:Windows_10,leaf:Windows_10,leaf:Windows_10
3974,fam:Windows,fam:Windows,fam:Windows,maj:Windows_10,maj:Windows_10,maj:Windows_10,leaf:Windows_10,leaf:Windows_10,leaf:Windows_10
3975,fam:Windows,fam:Windows,fam:Windows,maj:Windows_10,maj:Windows_10,maj:Windows_10,leaf:Windows_10,leaf:Windows_10,leaf:Windows_10
3977,fam:Windows,fam:Windows,fam:Windows,maj:Windows_10,maj:Windows_8,maj:Windows_8,leaf:Windows_10,leaf:Windows_8_1.0,leaf:Windows_8_1.0|leaf:Windows_8_OTHER
3979,fam:Windows,fam:Windows,fam:Windows,maj:Windows_10,maj:Windows_10,maj:Windows_10,leaf:Windows_10,leaf:Windows_10,leaf:Windows_10
3982,fam:Windows,fam:Windows,fam:Windows,maj:Windows_10,maj:Windows_10,maj:Windows_10,leaf:Windows_10,leaf:Windows_10,leaf:Windows_10
3983,fam:Windows,fam:Windows,fam:Windows,maj:Windows_10,maj:Windows_10,maj:Windows_10,leaf:Windows_10,leaf:Windows_10,leaf:Windows_10
3986,fam:Windows,fam:Windows,fam:Windows,maj:Windows_10,maj:Windows_10,maj:Windows_10,leaf:Windows_10,leaf:Windows_10,leaf:Windows_10
3989,fam:Windows,fam:Windows,fam:Windows,maj:Windows_10,maj:Windows_10,maj:Windows_10,leaf:Windows_10,leaf:Windows_10,leaf:Android_5_1.0|leaf:Windows_10
3992,fam:Windows,fam:Windows,fam:Windows,maj:Windows_10,maj:Windows_10,maj:Windows_10,leaf:Windows_10,leaf:Windows_10,leaf:Windows_10
3993,fam:Windows,fam:Windows,fam:Windows,maj:Windows_10,maj:Windows_10,maj:Windows_10,leaf:Windows_10,leaf:Windows_10,leaf:Windows_10
3995,fam:Windows,fam:Windows,fam:Windows,maj:Windows_10,maj:Windows_10,maj:Windows_10,leaf:Windows_10,leaf:Windows_10,leaf:Windows_10
3996,fam:Windows,fam:Windows,fam:Windows,maj:Windows_10,maj:Windows_10,maj:Windows_10,leaf:Windows_10,leaf:Windows_10,leaf:Windows_10
3997,fam:Windows,fam:Windows,fam:Windows,maj:Windows_10,maj:Windows_10,maj:Windows_10|maj:Windows_8,leaf:Windows_10,leaf:Windows_10,leaf:Windows_10
4001,fam:Windows,fam:Windows,fam:Windows,maj:Windows_10,maj:Windows_10,maj:Windows_10,leaf:Windows_10,leaf:Windows_10,leaf:Windows_10
4002,fam:Windows,fam:Windows,fam:Windows,maj:Windows_10,maj:Windows_10,maj:Windows_10,leaf:Windows_10,leaf:Windows_10,leaf:Windows_10
4005,fam:Windows,fam:Windows,fam:Windows,maj:Windows_10,maj:Windows_10,maj:Windows_10,leaf:Windows_10,leaf:Windows_10,leaf:Windows_10
4006,fam:Windows,fam:Linux,,maj:Windows_10,maj:Linux_OTHER,maj:Linux_OTHER|maj:Windows_10,leaf:Windows_10,leaf:Linux_OTHER,leaf:Linux_OTHER
4009,fam:Windows,fam:Windows,fam:Windows,maj:Windows_10,maj:Windows_10,maj:Windows_10,leaf:Windows_10,leaf:Windows_10,leaf:Windows_10
4011,fam:Windows,fam:Windows,fam:Windows,maj:Windows_10,maj:Windows_10,maj:Windows_10,leaf:Windows_10,leaf:Windows_10,leaf:Windows_10
4012,fam:Windows,fam:Windows,fam:Windows,maj:Windows_10,maj:Windows_10,maj:Windows_10,leaf:Windows_10,leaf:Windows_10,leaf:Windows_10
4013,fam:Windows,fam:Windows,fam:Windows,maj:Windows_10,maj:Windows_8,maj:Windows_7|maj:Windows_8,leaf:Windows_10,leaf:Windows_8_1.0,leaf:Windows_7|leaf:Windows_8_1.0|leaf:Windows_8_OTHER
4014,fam:Windows,fam:Windows,fam:Windows,maj:Windows_10,maj:Windows_10,maj:Windows_10,leaf:Windows_10,leaf:Windows_10,leaf:Windows_10
4015,fam:Windows,fam:Windows,fam:Windows,maj:Windows_10,maj:Windows_8,maj:Windows_8,leaf:Windows_10,leaf:Windows_10,leaf:Windows_10|leaf:Windows_7|leaf:Windows_8_1.0
4016,fam:Windows,fam:Windows,fam:Windows,maj:Windows_10,maj:Windows_10,maj:Windows_10,leaf:Windows_10,leaf:Windows_10,leaf:Windows_10
4020,fam:Windows,fam:Windows,fam:Windows,maj:Windows_10,maj:Windows_10,maj:Windows_10,leaf:Windows_10,leaf:Windows_10,leaf:Windows_10
4021,fam:Windows,fam:Windows,fam:Windows,maj:Windows_10,maj:Windows_10,maj:Windows_10,leaf:Windows_10,leaf:Windows_10,leaf:Windows_10
4022,fam:Windows,fam:Windows,fam:Windows,maj:Windows_10,maj:Windows_10,maj:Windows_10,leaf:Windows_10,leaf:Windows_10,leaf:Windows_10
4025,fam:Windows,fam:Windows,fam:Windows,maj:Windows_10,maj:Windows_10,maj:Windows_10,leaf:Windows_10,leaf:Windows_10,leaf:Windows_10
4028,fam:Windows,fam:Windows,fam:Windows,maj:Windows_10,maj:Windows_10,maj:Windows_10,leaf:Windows_10,leaf:Windows_10,leaf:Windows_10
4029,fam:Windows,fam:Windows,fam:Windows,maj:Windows_10,maj:Windows_10,maj:Windows_10,leaf:Windows_10,leaf:Windows_10,leaf:Windows_10
4036,fam:Windows,fam:Windows,fam:Windows,maj:Windows_10,maj:Windows_10,maj:Windows_10,leaf:Windows_10,leaf:Windows_10,leaf:Windows_10
4037,fam:Windows,fam:Windows,fam:Windows,maj:Windows_10,maj:Windows_10,maj:Windows_10,leaf:Windows_10,leaf:Windows_10,leaf:Windows_10
4039,fam:Windows,fam:Windows,fam:Windows,maj:Windows_10,maj:Windows_10,maj:Windows_10,leaf:Windows_10,leaf:Windows_10,leaf:Windows_10
4045,fam:Windows,fam:Windows,fam:Windows,maj:Windows_10,maj:Windows_10,maj:Windows_10,leaf:Windows_10,leaf:Windows_10,leaf:Windows_10
4047,fam:Windows,fam:Windows,fam:Windows,maj:Windows_10,maj:Windows_10,maj:Windows_10,leaf:Windows_10,leaf:Windows_10,leaf:Windows_10
4048,fam:Windows,fam:Windows,fam:Windows,maj:Windows_10,maj:Windows_10,maj:Windows_10,leaf:Windows_10,leaf:Windows_10,leaf:Windows_10
4050,fam:Windows,fam:Windows,fam:Windows,maj:Windows_10,maj:Windows_10,maj:Windows_10,leaf:Windows_10,leaf:Windows_10,leaf:Windows_10
4051,fam:Windows,fam:Windows,fam:Windows,maj:Windows_10,maj:Windows_10,maj:Windows_10,leaf:Windows_10,leaf:Windows_10,leaf:Windows_10
4056,fam:Windows,fam:Windows,fam:Windows,maj:Windows_10,maj:Windows_10,maj:Windows_10,leaf:Windows_10,leaf:Windows_10,leaf:Windows_10
4064,fam:Windows,fam:Windows,fam:Windows,maj:Windows_10,maj:Windows_10,maj:Windows_10,leaf:Windows_10,leaf:Windows_10,leaf:Windows_10
4067,fam:Windows,fam:Windows,fam:Windows,maj:Windows_10,maj:Windows_10,maj:Windows_10,leaf:Windows_10,leaf:Windows_10,leaf:Windows_10
4074,fam:Windows,fam:Windows,fam:Windows,maj:Windows_10,maj:Windows_10,maj:Windows_10,leaf:Windows_10,leaf:Windows_10,leaf:Windows_10
4076,fam:Windows,fam:Windows,fam:Windows,maj:Windows_10,maj:Windows_10,maj:Windows_10,leaf:Windows_10,leaf:Windows_10,leaf:Windows_10
4078,fam:Windows,fam:Windows,fam:Windows,maj:Windows_10,maj:Windows_10,maj:Windows_10,leaf:Windows_10,leaf:Windows_10,leaf:Windows_10
4080,fam:Windows,fam:Windows,fam:Windows,maj:Windows_10,maj:Windows_7,maj:Windows_10|maj:Windows_7,leaf:Windows_10,leaf:Android_4_4.0,leaf:Android_4_4.0
4081,fam:Windows,fam:Android,fam:Android,maj:Windows_10,maj:Android_6,maj:Android_6|maj:Android_7,leaf:Windows_10,leaf:Android_7_0.0,leaf:Android_6_0.0|leaf:Android_7_0.0|leaf:Android_8_1.0
4083,fam:Windows,fam:Windows,fam:Windows,maj:Windows_10,maj:Windows_10,maj:Windows_10,leaf:Windows_10,leaf:Windows_10,leaf:Windows_10
4084,fam:Windows,fam:Windows,fam:Windows,maj:Windows_10,maj:Windows_10,maj:Windows_10,leaf:Windows_10,leaf:Windows_10,leaf:Windows_10
4086,fam:Windows,fam:Windows,fam:Windows,maj:Windows_10,maj:Windows_10,maj:Windows_10,leaf:Windows_10,leaf:Windows_10,leaf:Windows_10
4087,fam:Windows,fam:Windows,fam:Windows,maj:Windows_10,maj:Windows_10,maj:Windows_10,leaf:Windows_10,leaf:Windows_10,leaf:Windows_10
4088,fam:Windows,fam:Windows,fam:Windows,maj:Windows_10,maj:Windows_10,maj:Windows_10,leaf:Windows_10,leaf:Windows_10,leaf:Windows_10
4089,fam:Windows,fam:Windows,fam:Windows,maj:Windows_10,maj:Windows_10,maj:Windows_10,leaf:Windows_10,leaf:Windows_10,leaf:Windows_10|leaf:Windows_7
4090,fam:Windows,fam:Windows,fam:Windows,maj:Windows_10,maj:Windows_10,maj:Windows_10,leaf:Windows_10,leaf:Windows_10,leaf:Windows_10
4092,fam:Windows,fam:Windows,fam:Windows,maj:Windows_10,maj:Windows_10,maj:Windows_10,leaf:Windows_10,leaf:Windows_10,leaf:Windows_10
4095,fam:Windows,fam:Windows,fam:Windows,maj:Windows_10,maj:Windows_10,maj:Windows_10,leaf:Windows_10,leaf:Windows_10,leaf:Windows_10
4096,fam:Windows,fam:Windows,fam:Windows,maj:Windows_10,maj:Windows_10,maj:Windows_10|maj:Windows_8,leaf:Windows_10,leaf:Windows_10,leaf:Windows_10|leaf:Windows_8_OTHER
4097,fam:Windows,fam:Windows,fam:Windows,maj:Windows_10,maj:Windows_10,maj:Windows_10,leaf:Windows_10,leaf:Windows_10,leaf:Windows_10
4098,fam:Windows,fam:Windows,fam:Windows,maj:Windows_10,maj:Windows_10,maj:Windows_10,leaf:Windows_10,leaf:Windows_10,leaf:Windows_10
4101,fam:Windows,fam:Windows,fam:Windows,maj:Windows_10,maj:Windows_10,maj:Windows_10,leaf:Windows_10,leaf:Windows_10,leaf:Windows_10
4102,fam:Windows,fam:Windows,fam:Windows,maj:Windows_10,maj:Windows_10,maj:Windows_10,leaf:Windows_10,leaf:Windows_10,leaf:Windows_10
4103,fam:Windows,fam:Windows,fam:Windows,maj:Windows_10,maj:Windows_10,maj:Windows_10,leaf:Windows_10,leaf:Windows_10,leaf:Windows_10
4105,fam:Windows,fam:Windows,fam:Windows,maj:Windows_10,maj:Windows_10,maj:Windows_10,leaf:Windows_10,leaf:Windows_10,leaf:Windows_10
4107,fam:Windows,fam:Windows,fam:Windows,maj:Windows_10,maj:Windows_10,maj:Windows_10,leaf:Windows_10,leaf:Windows_10,leaf:Windows_10
4108,fam:Windows,fam:Windows,fam:Windows,maj:Windows_10,maj:Windows_10,maj:Windows_10,leaf:Windows_10,leaf:Windows_10,leaf:Windows_10
4109,fam:Windows,fam:Windows,fam:Windows,maj:Windows_10,maj:Windows_10,maj:Windows_10,leaf:Windows_10,leaf:Windows_7,leaf:Windows_7
4110,fam:Windows,fam:Windows,fam:Windows,maj:Windows_10,maj:Windows_10,maj:Windows_10,leaf:Windows_10,leaf:Windows_10,leaf:Windows_10
4111,fam:Windows,fam:Windows,fam:Windows,maj:Windows_10,maj:Windows_10,maj:Windows_10,leaf:Windows_10,leaf:Windows_10,leaf:Windows_10
4112,fam:Windows,fam:Windows,fam:Windows,maj:Windows_10,maj:Windows_10,maj:Windows_10,leaf:Windows_10,leaf:Windows_10,leaf:Windows_10
4116,fam:Windows,fam:Windows,fam:Windows,maj:Windows_10,maj:Windows_10,maj:Windows_10,leaf:Windows_10,leaf:Windows_10,leaf:Windows_10
4124,fam:Windows,fam:Windows,fam:Windows,maj:Windows_10,maj:Windows_10,maj:Windows_10,leaf:Windows_10,leaf:Windows_8_1.0,leaf:Windows_8_1.0
4125,fam:Windows,fam:Windows,fam:Windows,maj:Windows_10,maj:Windows_10,maj:Windows_10,leaf:Windows_10,leaf:Windows_10,leaf:Windows_10
4127,fam:Windows,fam:Windows,fam:Windows,maj:Windows_10,maj:Windows_10,maj:Windows_10,leaf:Windows_10,leaf:Windows_10,leaf:Windows_10
4128,fam:Windows,fam:Windows,fam:Windows,maj:Windows_10,maj:Windows_10,maj:Windows_10,leaf:Windows_10,leaf:Windows_10,leaf:Windows_10
4129,fam:Windows,fam:Windows,fam:Windows,maj:Windows_10,maj:Windows_10,maj:Windows_10,leaf:Windows_10,leaf:Windows_10,leaf:Windows_10
4131,fam:Windows,fam:Windows,fam:Windows,maj:Windows_10,maj:Windows_10,maj:Windows_10,leaf:Windows_10,leaf:Windows_10,leaf:Windows_10
4132,fam:Windows,fam:Windows,fam:Windows,maj:Windows_10,maj:Windows_10,maj:Windows_10,leaf:Windows_10,leaf:Windows_10,leaf:Windows_10
4133,fam:Windows,fam:Windows,fam:Windows,maj:Windows_10,maj:Windows_10,maj:Windows_10,leaf:Windows_10,leaf:Windows_10,leaf:Windows_10
4137,fam:Windows,fam:Windows,fam:Windows,maj:Windows_10,maj:Windows_10,maj:Windows_10,leaf:Windows_10,leaf:Windows_10,leaf:Windows_10
4139,fam:Windows,fam:Windows,,maj:Windows_10,maj:Linux_OTHER,maj:Linux_OTHER|maj:Windows_7,leaf:Windows_10,leaf:Linux_OTHER,leaf:Linux_OTHER|leaf:Linux_Ubuntu
4143,fam:Windows,fam:Windows,fam:Windows,maj:Windows_10,maj:Windows_10,maj:Windows_10,leaf:Windows_10,leaf:Windows_10,leaf:Windows_10
4144,fam:Windows,fam:Windows,fam:Windows,maj:Windows_10,maj:Windows_10,maj:Windows_10,leaf:Windows_10,leaf:Windows_10,leaf:Windows_10
4145,fam:Windows,fam:Windows,fam:Windows,maj:Windows_10,maj:Windows_10,maj:Windows_10,leaf:Windows_10,leaf:Windows_10,leaf:Windows_10
4146,fam:Windows,fam:Windows,fam:Windows,maj:Windows_10,maj:Windows_10,maj:Windows_10,leaf:Windows_10,leaf:Windows_10,leaf:Windows_10
4148,fam:Windows,fam:Windows,fam:Windows,maj:Windows_10,maj:Windows_8,maj:Windows_10|maj:Windows_8,leaf:Windows_10,leaf:Windows_8_1.0,leaf:Windows_10|leaf:Windows_8_1.0
4150,fam:Windows,fam:Windows,fam:Windows,maj:Windows_10,maj:Windows_10,maj:Windows_10,leaf:Windows_10,leaf:Windows_10,leaf:Windows_10
4151,fam:Windows,fam:Windows,fam:Windows,maj:Windows_10,maj:Windows_10,maj:Windows_10,leaf:Windows_10,leaf:Windows_10,leaf:Windows_10
4152,fam:Windows,fam:Windows,fam:Windows,maj:Windows_10,maj:Windows_10,maj:Windows_10|maj:Windows_8,leaf:Windows_10,leaf:Windows_10,leaf:Windows_10|leaf:Windows_8_OTHER
4153,fam:Windows,fam:Windows,fam:Windows,maj:Windows_10,maj:Windows_10,maj:Windows_10,leaf:Windows_10,leaf:Windows_10,leaf:Windows_10
4154,fam:Windows,fam:Windows,fam:Windows,maj:Windows_10,maj:Windows_10,maj:Windows_10,leaf:Windows_10,leaf:Windows_10,leaf:Windows_10
4155,fam:Windows,fam:Windows,fam:Windows,maj:Windows_10,maj:Windows_10,maj:Windows_10,leaf:Windows_10,leaf:Windows_10,leaf:Windows_10
4157,fam:Windows,fam:Windows,fam:Windows,maj:Windows_10,maj:Windows_7,maj:Windows_7,leaf:Windows_10,leaf:Windows_7,leaf:Linux_OTHER|leaf:Windows_7
4158,fam:Windows,fam:Windows,fam:Windows,maj:Windows_10,maj:Windows_10,maj:Windows_10,leaf:Windows_10,leaf:Windows_10,leaf:Windows_10
4161,fam:Windows,fam:Windows,fam:Windows,maj:Windows_10,maj:Windows_10,maj:Windows_10,leaf:Windows_10,leaf:Windows_10,leaf:Windows_10
4162,fam:Windows,fam:Windows,fam:Windows,maj:Windows_10,maj:Windows_10,maj:Windows_10,leaf:Windows_10,leaf:Windows_10,leaf:Windows_10
4166,fam:Windows,fam:Windows,fam:Windows,maj:Windows_10,maj:Windows_10,maj:Windows_10,leaf:Windows_10,leaf:Windows_10,leaf:Windows_10
4169,fam:Windows,fam:Windows,fam:Windows,maj:Windows_10,maj:Windows_10,maj:Windows_10,leaf:Windows_10,leaf:Windows_10,leaf:Windows_10
4170,fam:Windows,fam:Windows,fam:Windows,maj:Windows_10,maj:Windows_10,maj:Windows_10,leaf:Windows_10,leaf:Windows_10,leaf:Windows_10
4171,fam:Windows,fam:Windows,fam:Windows,maj:Windows_10,maj:Windows_10,maj:Windows_10,leaf:Windows_10,leaf:Windows_10,leaf:Windows_10
4172,fam:Windows,fam:Windows,fam:Windows,maj:Windows_10,maj:Windows_10,maj:Windows_10,leaf:Windows_10,leaf:Windows_10,leaf:Windows_10
4174,fam:Windows,fam:Windows,fam:Windows,maj:Windows_10,maj:Windows_10,maj:Windows_10,leaf:Windows_10,leaf:Windows_10,leaf:Windows_10|leaf:Windows_7
4175,fam:Windows,fam:Windows,fam:Windows,maj:Windows_10,maj:Windows_10,maj:Windows_10,leaf:Windows_10,leaf:Windows_10,leaf:Windows_10
4177,fam:Windows,fam:Windows,fam:Windows,maj:Windows_10,maj:Windows_10,maj:Windows_10,leaf:Windows_10,leaf:Windows_10,leaf:Windows_10
4180,fam:Windows,fam:Windows,fam:Windows,maj:Windows_10,maj:Windows_10,maj:Windows_10,leaf:Windows_10,leaf:Windows_10,leaf:Windows_10
4181,fam:Windows,fam:Windows,fam:Windows,maj:Windows_10,maj:Windows_10,maj:Windows_10,leaf:Windows_10,leaf:Windows_10,leaf:Windows_10
4184,fam:Windows,fam:Windows,fam:Windows,maj:Windows_10,maj:Windows_10,maj:Windows_10,leaf:Windows_10,leaf:Windows_10,leaf:Windows_10
4188,fam:Windows,fam:Windows,fam:Windows,maj:Windows_10,maj:Windows_10,maj:Windows_10,leaf:Windows_10,leaf:Windows_10,leaf:Windows_10
4193,fam:Windows,fam:Android,,maj:Windows_10,maj:Windows_7,maj:Windows_10|maj:Windows_7,leaf:Windows_10,leaf:Android_7_0.0,leaf:Android_6_0.0|leaf:Android_7_0.0
4195,fam:Windows,fam:Windows,fam:Windows,maj:Windows_10,maj:Windows_10,maj:Windows_10,leaf:Windows_10,leaf:Windows_10,leaf:Windows_10
4197,fam:Windows,fam:Windows,fam:Windows,maj:Windows_10,maj:Windows_10,maj:Windows_10,leaf:Windows_10,leaf:Windows_10,leaf:Windows_10|leaf:Windows_8_OTHER
4199,fam:Windows,fam:Windows,fam:Windows,maj:Windows_10,maj:Windows_10,maj:Windows_10,leaf:Windows_10,leaf:Windows_7,leaf:Windows_10|leaf:Windows_7
4200,fam:Windows,fam:Windows,fam:Windows,maj:Windows_10,maj:Windows_10,maj:Windows_10,leaf:Windows_10,leaf:Windows_10,leaf:Windows_10
4201,fam:Windows,fam:Windows,fam:Windows,maj:Windows_10,maj:Windows_10,maj:Windows_10,leaf:Windows_10,leaf:Windows_10,leaf:Windows_10
4203,fam:Windows,fam:Windows,fam:Windows,maj:Windows_10,maj:Windows_10,maj:Windows_10,leaf:Windows_10,leaf:Windows_10,leaf:Windows_10
4204,fam:Windows,fam:Windows,fam:Windows,maj:Windows_10,maj:Windows_10,maj:Windows_10,leaf:Windows_10,leaf:Windows_10,leaf:Windows_10
4205,fam:Windows,fam:Windows,fam:Windows,maj:Windows_10,maj:Windows_7,maj:Windows_10|maj:Windows_7,leaf:Windows_10,leaf:Android_4_4.0,leaf:Android_4_4.0
4207,fam:Windows,fam:Windows,fam:Windows,maj:Windows_10,maj:Windows_10,maj:Windows_10,leaf:Windows_10,leaf:Windows_10,leaf:Windows_10
4208,fam:Windows,fam:Windows,fam:Windows,maj:Windows_10,maj:Windows_10,maj:Windows_10,leaf:Windows_10,leaf:Windows_10,leaf:Windows_10
4212,fam:Windows,fam:Windows,fam:Windows,maj:Windows_10,maj:Windows_10,maj:Windows_10,leaf:Windows_10,leaf:Windows_10,leaf:Windows_10
4213,fam:Windows,fam:Windows,fam:Windows,maj:Windows_10,maj:Windows_10,maj:Windows_10,leaf:Windows_10,leaf:Windows_10,leaf:Windows_10
4214,fam:Windows,fam:Windows,fam:Windows,maj:Windows_10,maj:Windows_10,maj:Windows_10,leaf:Windows_10,leaf:Windows_10,leaf:Windows_10
4217,fam:Windows,fam:Windows,fam:Windows,maj:Windows_10,maj:Windows_10,maj:Windows_10|maj:Windows_8,leaf:Windows_10,leaf:Windows_10,leaf:Windows_10|leaf:Windows_8_OTHER
4221,fam:Windows,fam:Windows,fam:Windows,maj:Windows_10,maj:Windows_10,maj:Windows_10,leaf:Windows_10,leaf:Windows_10,leaf:Windows_10
4226,fam:Windows,fam:Windows,fam:Windows,maj:Windows_10,maj:Windows_10,maj:Windows_10,leaf:Windows_10,leaf:Windows_10,leaf:Windows_10
4230,fam:Windows,fam:Windows,fam:Windows,maj:Windows_10,maj:Windows_10,maj:Windows_10,leaf:Windows_10,leaf:Windows_10,leaf:Windows_10
4231,fam:Windows,fam:Windows,fam:Windows,maj:Windows_10,maj:Windows_10,maj:Windows_10,leaf:Windows_10,leaf:Windows_10,leaf:Windows_10
4233,fam:Windows,fam:Windows,fam:Windows,maj:Windows_10,maj:Windows_10,maj:Windows_10,leaf:Windows_10,leaf:macOS_10_13.0,leaf:macOS_10_11.0|leaf:macOS_10_13.0
4234,fam:Windows,fam:Windows,fam:Windows,maj:Windows_10,maj:Windows_10,maj:Windows_10,leaf:Windows_10,leaf:Windows_10,leaf:Windows_10
4236,fam:Windows,fam:Windows,fam:Windows,maj:Windows_10,maj:Windows_10,maj:Windows_10,leaf:Windows_10,leaf:Windows_10,leaf:Windows_10
4240,fam:Windows,fam:Windows,fam:Windows,maj:Windows_10,maj:Windows_10,maj:Windows_10,leaf:Windows_10,leaf:Windows_10,leaf:Windows_10
4243,fam:Windows,fam:Windows,fam:Windows,maj:Windows_10,maj:Windows_10,maj:Windows_10,leaf:Windows_10,leaf:Windows_10,leaf:Windows_10
4247,fam:Windows,fam:Windows,fam:Windows,maj:Windows_10,maj:Windows_10,maj:Android_7|maj:Windows_10,leaf:Windows_10,leaf:Windows_10,leaf:Windows_10
4251,fam:Windows,fam:Windows,fam:Windows,maj:Windows_10,maj:Windows_10,maj:Windows_10,leaf:Windows_10,leaf:Windows_10,leaf:Windows_10
4252,fam:Windows,fam:Windows,fam:Windows,maj:Windows_10,maj:Windows_10,maj:Windows_10,leaf:Windows_10,leaf:Windows_10,leaf:Windows_10
4253,fam:Windows,fam:Windows,fam:Windows,maj:Windows_10,maj:Windows_10,maj:Windows_10,leaf:Windows_10,leaf:Windows_10,leaf:Windows_10
4255,fam:Windows,fam:Windows,fam:Windows,maj:Windows_10,maj:Windows_10,maj:Windows_10,leaf:Windows_10,leaf:Windows_10,leaf:Windows_10
4258,fam:Windows,fam:Windows,fam:Windows,maj:Windows_10,maj:Windows_10,maj:Windows_10,leaf:Windows_10,leaf:Windows_10,leaf:Windows_10
4259,fam:Windows,fam:Windows,fam:Windows,maj:Windows_10,maj:Windows_10,maj:Windows_10,leaf:Windows_10,leaf:Windows_10,leaf:Windows_10
4264,fam:Windows,fam:Windows,fam:Windows,maj:Windows_10,maj:Windows_10,maj:Windows_10,leaf:Windows_10,leaf:Windows_10,leaf:Windows_10
4267,fam:Windows,fam:Windows,fam:Windows,maj:Windows_10,maj:Windows_8,maj:Windows_8,leaf:Windows_10,leaf:Windows_8_OTHER,leaf:Windows_10|leaf:Windows_8_OTHER
4269,fam:Windows,fam:Windows,fam:Windows,maj:Windows_10,maj:Windows_10,maj:Windows_10,leaf:Windows_10,leaf:Android_4_4.0,leaf:Android_4_4.0|leaf:Linux_OTHER
4273,fam:Windows,fam:Windows,fam:Windows,maj:Windows_10,maj:Windows_10,maj:Windows_10,leaf:Windows_10,leaf:Windows_10,leaf:Windows_10
4274,fam:Windows,fam:Windows,fam:Windows,maj:Windows_10,maj:Windows_10,maj:Windows_10,leaf:Windows_10,leaf:Windows_10,leaf:Windows_10
4276,fam:Windows,fam:Windows,fam:Windows,maj:Windows_10,maj:Windows_10,maj:Windows_10,leaf:Windows_10,leaf:Windows_10,leaf:Windows_10
4277,fam:Windows,fam:Windows,fam:Windows,maj:Windows_10,maj:Windows_10,maj:Windows_10,leaf:Windows_10,leaf:Windows_10,leaf:Windows_10
4278,fam:Windows,fam:Windows,fam:Windows,maj:Windows_10,maj:Windows_10,maj:Windows_10,leaf:Windows_10,leaf:Windows_10,leaf:Windows_10
4282,fam:Windows,fam:Windows,fam:Windows,maj:Windows_10,maj:Windows_10,maj:Windows_10,leaf:Windows_10,leaf:Windows_10,leaf:Windows_10
4284,fam:Windows,fam:Windows,fam:Windows,maj:Windows_10,maj:Windows_10,maj:Windows_10,leaf:Windows_10,leaf:Windows_10,leaf:Windows_10
4285,fam:Windows,fam:Windows,fam:Windows,maj:Windows_10,maj:Windows_10,maj:Windows_10,leaf:Windows_10,leaf:Windows_10,leaf:Windows_10
4286,fam:Windows,fam:Windows,fam:Windows,maj:Windows_10,maj:Windows_10,maj:Windows_10,leaf:Windows_10,leaf:Windows_10,leaf:Windows_10
4290,fam:Windows,fam:Windows,fam:Windows,maj:Windows_10,maj:Windows_10,maj:Windows_10,leaf:Windows_10,leaf:Windows_10,leaf:Windows_10
4291,fam:Windows,fam:Windows,fam:Windows,maj:Windows_10,maj:Windows_10,maj:Windows_10,leaf:Windows_10,leaf:Windows_10,leaf:Windows_10
4293,fam:Windows,fam:Windows,fam:Windows,maj:Windows_10,maj:Windows_10,maj:Windows_10,leaf:Windows_10,leaf:Windows_10,leaf:Windows_10
4296,fam:Windows,fam:Windows,fam:Windows,maj:Windows_10,maj:Windows_10,maj:Windows_10,leaf:Windows_10,leaf:Windows_10,leaf:Windows_10|leaf:Windows_8_1.0
4302,fam:Windows,fam:Windows,fam:Windows,maj:Windows_10,maj:Windows_7,maj:Windows_7,leaf:Windows_10,leaf:Windows_10,leaf:Windows_10
4305,fam:Windows,fam:Windows,fam:Windows,maj:Windows_10,maj:Windows_10,maj:Windows_10,leaf:Windows_10,leaf:Windows_10,leaf:Windows_10
4307,fam:Windows,fam:Windows,fam:Windows,maj:Windows_10,maj:Windows_10,maj:Windows_10,leaf:Windows_10,leaf:Windows_10,leaf:Windows_10
4308,fam:Windows,fam:Windows,fam:Windows,maj:Windows_10,maj:Windows_10,maj:Windows_10,leaf:Windows_10,leaf:Windows_10,leaf:Windows_10
4310,fam:Windows,fam:Windows,fam:Windows,maj:Windows_10,maj:Windows_10,maj:Windows_10,leaf:Windows_10,leaf:Windows_10,leaf:Windows_10
4311,fam:Windows,fam:Windows,fam:Windows,maj:Windows_10,maj:Windows_10,maj:Windows_10,leaf:Windows_10,leaf:Windows_10,leaf:Windows_10
4313,fam:Windows,fam:Windows,fam:Windows,maj:Windows_10,maj:Windows_10,maj:Windows_10,leaf:Windows_10,leaf:Windows_10,leaf:Windows_10
4315,fam:Windows,fam:Windows,fam:Windows,maj:Windows_10,maj:Windows_10,maj:Windows_10,leaf:Windows_10,leaf:Windows_10,leaf:Windows_10
4317,fam:Windows,fam:Windows,fam:Windows,maj:Windows_10,maj:Windows_10,maj:Windows_10,leaf:Windows_10,leaf:Windows_10,leaf:Windows_10
4319,fam:Windows,fam:Windows,fam:Windows,maj:Windows_10,maj:Windows_7,maj:Windows_10|maj:Windows_7,leaf:Windows_10,leaf:Windows_7,leaf:Windows_7
4320,fam:Windows,fam:Windows,fam:Windows,maj:Windows_10,maj:Windows_10,maj:Windows_10,leaf:Windows_10,leaf:Windows_10,leaf:Windows_10
4321,fam:Windows,fam:Windows,fam:Windows,maj:Windows_10,maj:Windows_10,maj:Windows_10,leaf:Windows_10,leaf:Windows_7,leaf:Windows_10|leaf:Windows_7|leaf:Windows_8_OTHER
4323,fam:Windows,fam:Windows,fam:Windows,maj:Windows_10,maj:Windows_10,maj:Windows_10,leaf:Windows_10,leaf:Windows_10,leaf:Windows_10
4324,fam:Windows,fam:Windows,fam:Windows,maj:Windows_10,maj:Windows_10,maj:Windows_10,leaf:Windows_10,leaf:Windows_10,leaf:Windows_10
4325,fam:Windows,fam:Windows,fam:Windows,maj:Windows_10,maj:Windows_10,maj:Windows_10,leaf:Windows_10,leaf:Windows_10,leaf:Windows_10
4326,fam:Windows,fam:Windows,fam:Windows,maj:Windows_10,maj:Windows_10,maj:Windows_10,leaf:Windows_10,leaf:Windows_10,leaf:Windows_10
4327,fam:Windows,fam:Windows,fam:Windows,maj:Windows_10,maj:Windows_10,maj:Windows_10,leaf:Windows_10,leaf:Windows_10,leaf:Windows_10
4328,fam:Windows,fam:Windows,fam:Windows,maj:Windows_10,maj:Windows_10,maj:Windows_10,leaf:Windows_10,leaf:Windows_10,leaf:Windows_10
4330,fam:Windows,fam:Windows,fam:Windows,maj:Windows_10,maj:Windows_10,maj:Windows_10,leaf:Windows_10,leaf:Windows_10,leaf:Windows_10
4332,fam:Windows,fam:Windows,fam:Windows,maj:Windows_10,maj:Windows_10,maj:Windows_10,leaf:Windows_10,leaf:Windows_10,leaf:Windows_10
4333,fam:Windows,fam:Windows,fam:Windows,maj:Windows_10,maj:Windows_10,maj:Windows_10,leaf:Windows_10,leaf:Windows_10,leaf:Windows_10
4336,fam:Windows,fam:Windows,fam:Windows,maj:Windows_10,maj:Windows_10,maj:Windows_10,leaf:Windows_10,leaf:Windows_10,leaf:Windows_10
4338,fam:Windows,fam:Windows,fam:Windows,maj:Windows_10,maj:Windows_10,maj:Windows_10,leaf:Windows_10,leaf:Windows_10,leaf:Windows_10
4344,fam:Windows,fam:Windows,fam:Windows,maj:Windows_10,maj:Windows_10,maj:Windows_10,leaf:Windows_10,leaf:Windows_10,leaf:Windows_10
4347,fam:Windows,fam:Windows,fam:Windows,maj:Windows_10,maj:Windows_10,maj:Windows_10,leaf:Windows_10,leaf:Windows_10,leaf:Windows_10
4348,fam:Windows,fam:Windows,fam:Windows,maj:Windows_10,maj:Windows_10,maj:Windows_10,leaf:Windows_10,leaf:Windows_10,leaf:Windows_10
4349,fam:Windows,fam:Windows,fam:Windows,maj:Windows_10,maj:Windows_10,maj:Windows_10,leaf:Windows_10,leaf:Windows_10,leaf:Windows_10
4351,fam:Windows,fam:Windows,fam:Windows,maj:Windows_10,maj:Windows_10,maj:Windows_10,leaf:Windows_10,leaf:Windows_10,leaf:Windows_10
4352,fam:Windows,fam:Windows,fam:Windows,maj:Windows_10,maj:Windows_10,maj:Windows_10,leaf:Windows_10,leaf:Windows_10,leaf:Windows_10
4353,fam:Windows,fam:Windows,fam:Windows,maj:Windows_10,maj:Windows_10,maj:Windows_10,leaf:Windows_10,leaf:Windows_10,leaf:Windows_10
4354,fam:Windows,fam:Windows,fam:Windows,maj:Windows_10,maj:Windows_10,maj:Windows_10,leaf:Windows_10,leaf:Windows_10,leaf:Windows_10
4360,fam:Windows,fam:Windows,fam:Windows,maj:Windows_10,maj:Windows_10,maj:Windows_10,leaf:Windows_10,leaf:Windows_10,leaf:Windows_10
4362,fam:Windows,fam:Windows,fam:Windows,maj:Windows_10,maj:Windows_10,maj:Windows_10,leaf:Windows_10,leaf:Windows_10,leaf:Windows_10
4363,fam:Windows,fam:Windows,fam:Windows,maj:Windows_10,maj:Windows_10,maj:Windows_10,leaf:Windows_10,leaf:Windows_10,leaf:Windows_10
4364,fam:Windows,fam:Windows,fam:Windows,maj:Windows_10,maj:Windows_10,maj:Windows_10,leaf:Windows_10,leaf:Windows_10,leaf:Windows_10
4366,fam:Windows,fam:Windows,fam:Windows,maj:Windows_10,maj:Windows_10,maj:Windows_10,leaf:Windows_10,leaf:Windows_10,leaf:Windows_10
4368,fam:Windows,fam:Windows,fam:Windows,maj:Windows_10,maj:Windows_10,maj:Windows_10,leaf:Windows_10,leaf:Windows_10,leaf:Windows_10
4369,fam:Windows,fam:Windows,fam:Windows,maj:Windows_10,maj:Windows_10,maj:Windows_10,leaf:Windows_10,leaf:Windows_10,leaf:Windows_10
4372,fam:Windows,fam:Windows,fam:Windows,maj:Windows_10,maj:Windows_10,maj:Windows_10,leaf:Windows_10,leaf:Windows_10,leaf:Windows_10
4373,fam:Windows,fam:Windows,fam:Windows,maj:Windows_10,maj:Windows_10,maj:Windows_10,leaf:Windows_10,leaf:Windows_10,leaf:Windows_10
4376,fam:Windows,fam:Windows,fam:Windows,maj:Windows_10,maj:Windows_10,maj:Windows_10,leaf:Windows_10,leaf:Windows_10,leaf:Windows_10
4377,fam:Windows,fam:Windows,fam:Windows,maj:Windows_10,maj:Windows_10,maj:Windows_10,leaf:Windows_10,leaf:Windows_10,leaf:Windows_10
4378,fam:Windows,fam:Windows,fam:Windows,maj:Windows_10,maj:Windows_10,maj:Windows_10,leaf:Windows_10,leaf:Windows_10,leaf:Windows_10
4379,fam:Windows,fam:Windows,fam:Windows,maj:Windows_10,maj:Windows_10,maj:Windows_10,leaf:Windows_10,leaf:Windows_10,leaf:Windows_10
4384,fam:Windows,fam:Windows,fam:Windows,maj:Windows_10,maj:Windows_10,maj:Windows_10,leaf:Windows_10,leaf:Windows_10,leaf:Windows_10
4386,fam:Windows,fam:Windows,fam:Windows,maj:Windows_10,maj:Windows_10,maj:Windows_10,leaf:Windows_10,leaf:Windows_10,leaf:Windows_10
4389,fam:Windows,fam:Windows,fam:Windows,maj:Windows_10,maj:Windows_10,maj:Windows_10,leaf:Windows_10,leaf:Windows_10,leaf:Windows_10
4394,fam:Windows,fam:Windows,fam:Windows,maj:Windows_10,maj:Windows_10,maj:Windows_10,leaf:Windows_10,leaf:Windows_10,leaf:Windows_10
4396,fam:Windows,fam:Windows,fam:Windows,maj:Windows_10,maj:Windows_10,maj:Windows_10,leaf:Windows_10,leaf:Windows_10,leaf:Windows_10
4397,fam:Windows,fam:Windows,fam:Windows,maj:Windows_10,maj:Windows_10,maj:Windows_10,leaf:Windows_10,leaf:Windows_10,leaf:Windows_10
4398,fam:Windows,fam:Windows,fam:Windows,maj:Windows_10,maj:Windows_10,maj:Windows_10,leaf:Windows_10,leaf:Windows_10,leaf:Windows_10
4399,fam:Windows,fam:Windows,fam:Windows,maj:Windows_10,maj:Windows_10,maj:Windows_10,leaf:Windows_10,leaf:Windows_10,leaf:Windows_10
4402,fam:Windows,fam:Windows,fam:Windows,maj:Windows_10,maj:Windows_10,maj:Windows_10,leaf:Windows_10,leaf:Windows_10,leaf:Windows_10
4403,fam:Windows,fam:Windows,fam:Windows,maj:Windows_10,maj:Windows_10,maj:Windows_10,leaf:Windows_10,leaf:Windows_10,leaf:Windows_10
4404,fam:Windows,fam:Windows,fam:Windows,maj:Windows_10,maj:Windows_10,maj:Windows_10,leaf:Windows_10,leaf:Windows_10,leaf:Windows_10
4408,fam:Windows,fam:Windows,fam:Windows,maj:Windows_10,maj:Windows_10,maj:Windows_10,leaf:Windows_10,leaf:Windows_10,leaf:Windows_10
4410,fam:Windows,fam:Windows,fam:Windows,maj:Windows_10,maj:Windows_10,maj:Windows_10,leaf:Windows_10,leaf:Windows_10,leaf:Windows_10
4411,fam:Windows,fam:Windows,fam:Windows,maj:Windows_10,maj:Windows_10,maj:Windows_10,leaf:Windows_10,leaf:Windows_10,leaf:Windows_10
4412,fam:Windows,fam:Windows,fam:Windows,maj:Windows_10,maj:Windows_10,maj:Windows_10,leaf:Windows_10,leaf:Windows_10,leaf:Windows_10
4418,fam:Windows,fam:Windows,fam:Windows,maj:Windows_10,maj:Windows_10,maj:Windows_10,leaf:Windows_10,leaf:Windows_10,leaf:Windows_10
4420,fam:Windows,fam:Windows,fam:Windows,maj:Windows_10,maj:Windows_10,maj:Windows_10,leaf:Windows_10,leaf:Windows_10,leaf:Windows_10
4422,fam:Windows,fam:Windows,fam:Windows,maj:Windows_10,maj:Windows_10,maj:Windows_10,leaf:Windows_10,leaf:Windows_10,leaf:Windows_10
4424,fam:Windows,fam:Windows,fam:Windows,maj:Windows_10,maj:Windows_10,maj:Windows_10,leaf:Windows_10,leaf:Windows_10,leaf:Windows_10
4426,fam:Windows,fam:Windows,fam:Windows,maj:Windows_10,maj:Windows_10,maj:Windows_10,leaf:Windows_10,leaf:Windows_10,leaf:Windows_10
4429,fam:Windows,fam:Windows,fam:Windows,maj:Windows_10,maj:Windows_10,maj:Windows_10,leaf:Windows_10,leaf:Windows_10,leaf:Windows_10
4431,fam:Windows,fam:Windows,fam:Windows,maj:Windows_10,maj:Windows_10,maj:Windows_10,leaf:Windows_10,leaf:Windows_10,leaf:Windows_10
4432,fam:Windows,fam:Windows,fam:Windows,maj:Windows_10,maj:Windows_10,maj:Windows_10,leaf:Windows_10,leaf:Windows_10,leaf:Windows_10
4434,fam:Windows,fam:Windows,fam:Windows,maj:Windows_10,maj:Windows_10,maj:Windows_10,leaf:Windows_10,leaf:Windows_10,leaf:Windows_10
4437,fam:Windows,fam:Windows,fam:Windows,maj:Windows_10,maj:Windows_10,maj:Windows_10,leaf:Windows_10,leaf:Windows_10,leaf:Windows_10
4444,fam:Windows,fam:Windows,fam:Windows,maj:Windows_10,maj:Windows_10,maj:Windows_10,leaf:Windows_10,leaf:Windows_10,leaf:Windows_10
4445,fam:Windows,fam:Windows,fam:Windows,maj:Windows_10,maj:Windows_10,maj:Windows_10,leaf:Windows_10,leaf:Windows_10,leaf:Windows_10
4446,fam:Windows,fam:Windows,fam:Windows,maj:Windows_10,maj:Windows_8,maj:Windows_8,leaf:Windows_10,leaf:Windows_8_OTHER,leaf:Windows_10|leaf:Windows_8_OTHER
4447,fam:Windows,fam:Windows,fam:Windows,maj:Windows_10,maj:Windows_10,maj:Windows_10,leaf:Windows_10,leaf:Windows_10,leaf:Windows_10
4448,fam:Windows,fam:Windows,fam:Windows,maj:Windows_10,maj:Windows_10,maj:Windows_10,leaf:Windows_10,leaf:Windows_10,leaf:Windows_10
4454,fam:Windows,fam:Windows,fam:Windows,maj:Windows_10,maj:Windows_10,maj:Windows_10,leaf:Windows_10,leaf:Windows_10,leaf:Windows_10
4456,fam:Windows,fam:Windows,fam:Windows,maj:Windows_10,maj:Windows_10,maj:Windows_10,leaf:Windows_10,leaf:Windows_10,leaf:Windows_10
4457,fam:Windows,fam:Windows,fam:Windows,maj:Windows_10,maj:Windows_10,maj:Windows_10,leaf:Windows_10,leaf:Android_5_1.0,leaf:Android_5_1.0|leaf:Android_6_0.0
4458,fam:Windows,fam:Windows,fam:Windows,maj:Windows_10,maj:Windows_10,maj:Windows_10,leaf:Windows_10,leaf:Windows_10,leaf:Windows_10
4462,fam:Windows,fam:Windows,fam:Windows,maj:Windows_10,maj:Windows_10,maj:Windows_10,leaf:Windows_10,leaf:Windows_10,leaf:Windows_10
4463,fam:Windows,fam:Windows,fam:Windows,maj:Windows_10,maj:Windows_10,maj:Windows_10,leaf:Windows_10,leaf:Windows_10,leaf:Windows_10
4467,fam:Windows,fam:Windows,fam:Windows,maj:Windows_10,maj:Windows_10,maj:Windows_10,leaf:Windows_10,leaf:Windows_10,leaf:Windows_10
4468,fam:Windows,fam:Windows,fam:Windows,maj:Windows_10,maj:Windows_10,maj:Windows_10,leaf:Windows_10,leaf:Windows_10,leaf:Windows_10
4469,fam:Windows,fam:Windows,fam:Windows,maj:Windows_10,maj:Windows_10,maj:Windows_10,leaf:Windows_10,leaf:Windows_10,leaf:Windows_10
4473,fam:Windows,fam:Windows,fam:Windows,maj:Windows_10,maj:Windows_10,maj:Windows_10,leaf:Windows_10,leaf:Windows_10,leaf:Windows_10
4474,fam:Windows,fam:Windows,fam:Windows,maj:Windows_10,maj:Windows_10,maj:Windows_10,leaf:Windows_10,leaf:Windows_10,leaf:Windows_10
4475,fam:Windows,fam:Windows,fam:Windows,maj:Windows_10,maj:Windows_10,maj:Windows_10,leaf:Windows_10,leaf:Windows_10,leaf:Windows_10
4476,fam:Windows,fam:Android,,maj:Windows_10,maj:Windows_7,maj:Android_6|maj:Windows_7,leaf:Windows_10,leaf:Android_7_0.0,leaf:Android_7_0.0
4478,fam:Windows,fam:Windows,fam:Windows,maj:Windows_10,maj:Windows_10,maj:Windows_10,leaf:Windows_10,leaf:Windows_10,leaf:Windows_10
4479,fam:Windows,fam:Windows,fam:Windows,maj:Windows_10,maj:Windows_10,maj:Windows_10,leaf:Windows_10,leaf:Windows_10,leaf:Windows_10
4480,fam:Windows,fam:Windows,fam:Windows,maj:Windows_10,maj:Windows_10,maj:Windows_10,leaf:Windows_10,leaf:Windows_10,leaf:Windows_10
4482,fam:Windows,fam:Windows,fam:Windows,maj:Windows_10,maj:Windows_10,maj:Windows_10,leaf:Windows_10,leaf:Windows_10,leaf:Windows_10
4483,fam:Windows,fam:Windows,fam:Windows,maj:Windows_10,maj:Windows_10,maj:Windows_10,leaf:Windows_10,leaf:Windows_10,leaf:Windows_10
4484,fam:Windows,fam:Windows,fam:Windows,maj:Windows_10,maj:Windows_10,maj:Windows_10,leaf:Windows_10,leaf:Windows_10,leaf:Android_4_1.0|leaf:Windows_10|leaf:macOS_10_11.0
4485,fam:Windows,fam:Windows,fam:Windows,maj:Windows_10,maj:Windows_10,maj:Windows_10,leaf:Windows_10,leaf:Windows_10,leaf:Windows_10
4487,fam:Windows,fam:Windows,fam:Windows,maj:Windows_10,maj:Windows_10,maj:Windows_10,leaf:Windows_10,leaf:Windows_10,leaf:Windows_10
4488,fam:Windows,fam:Windows,fam:Windows,maj:Windows_10,maj:Windows_10,maj:Windows_10,leaf:Windows_10,leaf:Windows_10,leaf:Windows_10
4489,fam:Windows,fam:Linux,,maj:Windows_10,maj:Linux_OTHER,maj:Linux_OTHER,leaf:Windows_10,leaf:Linux_OTHER,leaf:Linux_OTHER|leaf:macOS_10_14.0
4492,fam:Windows,fam:Windows,fam:Windows,maj:Windows_10,maj:Windows_10,maj:Windows_10,leaf:Windows_10,leaf:Windows_10,leaf:Windows_10
4493,fam:Windows,fam:Windows,fam:Windows,maj:Windows_10,maj:Windows_10,maj:Windows_10,leaf:Windows_10,leaf:Windows_10,leaf:Windows_10
4494,fam:Windows,fam:Windows,fam:Windows,maj:Windows_10,maj:Windows_10,maj:Windows_10,leaf:Windows_10,leaf:Windows_10,leaf:Windows_10
4495,fam:Windows,fam:Windows,fam:Windows,maj:Windows_10,maj:Windows_10,maj:Windows_10,leaf:Windows_10,leaf:Windows_10,leaf:Windows_10
4496,fam:Windows,fam:Windows,fam:Windows,maj:Windows_10,maj:Windows_10,maj:Windows_10,leaf:Windows_10,leaf:Windows_10,leaf:Windows_10
4498,fam:Windows,fam:Windows,fam:Windows,maj:Windows_10,maj:Windows_10,maj:Windows_10,leaf:Windows_10,leaf:Windows_10,leaf:Windows_10
4499,fam:Windows,fam:Windows,fam:Windows,maj:Windows_10,maj:Windows_10,maj:Windows_10,leaf:Windows_10,leaf:Windows_10,leaf:Windows_10
4501,fam:Windows,fam:Windows,fam:Windows,maj:Windows_10,maj:Windows_10,maj:Windows_10,leaf:Windows_10,leaf:Windows_10,leaf:Windows_10
4503,fam:Windows,fam:Windows,fam:Windows,maj:Windows_10,maj:Windows_10,maj:Windows_10,leaf:Windows_10,leaf:Windows_10,leaf:Windows_10
4504,fam:Windows,fam:Windows,fam:Windows,maj:Windows_10,maj:Windows_10,maj:Windows_10,leaf:Windows_10,leaf:Windows_10,leaf:Windows_10
4506,fam:Windows,fam:Windows,fam:Windows,maj:Windows_10,maj:Windows_10,maj:Windows_10,leaf:Windows_10,leaf:Windows_10,leaf:Windows_10
4508,fam:Windows,fam:Windows,fam:Windows,maj:Windows_10,maj:Windows_10,maj:Windows_10,leaf:Windows_10,leaf:Windows_10,leaf:Windows_10
4509,fam:Windows,fam:Windows,fam:Windows,maj:Windows_10,maj:Windows_10,maj:Windows_10,leaf:Windows_10,leaf:Windows_10,leaf:Windows_10
4510,fam:Windows,fam:Windows,fam:Windows,maj:Windows_10,maj:Windows_10,maj:Windows_10,leaf:Windows_10,leaf:Windows_10,leaf:Windows_10
4511,fam:Windows,fam:Windows,fam:Windows,maj:Windows_10,maj:Windows_10,maj:Windows_10,leaf:Windows_10,leaf:Windows_10,leaf:Windows_10
4517,fam:Windows,fam:Windows,fam:Windows,maj:Windows_10,maj:Windows_10,maj:Windows_10,leaf:Windows_10,leaf:Windows_10,leaf:Windows_10
4518,fam:Windows,fam:Windows,fam:Windows,maj:Windows_10,maj:Windows_10,maj:Windows_10,leaf:Windows_10,leaf:Windows_10,leaf:Windows_10
4519,fam:Windows,fam:Windows,fam:Windows,maj:Windows_10,maj:Windows_10,maj:Windows_10,leaf:Windows_10,leaf:Windows_10,leaf:Windows_10
4521,fam:Windows,fam:Windows,fam:Windows,maj:Windows_10,maj:Windows_10,maj:Android_7|maj:Windows_10,leaf:Windows_10,leaf:Windows_10,leaf:Windows_10
4522,fam:Windows,fam:Windows,fam:Windows,maj:Windows_10,maj:Windows_10,maj:Windows_10|maj:Windows_7,leaf:Windows_10,leaf:Windows_10,leaf:Windows_10
4523,fam:Windows,fam:Windows,fam:Windows,maj:Windows_10,maj:Windows_10,maj:Windows_10,leaf:Windows_10,leaf:Windows_10,leaf:Windows_10
4524,fam:Windows,fam:Windows,fam:Windows,maj:Windows_10,maj:Windows_10,maj:Windows_10,leaf:Windows_10,leaf:Windows_10,leaf:Windows_10
4526,fam:Windows,fam:Windows,fam:Windows,maj:Windows_10,maj:Windows_10,maj:Windows_10,leaf:Windows_10,leaf:Windows_10,leaf:Windows_10
4528,fam:Windows,fam:Windows,fam:Windows,maj:Windows_10,maj:Windows_10,maj:Windows_10,leaf:Windows_10,leaf:Windows_10,leaf:Windows_10
4529,fam:Windows,fam:Windows,fam:Windows,maj:Windows_10,maj:Windows_10,maj:Windows_10,leaf:Windows_10,leaf:Windows_10,leaf:Windows_10
4532,fam:Windows,fam:Windows,fam:Windows,maj:Windows_10,maj:Windows_8,maj:Windows_7|maj:Windows_8,leaf:Windows_10,leaf:Windows_8_1.0,leaf:Windows_7|leaf:Windows_8_1.0|leaf:Windows_8_OTHER
4534,fam:Windows,fam:Windows,fam:Windows,maj:Windows_10,maj:Windows_10,maj:Windows_10,leaf:Windows_10,leaf:Windows_10,leaf:Windows_10
4536,fam:Windows,fam:Windows,fam:Windows,maj:Windows_10,maj:Windows_10,maj:Windows_10,leaf:Windows_10,leaf:Windows_10,leaf:Windows_10
4537,fam:Windows,fam:Windows,fam:Windows,maj:Windows_10,maj:Windows_10,maj:Windows_10,leaf:Windows_10,leaf:Windows_10,leaf:Windows_10
4539,fam:Windows,fam:Windows,fam:Windows,maj:Windows_10,maj:Windows_10,maj:Windows_10,leaf:Windows_10,leaf:Windows_10,leaf:Windows_10
4543,fam:Windows,fam:Windows,fam:Windows,maj:Windows_10,maj:Windows_10,maj:Windows_10,leaf:Windows_10,leaf:Windows_10,leaf:Windows_10
4547,fam:Windows,fam:Windows,fam:Windows,maj:Windows_10,maj:Windows_10,maj:Windows_10,leaf:Windows_10,leaf:Windows_10,leaf:Windows_10
4552,fam:Windows,fam:Windows,fam:Windows,maj:Windows_10,maj:Windows_10,maj:Windows_10,leaf:Windows_10,leaf:Windows_10,leaf:Windows_10
4553,fam:Windows,fam:Windows,fam:Windows,maj:Windows_10,maj:Windows_10,maj:Windows_10,leaf:Windows_10,leaf:Windows_10,leaf:Windows_10
4557,fam:Windows,fam:Windows,fam:Windows,maj:Windows_10,maj:Windows_10,maj:Windows_10,leaf:Windows_10,leaf:Windows_10,leaf:Windows_10
4559,fam:Windows,fam:Windows,fam:Windows,maj:Windows_10,maj:Windows_10,maj:Windows_10,leaf:Windows_10,leaf:Windows_10,leaf:Windows_10
4563,fam:Windows,fam:Windows,fam:Windows,maj:Windows_10,maj:Windows_10,maj:Windows_10,leaf:Windows_10,leaf:Windows_10,leaf:Windows_10
4564,fam:Windows,fam:Windows,fam:Windows,maj:Windows_10,maj:Windows_10,maj:Windows_10,leaf:Windows_10,leaf:Windows_10,leaf:Windows_10
4566,fam:Windows,fam:Windows,fam:Windows,maj:Windows_10,maj:Windows_10,maj:Windows_10,leaf:Windows_10,leaf:Windows_10,leaf:Windows_10
4571,fam:Windows,fam:Windows,fam:Windows,maj:Windows_10,maj:Windows_10,maj:Windows_10,leaf:Windows_10,leaf:Windows_10,leaf:Windows_10
4574,fam:Windows,fam:Windows,fam:Windows,maj:Windows_10,maj:Windows_10,maj:Windows_10,leaf:Windows_10,leaf:Windows_10,leaf:Windows_10
4577,fam:Windows,fam:Windows,fam:Windows,maj:Windows_10,maj:Windows_10,maj:Windows_10,leaf:Windows_10,leaf:Windows_10,leaf:Windows_10
4578,fam:Windows,fam:Windows,fam:Windows,maj:Windows_10,maj:Windows_10,maj:Windows_10|maj:Windows_7,leaf:Windows_10,leaf:Windows_10,leaf:Windows_10|leaf:Windows_7
4579,fam:Windows,fam:Windows,fam:Windows,maj:Windows_10,maj:Windows_10,maj:Windows_10,leaf:Windows_10,leaf:Windows_10,leaf:Windows_10
4580,fam:Windows,fam:Windows,fam:Windows,maj:Windows_10,maj:Windows_10,maj:Windows_10,leaf:Windows_10,leaf:Windows_10,leaf:Windows_10
4581,fam:Windows,fam:Windows,fam:Windows,maj:Windows_10,maj:Windows_10,maj:Windows_10,leaf:Windows_10,leaf:Windows_10,leaf:Windows_10
4585,fam:Windows,fam:Windows,fam:Windows,maj:Windows_10,maj:Windows_10,maj:Windows_10,leaf:Windows_10,leaf:Windows_10,leaf:Windows_10
4586,fam:Windows,fam:Windows,fam:Windows,maj:Windows_10,maj:Windows_10,maj:Windows_10,leaf:Windows_10,leaf:Windows_10,leaf:Windows_10
4587,fam:Windows,fam:Windows,fam:Windows,maj:Windows_10,maj:Windows_10,maj:Windows_10,leaf:Windows_10,leaf:Windows_10,leaf:Windows_10
4588,fam:Windows,fam:Windows,fam:Windows,maj:Windows_10,maj:Windows_10,maj:Windows_10,leaf:Windows_10,leaf:Windows_10,leaf:Windows_10
4589,fam:Windows,fam:Windows,fam:Windows,maj:Windows_10,maj:Windows_10,maj:Windows_10,leaf:Windows_10,leaf:Windows_10,leaf:Windows_10
4590,fam:Windows,fam:Windows,fam:Windows,maj:Windows_10,maj:Windows_10,maj:Windows_10,leaf:Windows_10,leaf:Windows_10,leaf:Windows_10
4592,fam:Windows,fam:Windows,fam:Windows,maj:Windows_10,maj:Windows_10,maj:Windows_10,leaf:Windows_10,leaf:Windows_10,leaf:Windows_10
4594,fam:Windows,fam:Windows,fam:Windows,maj:Windows_10,maj:Windows_10,maj:Windows_10,leaf:Windows_10,leaf:Windows_10,leaf:Windows_10
4598,fam:Windows,fam:Windows,fam:Windows,maj:Windows_10,maj:Windows_10,maj:Windows_10,leaf:Windows_10,leaf:Windows_10,leaf:Windows_10
4599,fam:Windows,fam:Windows,fam:Windows,maj:Windows_10,maj:Windows_10,maj:Windows_10,leaf:Windows_10,leaf:Windows_10,leaf:Windows_10
4600,fam:Windows,fam:Windows,fam:Windows,maj:Windows_10,maj:Windows_10,maj:Windows_10,leaf:Windows_10,leaf:Windows_10,leaf:Windows_10
4601,fam:Windows,fam:Windows,fam:Windows,maj:Windows_10,maj:Windows_10,maj:Windows_10,leaf:Windows_10,leaf:Windows_10,leaf:Windows_10
4602,fam:Windows,fam:Windows,fam:Windows,maj:Windows_10,maj:Windows_10,maj:Windows_10,leaf:Windows_10,leaf:Windows_10,leaf:Windows_10
4605,fam:Windows,fam:Windows,fam:Windows,maj:Windows_10,maj:Windows_8,maj:Windows_8,leaf:Windows_10,leaf:Windows_8_1.0,leaf:Windows_7|leaf:Windows_8_1.0
4607,fam:Windows,fam:Windows,fam:Windows,maj:Windows_10,maj:Windows_10,maj:Windows_10,leaf:Windows_10,leaf:Windows_10,leaf:Windows_10
4608,fam:Windows,fam:Windows,fam:Windows,maj:Windows_10,maj:Windows_10,maj:Windows_10,leaf:Windows_10,leaf:Windows_10,leaf:Windows_10
4610,fam:Windows,fam:Windows,fam:Windows,maj:Windows_10,maj:Windows_10,maj:Windows_10,leaf:Windows_10,leaf:Windows_10,leaf:Windows_10
4612,fam:Windows,fam:Windows,fam:Windows,maj:Windows_10,maj:Windows_10,maj:Windows_10|maj:Windows_7,leaf:Windows_10,leaf:Windows_7,leaf:Windows_7
4613,fam:Windows,fam:Windows,fam:Windows,maj:Windows_10,maj:Windows_10,maj:Windows_10,leaf:Windows_10,leaf:Windows_10,leaf:Windows_10
4614,fam:Windows,fam:Windows,fam:Windows,maj:Windows_10,maj:Windows_10,maj:Windows_10,leaf:Windows_10,leaf:Windows_10,leaf:Windows_10
4615,fam:Windows,fam:Windows,fam:Windows,maj:Windows_10,maj:Windows_10,maj:Windows_10,leaf:Windows_10,leaf:Windows_10,leaf:Windows_10
4617,fam:Windows,fam:Windows,fam:Windows,maj:Windows_10,maj:Windows_10,maj:Windows_10,leaf:Windows_10,leaf:Windows_10,leaf:Windows_10
4623,fam:Windows,fam:Windows,fam:Windows,maj:Windows_10,maj:Windows_10,maj:Windows_10,leaf:Windows_10,leaf:Windows_10,leaf:Windows_10
4626,fam:Windows,fam:Windows,fam:Windows,maj:Windows_10,maj:Windows_10,maj:Windows_10,leaf:Windows_10,leaf:Windows_10,leaf:Windows_10
4629,fam:Windows,fam:Windows,fam:Windows,maj:Windows_10,maj:Windows_10,maj:Windows_10,leaf:Windows_10,leaf:Windows_10,leaf:Windows_10
4630,fam:Windows,fam:Windows,fam:Windows,maj:Windows_10,maj:Windows_10,maj:Windows_10|maj:Windows_8,leaf:Windows_10,leaf:Windows_10,leaf:Windows_10
4631,fam:Windows,fam:Windows,fam:Windows,maj:Windows_10,maj:Windows_10,maj:Windows_10,leaf:Windows_10,leaf:Windows_10,leaf:Windows_10
4633,fam:Windows,fam:Windows,fam:Windows,maj:Windows_10,maj:Windows_10,maj:Windows_10,leaf:Windows_10,leaf:Windows_10,leaf:Windows_10
4636,fam:Windows,fam:Windows,fam:Windows,maj:Windows_10,maj:Windows_10,maj:Windows_10,leaf:Windows_10,leaf:Windows_10,leaf:Windows_10
4643,fam:Windows,fam:Windows,fam:Windows,maj:Windows_10,maj:Windows_10,maj:Windows_10,leaf:Windows_10,leaf:Windows_10,leaf:Windows_10
4644,fam:Windows,fam:Windows,fam:Windows,maj:Windows_10,maj:Windows_10,maj:Windows_10|maj:Windows_8,leaf:Windows_10,leaf:Windows_10,leaf:Windows_10|leaf:Windows_8_OTHER
4645,fam:Windows,fam:Windows,fam:Windows,maj:Windows_10,maj:Windows_10,maj:Windows_10,leaf:Windows_10,leaf:Windows_10,leaf:Windows_10
4646,fam:Windows,fam:Windows,fam:Windows,maj:Windows_10,maj:Windows_10,maj:Windows_10|maj:Windows_8,leaf:Windows_10,leaf:Windows_10,leaf:Windows_10|leaf:Windows_8_OTHER
4648,fam:Windows,fam:Windows,fam:Windows,maj:Windows_10,maj:Windows_10,maj:Windows_10,leaf:Windows_10,leaf:Windows_10,leaf:Windows_10
4649,fam:Windows,fam:Windows,fam:Windows,maj:Windows_10,maj:Windows_8,maj:Windows_8,leaf:Windows_10,leaf:Windows_8_1.0,leaf:Windows_8_1.0|leaf:Windows_8_OTHER
4652,fam:Windows,fam:Windows,fam:Windows,maj:Windows_10,maj:Windows_10,maj:Windows_10,leaf:Windows_10,leaf:Windows_10,leaf:Windows_10
4655,fam:Windows,fam:Windows,fam:Windows,maj:Windows_10,maj:Windows_10,maj:Windows_10,leaf:Windows_10,leaf:Windows_10,leaf:Windows_10
4656,fam:Windows,fam:Windows,fam:Windows,maj:Windows_10,maj:Windows_10,maj:Windows_10,leaf:Windows_10,leaf:Windows_10,leaf:Windows_10
4658,fam:Windows,fam:Windows,fam:Windows,maj:Windows_10,maj:Windows_10,maj:Windows_10,leaf:Windows_10,leaf:Windows_10,leaf:Windows_10
4659,fam:Windows,fam:Windows,fam:Windows,maj:Windows_10,maj:Windows_10,maj:Windows_10,leaf:Windows_10,leaf:Windows_10,leaf:Windows_10
4660,fam:Windows,fam:Windows,fam:Windows,maj:Windows_10,maj:Windows_10,maj:Windows_10,leaf:Windows_10,leaf:Windows_10,leaf:Windows_10
4663,fam:Windows,fam:Windows,fam:Windows,maj:Windows_10,maj:Windows_10,maj:Windows_10,leaf:Windows_10,leaf:Windows_10,leaf:Windows_10
4664,fam:Windows,fam:Windows,fam:Windows,maj:Windows_10,maj:Windows_10,maj:Windows_10,leaf:Windows_10,leaf:Windows_10,leaf:Windows_10
4665,fam:Windows,fam:Windows,fam:Windows,maj:Windows_10,maj:Windows_10,maj:Windows_10,leaf:Windows_10,leaf:Windows_10,leaf:Windows_10
4666,fam:Windows,fam:Windows,fam:Windows,maj:Windows_10,maj:Windows_10,maj:Windows_10,leaf:Windows_10,leaf:Windows_10,leaf:Windows_10
4669,fam:Windows,fam:Windows,fam:Windows,maj:Windows_10,maj:Windows_10,maj:Windows_10,leaf:Windows_10,leaf:Windows_10,leaf:Windows_10
4675,fam:Windows,fam:Windows,fam:Windows,maj:Windows_10,maj:Windows_10,maj:Windows_10,leaf:Windows_10,leaf:Windows_10,leaf:Windows_10
4678,fam:Windows,fam:Windows,fam:Windows,maj:Windows_10,maj:Windows_10,maj:Windows_10,leaf:Windows_10,leaf:Windows_10,leaf:Windows_10
4679,fam:Windows,fam:Windows,fam:Windows,maj:Windows_10,maj:Windows_10,maj:Windows_10,leaf:Windows_10,leaf:Windows_10,leaf:Windows_10
4680,fam:Windows,fam:Windows,fam:Windows,maj:Windows_10,maj:Windows_10,maj:Windows_10,leaf:Windows_10,leaf:Windows_10,leaf:Windows_10
4684,fam:Windows,fam:Windows,fam:Windows,maj:Windows_10,maj:Windows_10,maj:Windows_10,leaf:Windows_10,leaf:Windows_10,leaf:Windows_10|leaf:Windows_7
4687,fam:Windows,fam:Windows,fam:Windows,maj:Windows_10,maj:Windows_10,maj:Windows_10,leaf:Windows_10,leaf:Windows_10,leaf:Windows_10
4691,fam:Windows,fam:Windows,fam:Windows,maj:Windows_10,maj:Windows_10,maj:Windows_10,leaf:Windows_10,leaf:Windows_10,leaf:Windows_10
4693,fam:Windows,fam:Windows,fam:Windows,maj:Windows_10,maj:Windows_10,maj:Windows_10,leaf:Windows_10,leaf:Windows_10,leaf:Windows_10
4694,fam:Windows,fam:Windows,fam:Windows,maj:Windows_10,maj:Windows_10,maj:Windows_10,leaf:Windows_10,leaf:Windows_10,leaf:Windows_10
4696,fam:Windows,fam:Windows,fam:Windows,maj:Windows_10,maj:Windows_10,maj:Windows_10,leaf:Windows_10,leaf:Windows_10,leaf:Windows_10
4698,fam:Windows,fam:Windows,fam:Windows,maj:Windows_10,maj:Windows_10,maj:Windows_10,leaf:Windows_10,leaf:Linux_OTHER,leaf:Android_10|leaf:Linux_OTHER
4703,fam:Windows,fam:Windows,fam:Windows,maj:Windows_10,maj:Windows_10,maj:Windows_10,leaf:Windows_10,leaf:Windows_10,leaf:Windows_10
4704,fam:Windows,fam:Windows,fam:Windows,maj:Windows_10,maj:Windows_10,maj:Windows_10,leaf:Windows_10,leaf:Windows_10,leaf:Windows_10
4707,fam:Windows,fam:Windows,fam:Windows,maj:Windows_10,maj:Windows_10,maj:Windows_10,leaf:Windows_10,leaf:Windows_10,leaf:Windows_10
4710,fam:Windows,fam:Windows,fam:Windows,maj:Windows_10,maj:Windows_10,maj:Windows_10,leaf:Windows_10,leaf:Windows_10,leaf:Windows_10
4711,fam:Windows,fam:Windows,fam:Windows,maj:Windows_10,maj:Windows_10,maj:Windows_10,leaf:Windows_10,leaf:Windows_10,leaf:Windows_10
4712,fam:Windows,fam:Windows,fam:Windows,maj:Windows_10,maj:Windows_10,maj:Windows_10,leaf:Windows_10,leaf:Windows_10,leaf:Windows_10
4713,fam:Windows,fam:Windows,fam:Windows,maj:Windows_10,maj:Windows_10,maj:Windows_10,leaf:Windows_10,leaf:Windows_10,leaf:Windows_10
4714,fam:Windows,fam:Windows,fam:Windows,maj:Windows_10,maj:Windows_8,maj:Windows_8,leaf:Windows_10,leaf:Windows_8_1.0,leaf:Windows_8_1.0|leaf:Windows_8_OTHER
4715,fam:Windows,fam:Windows,fam:Windows,maj:Windows_10,maj:Windows_10,maj:Windows_10,leaf:Windows_10,leaf:Windows_10,leaf:Windows_10
4718,fam:Windows,fam:Windows,fam:Windows,maj:Windows_10,maj:Windows_10,maj:Windows_10,leaf:Windows_10,leaf:Windows_10,leaf:Windows_10
4719,fam:Windows,fam:Windows,fam:Windows,maj:Windows_10,maj:Windows_10,maj:Windows_10,leaf:Windows_10,leaf:Windows_10,leaf:Windows_10
4721,fam:Windows,fam:Windows,fam:Windows,maj:Windows_10,maj:Windows_10,maj:Windows_10,leaf:Windows_10,leaf:Windows_10,leaf:Windows_10
4727,fam:Windows,fam:Windows,fam:Windows,maj:Windows_10,maj:Windows_10,maj:Windows_10,leaf:Windows_10,leaf:Windows_10,leaf:Windows_10
4728,fam:Windows,fam:Windows,fam:Windows,maj:Windows_10,maj:Windows_10,maj:Windows_10,leaf:Windows_10,leaf:Windows_10,leaf:Windows_10
4729,fam:Windows,fam:Windows,fam:Windows,maj:Windows_10,maj:Windows_10,maj:Windows_10,leaf:Windows_10,leaf:Windows_10,leaf:Windows_10
4730,fam:Windows,fam:Windows,fam:Windows,maj:Windows_10,maj:Windows_10,maj:Windows_10,leaf:Windows_10,leaf:Windows_10,leaf:Windows_10
4734,fam:Windows,fam:Windows,fam:Windows,maj:Windows_10,maj:Windows_10,maj:Windows_10,leaf:Windows_10,leaf:Windows_10,leaf:Windows_10
4738,fam:Windows,fam:Windows,fam:Windows,maj:Windows_10,maj:Windows_10,maj:Windows_10,leaf:Windows_10,leaf:Windows_10,leaf:Windows_10
4739,fam:Windows,fam:Windows,fam:Windows,maj:Windows_10,maj:Windows_10,maj:Windows_10,leaf:Windows_10,leaf:Windows_7,leaf:Windows_10|leaf:Windows_7|leaf:Windows_8_OTHER
4742,fam:Windows,fam:Windows,fam:Windows,maj:Windows_10,maj:Windows_10,maj:Windows_10,leaf:Windows_10,leaf:Windows_10,leaf:Windows_10
4743,fam:Windows,fam:Windows,fam:Windows,maj:Windows_10,maj:Windows_10,maj:Windows_10,leaf:Windows_10,leaf:Windows_10,leaf:Windows_10
4744,fam:Windows,fam:Windows,fam:Windows,maj:Windows_10,maj:Windows_10,maj:Windows_10,leaf:Windows_10,leaf:Windows_10,leaf:Windows_10
4745,fam:Windows,fam:Windows,fam:Windows,maj:Windows_10,maj:Windows_10,maj:Windows_10,leaf:Windows_10,leaf:Windows_10,leaf:Windows_10
4747,fam:Windows,fam:Windows,fam:Windows,maj:Windows_10,maj:Windows_10,maj:Windows_10,leaf:Windows_10,leaf:Windows_10,leaf:Windows_10
4749,fam:Windows,fam:Windows,fam:Windows,maj:Windows_10,maj:Windows_10,maj:Windows_10,leaf:Windows_10,leaf:Windows_10,leaf:Windows_10
4750,fam:Windows,fam:Windows,fam:Windows,maj:Windows_10,maj:Windows_10,maj:Windows_10,leaf:Windows_10,leaf:Windows_10,leaf:Windows_10
4751,fam:Windows,fam:Windows,fam:Windows,maj:Windows_10,maj:Windows_10,maj:Windows_10,leaf:Windows_10,leaf:Windows_10,leaf:Windows_10
4752,fam:Windows,fam:Windows,fam:Windows,maj:Windows_10,maj:Windows_10,maj:Windows_10|maj:Windows_7,leaf:Windows_10,leaf:Windows_10,leaf:Windows_10
4754,fam:Windows,fam:Windows,fam:Windows,maj:Windows_10,maj:Windows_10,maj:Windows_10,leaf:Windows_10,leaf:Windows_10,leaf:Windows_10
4756,fam:Windows,fam:Windows,fam:Windows,maj:Windows_10,maj:Windows_10,maj:Windows_10,leaf:Windows_10,leaf:Windows_10,leaf:Windows_10
4757,fam:Windows,fam:Windows,fam:Windows,maj:Windows_10,maj:Windows_10,maj:Windows_10,leaf:Windows_10,leaf:Windows_10,leaf:Windows_10
4758,fam:Windows,fam:Windows,fam:Windows,maj:Windows_10,maj:Windows_10,maj:Windows_10,leaf:Windows_10,leaf:Windows_10,leaf:Windows_10
4759,fam:Windows,fam:Windows,fam:Windows,maj:Windows_10,maj:Windows_10,maj:Windows_10,leaf:Windows_10,leaf:Android_4_4.0,leaf:Android_4_4.0
4762,fam:Windows,fam:Windows,fam:Windows,maj:Windows_10,maj:Windows_10,maj:Windows_10,leaf:Windows_10,leaf:Windows_10,leaf:Windows_10
4763,fam:Windows,fam:Windows,fam:Windows,maj:Windows_10,maj:Windows_10,maj:Windows_10,leaf:Windows_10,leaf:Windows_10,leaf:Windows_10
4764,fam:Windows,fam:Windows,fam:Windows,maj:Windows_10,maj:Windows_10,maj:Windows_10,leaf:Windows_10,leaf:Windows_10,leaf:Windows_10
4765,fam:Windows,fam:Windows,fam:Windows,maj:Windows_10,maj:Windows_10,maj:Windows_10,leaf:Windows_10,leaf:Windows_10,leaf:Windows_10
4767,fam:Windows,fam:Windows,fam:Windows,maj:Windows_10,maj:Windows_10,maj:Windows_10,leaf:Windows_10,leaf:Windows_10,leaf:Windows_10
4769,fam:Windows,fam:Windows,fam:Windows,maj:Windows_10,maj:Windows_10,maj:Windows_10,leaf:Windows_10,leaf:Windows_10,leaf:Windows_10
4770,fam:Windows,fam:Windows,fam:Windows,maj:Windows_10,maj:Windows_10,maj:Windows_10,leaf:Windows_10,leaf:Windows_10,leaf:Windows_10|leaf:Windows_7|leaf:Windows_8_OTHER
4771,fam:Windows,fam:Windows,fam:Windows,maj:Windows_10,maj:Windows_10,maj:Windows_10,leaf:Windows_10,leaf:Windows_10,leaf:Windows_10
4774,fam:Windows,fam:Windows,fam:Windows,maj:Windows_10,maj:Windows_10,maj:Windows_10,leaf:Windows_10,leaf:Windows_10,leaf:Windows_10
4776,fam:Windows,fam:Windows,fam:Windows,maj:Windows_10,maj:Windows_10,maj:Windows_10,leaf:Windows_10,leaf:Windows_10,leaf:Windows_10
4777,fam:Windows,fam:Windows,fam:Windows,maj:Windows_10,maj:Windows_10,maj:Windows_10,leaf:Windows_10,leaf:Windows_10,leaf:Windows_10
4779,fam:Windows,fam:Windows,fam:Windows,maj:Windows_10,maj:Windows_10,maj:Windows_10,leaf:Windows_10,leaf:Windows_10,leaf:Windows_10
4780,fam:Windows,fam:Windows,fam:Windows,maj:Windows_10,maj:Windows_10,maj:Windows_10,leaf:Windows_10,leaf:Windows_10,leaf:Windows_10
4781,fam:Windows,fam:Windows,fam:Windows,maj:Windows_10,maj:Windows_10,maj:Windows_10,leaf:Windows_10,leaf:Windows_10,leaf:Windows_10
4785,fam:Windows,fam:Windows,fam:Windows,maj:Windows_10,maj:Windows_10,maj:Windows_10,leaf:Windows_10,leaf:Windows_10,leaf:Windows_10
4786,fam:Windows,fam:Windows,fam:Windows,maj:Windows_10,maj:Windows_8,maj:Windows_8,leaf:Windows_10,leaf:Windows_8_OTHER,leaf:Windows_10|leaf:Windows_8_OTHER
4787,fam:Windows,fam:Windows,fam:Windows,maj:Windows_10,maj:Windows_10,maj:Windows_10,leaf:Windows_10,leaf:Windows_10,leaf:Windows_10
4788,fam:Windows,fam:Windows,fam:Windows,maj:Windows_10,maj:Windows_10,maj:Windows_10,leaf:Windows_10,leaf:Windows_10,leaf:Windows_10
4789,fam:Windows,fam:Windows,fam:Windows,maj:Windows_10,maj:Windows_10,maj:Windows_10,leaf:Windows_10,leaf:Windows_10,leaf:Windows_10
4790,fam:Windows,fam:Windows,fam:Windows,maj:Windows_10,maj:Windows_10,maj:Windows_10,leaf:Windows_10,leaf:Windows_10,leaf:Windows_10
4791,fam:Windows,fam:Windows,fam:Windows,maj:Windows_10,maj:Windows_10,maj:Windows_10,leaf:Windows_10,leaf:Windows_10,leaf:Windows_10
4792,fam:Windows,fam:Windows,fam:Windows,maj:Windows_10,maj:Windows_10,maj:Windows_10,leaf:Windows_10,leaf:Windows_10,leaf:Windows_10
4798,fam:Windows,fam:Windows,fam:Windows,maj:Windows_10,maj:Windows_10,maj:Windows_10,leaf:Windows_10,leaf:Windows_10,leaf:Windows_10
4800,fam:Windows,fam:Windows,fam:Windows,maj:Windows_10,maj:Windows_10,maj:Windows_10,leaf:Windows_10,leaf:Windows_10,leaf:Windows_10
4801,fam:Windows,fam:Windows,fam:Windows,maj:Windows_10,maj:Windows_10,maj:Windows_10,leaf:Windows_10,leaf:Windows_10,leaf:Windows_10
4802,fam:Windows,fam:Windows,fam:Windows,maj:Windows_10,maj:Windows_10,maj:Windows_10,leaf:Windows_10,leaf:Windows_10,leaf:Windows_10
4810,fam:Windows,fam:Windows,fam:Windows,maj:Windows_10,maj:Windows_10,maj:Windows_10|maj:Windows_8,leaf:Windows_10,leaf:Windows_10,leaf:Windows_10
4811,fam:Windows,fam:Windows,fam:Windows,maj:Windows_10,maj:Windows_10,maj:Windows_10,leaf:Windows_10,leaf:Windows_10,leaf:Windows_10
4812,fam:Windows,fam:Windows,fam:Windows,maj:Windows_10,maj:Windows_10,maj:Windows_10,leaf:Windows_10,leaf:Windows_10,leaf:Windows_10
4816,fam:Windows,fam:Windows,fam:Windows,maj:Windows_10,maj:Windows_10,maj:Windows_10,leaf:Windows_10,leaf:Windows_10,leaf:Windows_10
4817,fam:Windows,fam:Windows,fam:Windows,maj:Windows_10,maj:Windows_10,maj:Windows_10,leaf:Windows_10,leaf:Windows_10,leaf:Windows_10
4821,fam:Windows,fam:Windows,fam:Windows,maj:Windows_10,maj:Windows_10,maj:Windows_10,leaf:Windows_10,leaf:Windows_10,leaf:Windows_10
4822,fam:Windows,fam:Windows,fam:Windows,maj:Windows_10,maj:Windows_10,maj:Windows_10,leaf:Windows_10,leaf:Windows_10,leaf:Windows_10
4830,fam:Windows,fam:Windows,fam:Windows,maj:Windows_10,maj:Windows_10,maj:Windows_10,leaf:Windows_10,leaf:Windows_10,leaf:Windows_10
4832,fam:Windows,fam:Windows,fam:Windows,maj:Windows_10,maj:Windows_10,maj:Windows_10,leaf:Windows_10,leaf:Windows_10,leaf:Windows_10
4835,fam:Windows,fam:Windows,fam:Windows,maj:Windows_10,maj:Windows_10,maj:Windows_10,leaf:Windows_10,leaf:Windows_10,leaf:Windows_10
4836,fam:Windows,fam:Windows,fam:Windows,maj:Windows_10,maj:Windows_10,maj:Windows_10,leaf:Windows_10,leaf:Windows_10,leaf:Windows_10
4837,fam:Windows,fam:Windows,fam:Windows,maj:Windows_10,maj:Windows_10,maj:Windows_10,leaf:Windows_10,leaf:Windows_10,leaf:Windows_10
4839,fam:Windows,fam:Windows,fam:Windows,maj:Windows_10,maj:Windows_10,maj:Windows_10,leaf:Windows_10,leaf:Windows_10,leaf:Windows_10
4841,fam:Windows,fam:Windows,fam:Windows,maj:Windows_10,maj:Windows_10,maj:Windows_10,leaf:Windows_10,leaf:Windows_10,leaf:Windows_10
4843,fam:Windows,fam:Windows,fam:Windows,maj:Windows_10,maj:Windows_10,maj:Windows_10,leaf:Windows_10,leaf:Windows_10,leaf:Windows_10
4844,fam:Windows,fam:Windows,fam:Windows,maj:Windows_10,maj:Windows_10,maj:Windows_10,leaf:Windows_10,leaf:Windows_10,leaf:Windows_10
4845,fam:Windows,fam:Windows,fam:Windows,maj:Windows_10,maj:Windows_10,maj:Windows_10,leaf:Windows_10,leaf:Windows_10,leaf:Windows_10
4847,fam:Windows,fam:Windows,fam:Windows,maj:Windows_10,maj:Windows_10,maj:Windows_10,leaf:Windows_10,leaf:Windows_10,leaf:Windows_10
4848,fam:Windows,fam:Windows,fam:Windows,maj:Windows_10,maj:Windows_8,maj:Windows_8,leaf:Windows_10,leaf:Windows_8_OTHER,leaf:Windows_10|leaf:Windows_8_OTHER
4849,fam:Windows,fam:Windows,fam:Windows,maj:Windows_10,maj:Windows_10,maj:Windows_10,leaf:Windows_10,leaf:Windows_10,leaf:Windows_10
4850,fam:Windows,fam:Windows,fam:Windows,maj:Windows_10,maj:Windows_10,maj:Windows_10,leaf:Windows_10,leaf:Windows_10,leaf:Windows_10
4854,fam:Windows,fam:Windows,fam:Windows,maj:Windows_10,maj:Windows_10,maj:Windows_10,leaf:Windows_10,leaf:Windows_10,leaf:Windows_10
4856,fam:Windows,fam:Windows,fam:Windows,maj:Windows_10,maj:Windows_10,maj:Windows_10,leaf:Windows_10,leaf:Windows_10,leaf:Windows_10
4857,fam:Windows,fam:Windows,fam:Windows,maj:Windows_10,maj:Windows_10,maj:Windows_10,leaf:Windows_10,leaf:Windows_10,leaf:Windows_10
4858,fam:Windows,fam:Windows,fam:Windows,maj:Windows_10,maj:Windows_10,maj:Windows_10,leaf:Windows_10,leaf:Windows_10,leaf:Windows_10
4859,fam:Windows,fam:Windows,fam:Windows,maj:Windows_10,maj:Windows_10,maj:Windows_10,leaf:Windows_10,leaf:Windows_10,leaf:Windows_10
4861,fam:Windows,fam:Windows,fam:Windows,maj:Windows_10,maj:Windows_10,maj:Windows_10,leaf:Windows_10,leaf:Windows_10,leaf:Windows_10
4862,fam:Windows,fam:Windows,fam:Windows,maj:Windows_10,maj:Windows_10,maj:Windows_10,leaf:Windows_10,leaf:Windows_10,leaf:Windows_10
4864,fam:Windows,fam:Windows,fam:Windows,maj:Windows_10,maj:Windows_10,maj:Windows_10,leaf:Windows_10,leaf:Windows_10,leaf:Windows_10
4866,fam:Windows,fam:Windows,fam:Windows,maj:Windows_10,maj:Windows_10,maj:Windows_10,leaf:Windows_10,leaf:Windows_10,leaf:Windows_10
4869,fam:Windows,fam:Windows,fam:Windows,maj:Windows_10,maj:Windows_10,maj:Windows_10,leaf:Windows_10,leaf:Windows_10,leaf:Windows_10
4870,fam:Windows,fam:Windows,fam:Windows,maj:Windows_10,maj:Windows_10,maj:Windows_10,leaf:Windows_10,leaf:Windows_10,leaf:Windows_10
4873,fam:Windows,fam:Windows,fam:Windows,maj:Windows_10,maj:Windows_10,maj:Windows_10,leaf:Windows_10,leaf:Windows_10,leaf:Windows_10
4874,fam:Windows,fam:Windows,fam:Windows,maj:Windows_10,maj:Windows_10,maj:Windows_10,leaf:Windows_10,leaf:Windows_10,leaf:Windows_10
4875,fam:Windows,fam:Windows,fam:Windows,maj:Windows_10,maj:Windows_10,maj:Windows_10,leaf:Windows_10,leaf:Windows_10,leaf:Windows_10
4876,fam:Windows,fam:Windows,fam:Windows,maj:Windows_10,maj:Windows_10,maj:Windows_10,leaf:Windows_10,leaf:Windows_10,leaf:Windows_10
4878,fam:Windows,fam:Windows,fam:Windows,maj:Windows_10,maj:Windows_10,maj:Windows_10,leaf:Windows_10,leaf:Windows_10,leaf:Windows_10
4879,fam:Windows,fam:Windows,fam:Windows,maj:Windows_10,maj:Windows_8,maj:Windows_8,leaf:Windows_10,leaf:Windows_8_1.0,leaf:Windows_8_1.0
4880,fam:Windows,fam:Windows,fam:Windows,maj:Windows_10,maj:Windows_10,maj:Windows_10,leaf:Windows_10,leaf:Windows_10,leaf:Windows_10
4881,fam:Windows,fam:Windows,fam:Windows,maj:Windows_10,maj:Windows_10,maj:Windows_10,leaf:Windows_10,leaf:Windows_10,leaf:Windows_10
4882,fam:Windows,fam:Windows,fam:Windows,maj:Windows_10,maj:Windows_10,maj:Windows_10,leaf:Windows_10,leaf:Windows_10,leaf:Windows_10
4888,fam:Windows,fam:Windows,fam:Windows,maj:Windows_10,maj:Windows_10,maj:Windows_10,leaf:Windows_10,leaf:Windows_10,leaf:Windows_10
4892,fam:Windows,fam:Windows,fam:Windows,maj:Windows_10,maj:Windows_10,maj:Windows_10,leaf:Windows_10,leaf:Windows_10,leaf:Windows_10
4893,fam:Windows,fam:Windows,fam:Windows,maj:Windows_10,maj:Windows_10,maj:Windows_10,leaf:Windows_10,leaf:Windows_10,leaf:Windows_10|leaf:Windows_8_OTHER
4895,fam:Windows,fam:Windows,fam:Windows,maj:Windows_10,maj:Windows_10,maj:Windows_10,leaf:Windows_10,leaf:Windows_10,leaf:Windows_10
4896,fam:Windows,fam:Windows,fam:Windows,maj:Windows_10,maj:Windows_10,maj:Windows_10,leaf:Windows_10,leaf:Windows_10,leaf:Windows_10
4898,fam:Windows,fam:Windows,fam:Windows,maj:Windows_10,maj:Windows_10,maj:Windows_10,leaf:Windows_10,leaf:Windows_10,leaf:Windows_10
4900,fam:Windows,fam:Windows,fam:Windows,maj:Windows_10,maj:Windows_10,maj:Windows_10,leaf:Windows_10,leaf:Windows_10,leaf:Windows_10
4901,fam:Windows,fam:Windows,fam:Windows,maj:Windows_10,maj:Windows_10,maj:Windows_10,leaf:Windows_10,leaf:Windows_10,leaf:Windows_10
4905,fam:Windows,fam:Windows,fam:Windows,maj:Windows_10,maj:Windows_10,maj:Windows_10,leaf:Windows_10,leaf:Windows_10,leaf:Windows_10
4908,fam:Windows,fam:Windows,fam:Windows,maj:Windows_10,maj:Windows_10,maj:Windows_10,leaf:Windows_10,leaf:Windows_10,leaf:Windows_10
4911,fam:Windows,fam:Windows,fam:Windows,maj:Windows_10,maj:Windows_10,maj:Windows_10,leaf:Windows_10,leaf:Windows_10,leaf:Windows_10
4913,fam:Windows,fam:Windows,fam:Windows,maj:Windows_10,maj:Windows_10,maj:Windows_10,leaf:Windows_10,leaf:Windows_10,leaf:Windows_10
4915,fam:Windows,fam:Windows,fam:Windows,maj:Windows_10,maj:Windows_10,maj:Windows_10,leaf:Windows_10,leaf:Windows_10,leaf:Windows_10
4917,fam:Windows,fam:Windows,fam:Windows,maj:Windows_10,maj:Windows_10,maj:Windows_10,leaf:Windows_10,leaf:Windows_10,leaf:Windows_10
4919,fam:Windows,fam:Windows,fam:Windows,maj:Windows_10,maj:Windows_10,maj:Windows_10,leaf:Windows_10,leaf:Windows_10,leaf:Windows_10
4920,fam:Windows,fam:Windows,fam:Windows,maj:Windows_10,maj:Windows_10,maj:Windows_10,leaf:Windows_10,leaf:Windows_10,leaf:Windows_10
4921,fam:Windows,fam:Windows,fam:Windows,maj:Windows_10,maj:Windows_10,maj:Windows_10,leaf:Windows_10,leaf:Windows_10,leaf:Windows_10
4924,fam:Windows,fam:Windows,fam:Windows,maj:Windows_10,maj:Windows_10,maj:Windows_10,leaf:Windows_10,leaf:Windows_10,leaf:Windows_10
4926,fam:Windows,fam:Windows,fam:Windows,maj:Windows_10,maj:Windows_8,maj:Windows_8,leaf:Windows_10,leaf:Windows_8_1.0,leaf:Windows_8_1.0|leaf:Windows_8_OTHER
4928,fam:Windows,fam:Windows,fam:Windows,maj:Windows_10,maj:Windows_10,maj:Windows_10,leaf:Windows_10,leaf:Windows_10,leaf:Windows_10
4929,fam:Windows,fam:Windows,fam:Windows,maj:Windows_10,maj:Windows_10,maj:Windows_10,leaf:Windows_10,leaf:Windows_10,leaf:Windows_10
4930,fam:Windows,fam:Windows,fam:Windows,maj:Windows_10,maj:Windows_10,maj:Windows_10,leaf:Windows_10,leaf:Windows_10,leaf:Windows_10
4931,fam:Windows,fam:Windows,fam:Windows,maj:Windows_10,maj:Windows_10,maj:Windows_10,leaf:Windows_10,leaf:Windows_10,leaf:Windows_10|leaf:Windows_7
4935,fam:Windows,fam:Windows,fam:Windows,maj:Windows_10,maj:Windows_10,maj:Windows_10,leaf:Windows_10,leaf:Windows_10,leaf:Windows_10
4937,fam:Windows,fam:Windows,fam:Windows,maj:Windows_10,maj:Windows_10,maj:Windows_10,leaf:Windows_10,leaf:Windows_10,leaf:Windows_10
4939,fam:Windows,fam:Windows,fam:Windows,maj:Windows_10,maj:Windows_10,maj:Windows_10,leaf:Windows_10,leaf:Windows_10,leaf:Windows_10
4941,fam:Windows,fam:Windows,fam:Windows,maj:Windows_10,maj:Windows_10,maj:Windows_10,leaf:Windows_10,leaf:Windows_10,leaf:Windows_10
4942,fam:Windows,fam:Windows,fam:Windows,maj:Windows_10,maj:Windows_10,maj:Windows_10,leaf:Windows_10,leaf:Windows_10,leaf:Windows_10
4943,fam:Windows,fam:Windows,fam:Windows,maj:Windows_10,maj:Windows_10,maj:Windows_10,leaf:Windows_10,leaf:Windows_10,leaf:Windows_10
4944,fam:Windows,fam:Windows,fam:Windows,maj:Windows_10,maj:Windows_10,maj:Windows_10,leaf:Windows_10,leaf:Windows_10,leaf:Windows_10
4948,fam:Windows,fam:Windows,fam:Windows,maj:Windows_10,maj:Windows_10,maj:Windows_10,leaf:Windows_10,leaf:Windows_10,leaf:Windows_10
4949,fam:Windows,fam:Windows,fam:Windows,maj:Windows_10,maj:Windows_10,maj:Windows_10,leaf:Windows_10,leaf:Windows_10,leaf:Windows_10
4951,fam:Windows,fam:Windows,fam:Windows,maj:Windows_10,maj:Windows_10,maj:Windows_10,leaf:Windows_10,leaf:Windows_10,leaf:Windows_10
4954,fam:Windows,fam:Windows,fam:Windows,maj:Windows_10,maj:Windows_10,maj:Windows_10,leaf:Windows_10,leaf:Windows_10,leaf:Windows_10
4955,fam:Windows,fam:Windows,fam:Windows,maj:Windows_10,maj:Windows_10,maj:Windows_10,leaf:Windows_10,leaf:Windows_10,leaf:Windows_10
4956,fam:Windows,fam:macOS,,maj:Windows_10,maj:macOS_OTHER,maj:macOS_OTHER,leaf:Windows_10,leaf:macOS_OTHER,leaf:macOS_OTHER
4957,fam:Windows,fam:Windows,fam:Windows,maj:Windows_10,maj:Windows_10,maj:Windows_10,leaf:Windows_10,leaf:Windows_10,leaf:Windows_10
4959,fam:Windows,fam:Linux,,maj:Windows_10,maj:Linux_OTHER,maj:Linux_OTHER,leaf:Windows_10,leaf:Linux_OTHER,leaf:Linux_OTHER|leaf:Windows_7
4960,fam:Windows,fam:Windows,fam:Windows,maj:Windows_10,maj:Windows_10,maj:Windows_10,leaf:Windows_10,leaf:Windows_10,leaf:Windows_10
4961,fam:Windows,fam:Windows,fam:Windows,maj:Windows_10,maj:Windows_10,maj:Windows_10,leaf:Windows_10,leaf:Windows_10,leaf:Windows_10
4962,fam:Windows,fam:Windows,fam:Windows,maj:Windows_10,maj:Windows_10,maj:Windows_10,leaf:Windows_10,leaf:Windows_10,leaf:Windows_10
4963,fam:Windows,fam:Windows,fam:Windows,maj:Windows_10,maj:Windows_10,maj:Windows_10,leaf:Windows_10,leaf:Windows_10,leaf:Windows_10
4964,fam:Windows,fam:Windows,fam:Windows,maj:Windows_10,maj:Windows_10,maj:Windows_10,leaf:Windows_10,leaf:Windows_10,leaf:Windows_10
4966,fam:Windows,fam:Windows,fam:Windows,maj:Windows_10,maj:Windows_10,maj:Windows_10,leaf:Windows_10,leaf:Windows_10,leaf:Windows_10
4968,fam:Windows,fam:Windows,fam:Windows,maj:Windows_10,maj:Windows_10,maj:Windows_10,leaf:Windows_10,leaf:Windows_10,leaf:Windows_10
4969,fam:Windows,fam:Windows,fam:Windows,maj:Windows_10,maj:Windows_10,maj:Windows_10|maj:Windows_8,leaf:Windows_10,leaf:Windows_10,leaf:Windows_10|leaf:Windows_8_OTHER
4970,fam:Windows,fam:Windows,fam:Windows,maj:Windows_10,maj:Windows_10,maj:Windows_10,leaf:Windows_10,leaf:Windows_10,leaf:Windows_10
4973,fam:Windows,fam:Windows,fam:Windows,maj:Windows_10,maj:Windows_10,maj:Windows_10,leaf:Windows_10,leaf:Windows_10,leaf:Windows_10
4976,fam:Windows,fam:Windows,fam:Windows,maj:Windows_10,maj:Windows_10,maj:Windows_10,leaf:Windows_10,leaf:Windows_10,leaf:Windows_10
4977,fam:Windows,fam:Windows,fam:Windows,maj:Windows_10,maj:Windows_8,maj:Windows_8,leaf:Windows_10,leaf:Windows_8_1.0,leaf:Windows_10|leaf:Windows_8_1.0
4978,fam:Windows,fam:Windows,fam:Windows,maj:Windows_10,maj:Windows_10,maj:Windows_10,leaf:Windows_10,leaf:Windows_10,leaf:Windows_10
4981,fam:Windows,fam:Windows,fam:Windows,maj:Windows_10,maj:Windows_10,maj:Windows_10,leaf:Windows_10,leaf:Windows_10,leaf:Windows_10
4983,fam:Windows,fam:Windows,fam:Windows,maj:Windows_10,maj:Windows_10,maj:Windows_10,leaf:Windows_10,leaf:Windows_10,leaf:Windows_10
4987,fam:Windows,fam:Windows,fam:Windows,maj:Windows_10,maj:Windows_10,maj:Windows_10,leaf:Windows_10,leaf:Windows_10,leaf:Windows_10
4990,fam:Windows,fam:Windows,fam:Windows,maj:Windows_10,maj:Windows_10,maj:Windows_10,leaf:Windows_10,leaf:Windows_10,leaf:Windows_10
4991,fam:Windows,fam:Windows,fam:Windows,maj:Windows_10,maj:Windows_7,maj:Windows_7,leaf:Windows_10,leaf:Windows_7,leaf:Windows_7
4992,fam:Windows,fam:Windows,fam:Windows,maj:Windows_10,maj:Windows_10,maj:Windows_10,leaf:Windows_10,leaf:Windows_10,leaf:Windows_10
4994,fam:Windows,fam:Windows,fam:Windows,maj:Windows_10,maj:Windows_10,maj:Windows_10,leaf:Windows_10,leaf:Windows_10,leaf:Windows_10
4996,fam:Windows,fam:Windows,fam:Windows,maj:Windows_10,maj:Windows_10,maj:Windows_10,leaf:Windows_10,leaf:Windows_10,leaf:Windows_10
5003,fam:Windows,fam:Windows,fam:Windows,maj:Windows_10,maj:Windows_10,maj:Windows_10,leaf:Windows_10,leaf:Windows_10,leaf:Windows_10
5006,fam:Windows,fam:Windows,fam:Windows,maj:Windows_10,maj:Windows_10,maj:Windows_10|maj:Windows_7,leaf:Windows_10,leaf:Windows_10,leaf:Windows_10
5007,fam:Windows,fam:Windows,fam:Windows,maj:Windows_10,maj:Windows_10,maj:Windows_10,leaf:Windows_10,leaf:Windows_10,leaf:Windows_10
5008,fam:Windows,fam:Windows,fam:Windows,maj:Windows_10,maj:Windows_10,maj:Windows_10,leaf:Windows_10,leaf:Windows_10,leaf:Windows_10
5011,fam:Windows,fam:Windows,fam:Windows,maj:Windows_10,maj:Windows_10,maj:Windows_10,leaf:Windows_10,leaf:Windows_10,leaf:Windows_10
5012,fam:Windows,fam:Windows,fam:Windows,maj:Windows_10,maj:Windows_10,maj:Windows_10,leaf:Windows_10,leaf:Windows_10,leaf:Windows_10
5015,fam:Windows,fam:Windows,fam:Windows,maj:Windows_10,maj:Windows_10,maj:Windows_10,leaf:Windows_10,leaf:Windows_10,leaf:Windows_10
5017,fam:Windows,fam:Windows,fam:Windows,maj:Windows_10,maj:Windows_10,maj:Windows_10,leaf:Windows_10,leaf:Windows_10,leaf:Windows_10
5019,fam:Windows,fam:Windows,fam:Windows,maj:Windows_10,maj:Windows_10,maj:Windows_10,leaf:Windows_10,leaf:Windows_10,leaf:Windows_10
5020,fam:Windows,fam:Android,,maj:Windows_10,maj:macOS_10,maj:Android_10|maj:macOS_10,leaf:Windows_10,leaf:Android_9,leaf:Android_10|leaf:Android_9
5022,fam:Windows,fam:Windows,fam:Windows,maj:Windows_10,maj:Windows_10,maj:Windows_10,leaf:Windows_10,leaf:Windows_10,leaf:Windows_10
5025,fam:Windows,fam:Windows,fam:Windows,maj:Windows_10,maj:Windows_10,maj:Windows_10,leaf:Windows_10,leaf:Windows_10,leaf:Windows_10
5026,fam:Windows,fam:Windows,fam:Windows,maj:Windows_10,maj:Windows_10,maj:Windows_10,leaf:Windows_10,leaf:Windows_10,leaf:Windows_10
5027,fam:Windows,fam:Windows,fam:Windows,maj:Windows_10,maj:Windows_10,maj:Windows_10,leaf:Windows_10,leaf:Windows_10,leaf:Windows_10
5029,fam:Windows,fam:Android,,maj:Windows_10,maj:Android_6,maj:Android_6|maj:Windows_XP,leaf:Windows_10,leaf:Android_6_0.0,leaf:Android_6_0.0|leaf:Windows_XP
5030,fam:Windows,fam:Windows,fam:Windows,maj:Windows_10,maj:Windows_10,maj:Windows_10,leaf:Windows_10,leaf:Windows_10,leaf:Windows_10
5033,fam:Windows,fam:Windows,fam:Windows,maj:Windows_10,maj:Windows_10,maj:Windows_10,leaf:Windows_10,leaf:Windows_10,leaf:Windows_10
5035,fam:Windows,fam:Windows,fam:Windows,maj:Windows_10,maj:Windows_10,maj:Windows_10,leaf:Windows_10,leaf:Windows_10,leaf:Windows_10
5038,fam:Windows,fam:Windows,fam:Windows,maj:Windows_10,maj:Windows_10,maj:Windows_10,leaf:Windows_10,leaf:Windows_10,leaf:Windows_10
5040,fam:Windows,fam:Windows,fam:Windows,maj:Windows_10,maj:Windows_10,maj:Windows_10,leaf:Windows_10,leaf:Windows_10,leaf:Windows_10
5041,fam:Windows,fam:Windows,fam:Windows,maj:Windows_10,maj:Windows_10,maj:Windows_10,leaf:Windows_10,leaf:Windows_10,leaf:Windows_10
5042,fam:Windows,fam:Windows,fam:Windows,maj:Windows_10,maj:Windows_10,maj:Windows_10,leaf:Windows_10,leaf:Windows_10,leaf:Windows_10
5046,fam:Windows,fam:Windows,fam:Windows,maj:Windows_10,maj:Windows_10,maj:Windows_10,leaf:Windows_10,leaf:Windows_10,leaf:Windows_10
5048,fam:Windows,fam:Windows,fam:Windows,maj:Windows_10,maj:Windows_10,maj:Windows_10,leaf:Windows_10,leaf:Windows_10,leaf:Windows_10
5050,fam:Windows,fam:Windows,fam:Windows,maj:Windows_10,maj:Windows_10,maj:Windows_10,leaf:Windows_10,leaf:Windows_10,leaf:Windows_10
5055,fam:Windows,fam:Windows,fam:Windows,maj:Windows_10,maj:Windows_10,maj:Windows_10,leaf:Windows_10,leaf:Windows_7,leaf:Windows_7
5056,fam:Windows,fam:Windows,fam:Windows,maj:Windows_10,maj:Windows_10,maj:Windows_10,leaf:Windows_10,leaf:Windows_10,leaf:Windows_10
5059,fam:Windows,fam:Windows,fam:Windows,maj:Windows_10,maj:Windows_10,maj:Windows_10,leaf:Windows_10,leaf:Windows_10,leaf:Windows_10
5060,fam:Windows,fam:Windows,fam:Windows,maj:Windows_10,maj:Windows_10,maj:Windows_10,leaf:Windows_10,leaf:Windows_10,leaf:Windows_10
5061,fam:Windows,fam:Windows,fam:Windows,maj:Windows_10,maj:Windows_10,maj:Windows_10|maj:iOS_13,leaf:Windows_10,leaf:Windows_7,leaf:Windows_7
5062,fam:Windows,fam:Windows,fam:Windows,maj:Windows_10,maj:Windows_10,maj:Windows_10,leaf:Windows_10,leaf:Windows_10,leaf:Windows_10
5063,fam:Windows,fam:Windows,fam:Windows,maj:Windows_10,maj:Android_4,maj:Android_4|maj:Windows_10,leaf:Windows_10,leaf:Android_4_4.0,leaf:Android_4_4.0
5064,fam:Windows,fam:macOS,,maj:Windows_10,maj:macOS_10,maj:macOS_10,leaf:Windows_10,leaf:macOS_10_13.0,leaf:macOS_10_13.0
5067,fam:Windows,fam:Windows,fam:Windows,maj:Windows_10,maj:Windows_10,maj:Windows_10,leaf:Windows_10,leaf:Windows_10,leaf:Windows_10
5069,fam:Windows,fam:Windows,fam:Windows,maj:Windows_10,maj:Windows_10,maj:Windows_10,leaf:Windows_10,leaf:Windows_10,leaf:Windows_10
5070,fam:Windows,fam:Windows,fam:Windows,maj:Windows_10,maj:Windows_10,maj:Windows_10,leaf:Windows_10,leaf:Windows_10,leaf:Windows_10
5071,fam:Windows,fam:Windows,fam:Windows,maj:Windows_10,maj:Windows_10,maj:Windows_10,leaf:Windows_10,leaf:Windows_10,leaf:Windows_10
5074,fam:Windows,fam:Windows,fam:Windows,maj:Windows_10,maj:Windows_10,maj:Windows_10,leaf:Windows_10,leaf:Windows_10,leaf:Windows_10
5075,fam:Windows,fam:Windows,fam:Windows,maj:Windows_10,maj:Windows_10,maj:Windows_10,leaf:Windows_10,leaf:Windows_10,leaf:Windows_10
5076,fam:Windows,fam:Windows,fam:Windows,maj:Windows_10,maj:Windows_10,maj:Windows_10,leaf:Windows_10,leaf:Windows_10,leaf:Windows_10
5077,fam:Windows,fam:Windows,fam:Windows,maj:Windows_10,maj:Windows_10,maj:Windows_10,leaf:Windows_10,leaf:Windows_10,leaf:Windows_10
5078,fam:Windows,fam:Windows,fam:Windows,maj:Windows_10,maj:Windows_10,maj:Windows_10,leaf:Windows_10,leaf:Windows_10,leaf:Windows_10
5082,fam:Windows,fam:Windows,fam:Windows,maj:Windows_10,maj:Windows_10,maj:Windows_10,leaf:Windows_10,leaf:Windows_10,leaf:Windows_10
5085,fam:Windows,fam:Windows,fam:Windows,maj:Windows_10,maj:Windows_10,maj:Windows_10,leaf:Windows_10,leaf:Windows_10,leaf:Windows_10
5089,fam:Windows,fam:Windows,fam:Windows,maj:Windows_10,maj:Windows_10,maj:Windows_10,leaf:Windows_10,leaf:Windows_10,leaf:Windows_10
5091,fam:Windows,fam:Windows,fam:Windows,maj:Windows_10,maj:Windows_10,maj:Windows_10,leaf:Windows_10,leaf:Windows_10,leaf:Windows_10
5096,fam:Windows,fam:Windows,fam:Windows,maj:Windows_10,maj:Windows_10,maj:Windows_10,leaf:Windows_10,leaf:Windows_10,leaf:Windows_10
5100,fam:Windows,fam:Windows,fam:Windows,maj:Windows_10,maj:Windows_10,maj:Windows_10,leaf:Windows_10,leaf:Windows_10,leaf:Windows_10
5102,fam:Windows,fam:Windows,fam:Windows,maj:Windows_10,maj:Windows_10,maj:Windows_10,leaf:Windows_10,leaf:Windows_10,leaf:Windows_10
5103,fam:Windows,fam:Windows,fam:Windows,maj:Windows_10,maj:Windows_10,maj:Windows_10,leaf:Windows_10,leaf:Windows_10,leaf:Windows_10
5104,fam:Windows,fam:Windows,fam:Windows,maj:Windows_10,maj:Windows_10,maj:Windows_10,leaf:Windows_10,leaf:Windows_10,leaf:Windows_10
5105,fam:Windows,fam:Windows,fam:Windows,maj:Windows_10,maj:Windows_10,maj:Windows_10,leaf:Windows_10,leaf:Windows_10,leaf:Windows_10
5109,fam:Windows,fam:Windows,fam:Windows,maj:Windows_10,maj:Windows_10,maj:Windows_10,leaf:Windows_10,leaf:Windows_10,leaf:Windows_10
5110,fam:Windows,fam:Windows,fam:Windows,maj:Windows_10,maj:Windows_10,maj:Windows_10,leaf:Windows_10,leaf:Windows_10,leaf:Windows_10
5112,fam:Windows,fam:Windows,fam:Windows,maj:Windows_10,maj:Windows_10,maj:Windows_10,leaf:Windows_10,leaf:Windows_10,leaf:Windows_10
5114,fam:Windows,fam:Windows,fam:Windows,maj:Windows_10,maj:Windows_10,maj:Windows_10,leaf:Windows_10,leaf:Windows_10,leaf:Windows_10
5118,fam:Windows,fam:Windows,fam:Windows,maj:Windows_10,maj:Windows_10,maj:Windows_10,leaf:Windows_10,leaf:Windows_10,leaf:Windows_10
5119,fam:Windows,fam:Windows,fam:Windows,maj:Windows_10,maj:Windows_8,maj:Windows_8,leaf:Windows_10,leaf:Windows_8_OTHER,leaf:Windows_10|leaf:Windows_8_OTHER
5121,fam:Windows,fam:Windows,fam:Windows,maj:Windows_10,maj:Windows_10,maj:Windows_10,leaf:Windows_10,leaf:Windows_10,leaf:Windows_10
5124,fam:Windows,fam:Windows,fam:Windows,maj:Windows_10,maj:Windows_10,maj:Windows_10,leaf:Windows_10,leaf:Windows_10,leaf:Windows_10
5125,fam:Windows,fam:Windows,fam:Windows,maj:Windows_10,maj:Windows_10,maj:Windows_10,leaf:Windows_10,leaf:Windows_10,leaf:Windows_10
5129,fam:Windows,fam:Windows,fam:Windows,maj:Windows_10,maj:Windows_10,maj:Windows_10,leaf:Windows_10,leaf:Windows_10,leaf:Windows_10
5131,fam:Windows,fam:Windows,fam:Windows,maj:Windows_10,maj:Windows_10,maj:Windows_10,leaf:Windows_10,leaf:Windows_10,leaf:Windows_10
5132,fam:Windows,fam:Windows,fam:Windows,maj:Windows_10,maj:Windows_10,maj:Windows_10,leaf:Windows_10,leaf:Windows_10,leaf:Windows_10
5135,fam:Windows,fam:Windows,fam:Windows,maj:Windows_10,maj:Windows_10,maj:Windows_10,leaf:Windows_10,leaf:Windows_10,leaf:Windows_10
5138,fam:Windows,fam:Windows,fam:Windows,maj:Windows_10,maj:Windows_10,maj:Windows_10,leaf:Windows_10,leaf:Windows_10,leaf:Windows_10
5140,fam:Windows,fam:Windows,fam:Windows,maj:Windows_10,maj:Windows_10,maj:Windows_10,leaf:Windows_10,leaf:Windows_10,leaf:Windows_10
5142,fam:Windows,fam:Windows,fam:Windows,maj:Windows_10,maj:Windows_10,maj:Windows_10,leaf:Windows_10,leaf:Windows_10,leaf:Windows_10
5150,fam:Windows,fam:Windows,fam:Windows,maj:Windows_10,maj:Windows_10,maj:Windows_10,leaf:Windows_10,leaf:Windows_10,leaf:Windows_10
5151,fam:Windows,fam:Windows,fam:Windows,maj:Windows_10,maj:Windows_10,maj:Windows_10,leaf:Windows_10,leaf:Windows_10,leaf:Windows_10
5152,fam:Windows,fam:Windows,fam:Windows,maj:Windows_10,maj:Windows_10,maj:Windows_10,leaf:Windows_10,leaf:Windows_10,leaf:Windows_10
5153,fam:Windows,fam:Windows,fam:Windows,maj:Windows_10,maj:Windows_10,maj:Windows_10,leaf:Windows_10,leaf:Windows_10,leaf:Windows_10
5155,fam:Windows,fam:Windows,fam:Windows,maj:Windows_10,maj:Windows_10,maj:Windows_10,leaf:Windows_10,leaf:Windows_10,leaf:Windows_10
5156,fam:Windows,fam:Windows,fam:Windows,maj:Windows_10,maj:Windows_10,maj:Windows_10,leaf:Windows_10,leaf:Windows_10,leaf:Windows_10
5157,fam:Windows,fam:Windows,fam:Windows,maj:Windows_10,maj:Windows_10,maj:Windows_10,leaf:Windows_10,leaf:Windows_10,leaf:Windows_10
5160,fam:Windows,fam:Windows,fam:Windows,maj:Windows_10,maj:Windows_10,maj:Windows_10,leaf:Windows_10,leaf:Windows_10,leaf:Windows_10
5161,fam:Windows,fam:Windows,fam:Windows,maj:Windows_10,maj:Windows_10,maj:Windows_10,leaf:Windows_10,leaf:Windows_10,leaf:Windows_10
5163,fam:Windows,fam:Windows,fam:Windows,maj:Windows_10,maj:Windows_10,maj:Windows_10,leaf:Windows_10,leaf:Windows_10,leaf:Windows_10
5167,fam:Windows,fam:Windows,fam:Windows,maj:Windows_10,maj:Windows_10,maj:Windows_10,leaf:Windows_10,leaf:Windows_10,leaf:Windows_10
5168,fam:Windows,fam:Windows,fam:Windows,maj:Windows_10,maj:Windows_10,maj:Windows_10,leaf:Windows_10,leaf:Windows_10,leaf:Windows_10
5171,fam:Windows,fam:Windows,fam:Windows,maj:Windows_10,maj:Windows_10,maj:Windows_10,leaf:Windows_10,leaf:Windows_10,leaf:Windows_10
5174,fam:Windows,fam:Windows,fam:Windows,maj:Windows_10,maj:Windows_10,maj:Windows_10,leaf:Windows_10,leaf:Windows_10,leaf:Windows_10
5177,fam:Windows,fam:Windows,fam:Windows,maj:Windows_10,maj:Windows_10,maj:Windows_10,leaf:Windows_10,leaf:Windows_10,leaf:Windows_10
5178,fam:Windows,fam:Windows,fam:Windows,maj:Windows_10,maj:Windows_10,maj:Windows_10,leaf:Windows_10,leaf:Windows_10,leaf:Windows_10
5179,fam:Windows,fam:Windows,fam:Windows,maj:Windows_10,maj:Windows_10,maj:Windows_10,leaf:Windows_10,leaf:Windows_10,leaf:Windows_10
5180,fam:Windows,fam:Windows,fam:Windows,maj:Windows_10,maj:Windows_10,maj:Windows_10,leaf:Windows_10,leaf:Windows_10,leaf:Windows_10
5183,fam:Windows,fam:Windows,fam:Windows,maj:Windows_10,maj:Windows_10,maj:Windows_10,leaf:Windows_10,leaf:Windows_10,leaf:Windows_10
5185,fam:Windows,fam:Windows,fam:Windows,maj:Windows_10,maj:Windows_10,maj:Windows_10,leaf:Windows_10,leaf:Windows_10,leaf:Windows_10
5188,fam:Windows,fam:Linux,fam:Linux,maj:Windows_10,maj:Linux_Ubuntu,maj:Linux_Ubuntu,leaf:Windows_10,leaf:Linux_Ubuntu,leaf:Linux_OTHER|leaf:Linux_Ubuntu
5194,fam:Windows,fam:Windows,fam:Windows,maj:Windows_10,maj:Windows_10,maj:Windows_10,leaf:Windows_10,leaf:Windows_10,leaf:Windows_10
5198,fam:Windows,fam:Windows,fam:Windows,maj:Windows_10,maj:Windows_10,maj:Windows_10,leaf:Windows_10,leaf:Windows_10,leaf:Windows_10
5200,fam:Windows,fam:Windows,fam:Windows,maj:Windows_10,maj:Windows_10,maj:Windows_10,leaf:Windows_10,leaf:Windows_10,leaf:Windows_10
5203,fam:Windows,fam:Windows,fam:Windows,maj:Windows_10,maj:Windows_10,maj:Windows_10,leaf:Windows_10,leaf:Windows_10,leaf:Windows_10
5204,fam:Windows,fam:Windows,fam:Windows,maj:Windows_10,maj:Windows_10,maj:Windows_10,leaf:Windows_10,leaf:Windows_10,leaf:Windows_10
5206,fam:Windows,fam:Windows,fam:Windows,maj:Windows_10,maj:Windows_10,maj:Windows_10,leaf:Windows_10,leaf:Windows_10,leaf:Windows_10
5211,fam:Windows,fam:Windows,fam:Windows,maj:Windows_10,maj:Windows_10,maj:Windows_10,leaf:Windows_10,leaf:Windows_10,leaf:Windows_10
5214,fam:Windows,fam:Windows,fam:Windows,maj:Windows_10,maj:Windows_10,maj:Windows_10,leaf:Windows_10,leaf:Windows_10,leaf:Windows_10
5216,fam:Windows,fam:Windows,fam:Windows,maj:Windows_10,maj:Windows_7,maj:Windows_10|maj:Windows_7,leaf:Windows_10,leaf:Android_4_4.0,leaf:Android_4_4.0|leaf:Windows_10
5219,fam:Windows,fam:Windows,fam:Windows,maj:Windows_10,maj:Windows_10,maj:Windows_10,leaf:Windows_10,leaf:Windows_10,leaf:Windows_10
5221,fam:Windows,fam:Windows,fam:Windows,maj:Windows_10,maj:Windows_10,maj:Windows_10,leaf:Windows_10,leaf:Windows_10,leaf:Windows_10
5224,fam:Windows,fam:Windows,fam:Windows,maj:Windows_10,maj:Windows_10,maj:Windows_10,leaf:Windows_10,leaf:Windows_10,leaf:Windows_10
5226,fam:Windows,fam:Windows,fam:Windows,maj:Windows_10,maj:Windows_10,maj:Windows_10,leaf:Windows_10,leaf:Windows_10,leaf:Windows_10
5228,fam:Windows,fam:Windows,fam:Windows,maj:Windows_10,maj:Windows_10,maj:Windows_10,leaf:Windows_10,leaf:Windows_10,leaf:Windows_10
5229,fam:Windows,fam:Windows,fam:Windows,maj:Windows_10,maj:Windows_10,maj:Windows_10,leaf:Windows_10,leaf:Windows_10,leaf:Windows_10
5236,fam:Windows,fam:Windows,fam:Windows,maj:Windows_10,maj:Windows_10,maj:Windows_10,leaf:Windows_10,leaf:Windows_10,leaf:Windows_10
5237,fam:Windows,fam:Windows,fam:Windows,maj:Windows_10,maj:Windows_10,maj:Windows_10,leaf:Windows_10,leaf:Windows_10,leaf:Windows_10
5238,fam:Windows,fam:Windows,fam:Windows,maj:Windows_10,maj:Windows_10,maj:Windows_10,leaf:Windows_10,leaf:Windows_10,leaf:Windows_10
5239,fam:Windows,fam:Windows,fam:Windows,maj:Windows_10,maj:Windows_10,maj:Windows_10,leaf:Windows_10,leaf:Windows_10,leaf:Windows_10
5240,fam:Windows,fam:Windows,fam:Windows,maj:Windows_10,maj:Android_10,maj:Android_10|maj:Windows_10,leaf:Windows_10,leaf:Windows_10,leaf:Android_7_0.0|leaf:Windows_10
5243,fam:Windows,fam:Windows,fam:Windows,maj:Windows_10,maj:Windows_10,maj:Windows_10,leaf:Windows_10,leaf:Windows_10,leaf:Windows_10
5244,fam:Windows,fam:Windows,fam:Windows,maj:Windows_10,maj:Windows_10,maj:Windows_10,leaf:Windows_10,leaf:Windows_10,leaf:Windows_10
5245,fam:Windows,fam:Windows,fam:Windows,maj:Windows_10,maj:Windows_10,maj:Windows_10,leaf:Windows_10,leaf:Windows_10,leaf:Windows_10
5246,fam:Windows,fam:Windows,fam:Windows,maj:Windows_10,maj:Windows_10,maj:Windows_10,leaf:Windows_10,leaf:Windows_10,leaf:Windows_10
5247,fam:Windows,fam:Windows,fam:Windows,maj:Windows_10,maj:Windows_10,maj:Windows_10,leaf:Windows_10,leaf:Windows_10,leaf:Windows_10
5248,fam:Windows,fam:Windows,,maj:Windows_10,maj:Windows_7,maj:Windows_10|maj:Windows_7,leaf:Windows_10,leaf:Android_4_1.0,leaf:Android_4_1.0
5249,fam:Windows,fam:Windows,fam:Windows,maj:Windows_10,maj:Windows_10,maj:Windows_10,leaf:Windows_10,leaf:Windows_10,leaf:Windows_10
5253,fam:Windows,fam:Windows,fam:Windows,maj:Windows_10,maj:Windows_XP,maj:Windows_XP,leaf:Windows_10,leaf:Windows_XP,leaf:Windows_XP
5254,fam:Windows,fam:Windows,fam:Windows,maj:Windows_10,maj:Windows_10,maj:Windows_10,leaf:Windows_10,leaf:Windows_10,leaf:Windows_10
5256,fam:Windows,fam:Windows,fam:Windows,maj:Windows_10,maj:Windows_10,maj:Windows_10,leaf:Windows_10,leaf:Windows_10,leaf:Windows_10
5257,fam:Windows,fam:Windows,fam:Windows,maj:Windows_10,maj:Windows_10,maj:Windows_10,leaf:Windows_10,leaf:Windows_10,leaf:Windows_10
5259,fam:Windows,fam:Windows,fam:Windows,maj:Windows_10,maj:Windows_10,maj:Windows_10,leaf:Windows_10,leaf:Windows_10,leaf:Windows_10
5263,fam:Windows,fam:Windows,fam:Windows,maj:Windows_10,maj:Windows_10,maj:Windows_10,leaf:Windows_10,leaf:Windows_10,leaf:Windows_10
5264,fam:Windows,fam:Windows,fam:Windows,maj:Windows_10,maj:Windows_10,maj:Windows_10,leaf:Windows_10,leaf:Windows_10,leaf:Windows_10
5265,fam:Windows,fam:Windows,fam:Windows,maj:Windows_10,maj:Windows_10,maj:Windows_10,leaf:Windows_10,leaf:Windows_10,leaf:Windows_10
5266,fam:Windows,fam:Windows,fam:Windows,maj:Windows_10,maj:Windows_10,maj:Windows_10,leaf:Windows_10,leaf:Windows_10,leaf:Windows_10
5267,fam:Windows,fam:Windows,fam:Windows,maj:Windows_10,maj:Windows_10,maj:Windows_10,leaf:Windows_10,leaf:Windows_10,leaf:Windows_10
5274,fam:Windows,fam:Windows,fam:Windows,maj:Windows_10,maj:Windows_10,maj:Windows_10,leaf:Windows_10,leaf:Windows_10,leaf:Windows_10
5275,fam:Windows,fam:Windows,fam:Windows,maj:Windows_10,maj:Windows_10,maj:Windows_10,leaf:Windows_10,leaf:Windows_10,leaf:Windows_10
5276,fam:Windows,fam:Windows,,maj:Windows_10,maj:Android_4,maj:Android_4,leaf:Windows_10,leaf:Android_4_4.0,leaf:Android_4_4.0
5280,fam:Windows,fam:Android,,maj:Windows_10,maj:Android_6,maj:Android_6|maj:Windows_XP,leaf:Windows_10,leaf:Android_6_0.0,leaf:Android_6_0.0|leaf:Windows_XP
5286,fam:Windows,fam:Windows,fam:Windows,maj:Windows_10,maj:Windows_10,maj:Windows_10,leaf:Windows_10,leaf:Windows_10,leaf:Windows_10
5290,fam:Windows,fam:Windows,fam:Windows,maj:Windows_10,maj:Windows_10,maj:Windows_10,leaf:Windows_10,leaf:Windows_10,leaf:Windows_10
5296,fam:Windows,fam:Windows,fam:Windows,maj:Windows_10,maj:Windows_10,,leaf:Windows_10,leaf:Android_7_0.0,leaf:Android_7_0.0
5298,fam:Windows,fam:Windows,fam:Windows,maj:Windows_10,maj:Windows_10,maj:Windows_10,leaf:Windows_10,leaf:Windows_10,leaf:Windows_10
5302,fam:Windows,fam:Windows,fam:Windows,maj:Windows_10,maj:Windows_10,maj:Windows_10,leaf:Windows_10,leaf:Windows_10,leaf:Windows_10
5303,fam:Windows,fam:Windows,fam:Windows,maj:Windows_10,maj:Windows_10,maj:Windows_10|maj:macOS_10,leaf:Windows_10,leaf:Windows_10,leaf:Windows_10
5304,fam:Windows,fam:Windows,fam:Windows,maj:Windows_10,maj:Windows_10,maj:Windows_10,leaf:Windows_10,leaf:Windows_10,leaf:Windows_10
5305,fam:Windows,fam:Windows,fam:Windows,maj:Windows_10,maj:Windows_10,maj:Windows_10,leaf:Windows_10,leaf:Windows_10,leaf:Windows_10|leaf:Windows_7
5307,fam:Windows,fam:Windows,fam:Windows,maj:Windows_10,maj:Windows_10,maj:Windows_10,leaf:Windows_10,leaf:Windows_10,leaf:Windows_10
5310,fam:Windows,fam:Windows,fam:Windows,maj:Windows_10,maj:Windows_10,maj:Windows_10,leaf:Windows_10,leaf:Windows_10,leaf:Windows_10
5314,fam:Windows,fam:Windows,fam:Windows,maj:Windows_10,maj:Windows_10,maj:Windows_10,leaf:Windows_10,leaf:Windows_10,leaf:Windows_10
5315,fam:Windows,fam:Windows,fam:Windows,maj:Windows_10,maj:Windows_10,maj:Windows_10,leaf:Windows_10,leaf:Windows_10,leaf:Windows_10
5316,fam:Windows,fam:Windows,fam:Windows,maj:Windows_10,maj:Windows_10,maj:Windows_10,leaf:Windows_10,leaf:Windows_10,leaf:Windows_10
5317,fam:Windows,fam:Windows,fam:Windows,maj:Windows_10,maj:Windows_10,maj:Windows_10,leaf:Windows_10,leaf:Windows_10,leaf:Windows_10
5318,fam:Windows,fam:Windows,fam:Windows,maj:Windows_10,maj:Windows_10,maj:Windows_10,leaf:Windows_10,leaf:Windows_10,leaf:Windows_10
5319,fam:Windows,fam:Windows,fam:Windows,maj:Windows_10,maj:Windows_10,maj:Windows_10,leaf:Windows_10,leaf:Windows_10,leaf:Windows_10
5320,fam:Windows,fam:Windows,fam:Windows,maj:Windows_10,maj:Windows_10,maj:Windows_10,leaf:Windows_10,leaf:Windows_10,leaf:Windows_10
5324,fam:Windows,fam:Windows,fam:Windows,maj:Windows_10,maj:Windows_10,maj:Windows_10,leaf:Windows_10,leaf:Windows_10,leaf:Windows_10
5326,fam:Windows,fam:Windows,fam:Windows,maj:Windows_10,maj:Windows_10,maj:Windows_10,leaf:Windows_10,leaf:Windows_10,leaf:Windows_10
5328,fam:Windows,fam:Windows,fam:Windows,maj:Windows_10,maj:Windows_10,maj:Windows_10,leaf:Windows_10,leaf:Windows_10,leaf:Windows_10|leaf:Windows_8_OTHER
5329,fam:Windows,fam:Windows,fam:Windows,maj:Windows_10,maj:Windows_10,maj:Windows_10,leaf:Windows_10,leaf:Windows_10,leaf:Windows_10
5334,fam:Windows,fam:Windows,fam:Windows,maj:Windows_10,maj:Windows_10,maj:Windows_10,leaf:Windows_10,leaf:Windows_10,leaf:Windows_10
5335,fam:Windows,fam:Windows,fam:Windows,maj:Windows_10,maj:Windows_10,maj:Windows_10,leaf:Windows_10,leaf:Windows_10,leaf:Windows_10
5336,fam:Windows,fam:Windows,fam:Windows,maj:Windows_10,maj:Windows_10,maj:Windows_10,leaf:Windows_10,leaf:Windows_10,leaf:Windows_10
5337,fam:Windows,fam:Windows,fam:Windows,maj:Windows_10,maj:Windows_10,maj:Windows_10,leaf:Windows_10,leaf:Windows_10,leaf:Windows_10
5343,fam:Windows,fam:Windows,fam:Windows,maj:Windows_10,maj:Windows_10,maj:Windows_10,leaf:Windows_10,leaf:Windows_10,leaf:Windows_10
5346,fam:Windows,fam:Windows,fam:Windows,maj:Windows_10,maj:Windows_10,maj:Windows_10,leaf:Windows_10,leaf:Windows_10,leaf:Windows_10
5349,fam:Windows,fam:Windows,fam:Windows,maj:Windows_10,maj:Windows_10,maj:Windows_10,leaf:Windows_10,leaf:Windows_10,leaf:Windows_10
5350,fam:Windows,fam:Windows,fam:Windows,maj:Windows_10,maj:Windows_10,maj:Windows_10,leaf:Windows_10,leaf:Windows_10,leaf:Windows_10
5351,fam:Windows,fam:Windows,fam:Windows,maj:Windows_10,maj:Windows_10,maj:Windows_10,leaf:Windows_10,leaf:Windows_10,leaf:Windows_10
5353,fam:Windows,fam:Windows,fam:Windows,maj:Windows_10,maj:Windows_10,maj:Windows_10,leaf:Windows_10,leaf:Windows_10,leaf:Windows_10
5357,fam:Windows,fam:Windows,fam:Windows,maj:Windows_10,maj:Windows_10,maj:Windows_10,leaf:Windows_10,leaf:Windows_10,leaf:Windows_10|leaf:Windows_7
5359,fam:Windows,fam:Windows,fam:Windows,maj:Windows_10,maj:Windows_10,maj:Windows_10,leaf:Windows_10,leaf:Windows_10,leaf:Windows_10
5360,fam:Windows,fam:Windows,fam:Windows,maj:Windows_10,maj:Windows_10,maj:Windows_10,leaf:Windows_10,leaf:Windows_10,leaf:Windows_10
5364,fam:Windows,fam:Windows,fam:Windows,maj:Windows_10,maj:Windows_10,maj:Windows_10,leaf:Windows_10,leaf:Windows_10,leaf:Windows_10
5366,fam:Windows,fam:Windows,fam:Windows,maj:Windows_10,maj:Windows_10,maj:Windows_10,leaf:Windows_10,leaf:Windows_10,leaf:Windows_10
5370,fam:Windows,fam:Windows,fam:Windows,maj:Windows_10,maj:Windows_10,maj:Windows_10,leaf:Windows_10,leaf:Windows_10,leaf:Windows_10
5371,fam:Windows,fam:Windows,fam:Windows,maj:Windows_10,maj:Windows_10,maj:Windows_10,leaf:Windows_10,leaf:Windows_10,leaf:Windows_10
5373,fam:Windows,fam:Windows,fam:Windows,maj:Windows_10,maj:Windows_10,maj:Windows_10,leaf:Windows_10,leaf:Windows_10,leaf:Windows_10
5374,fam:Windows,fam:Windows,fam:Windows,maj:Windows_10,maj:Windows_10,maj:Windows_10,leaf:Windows_10,leaf:Windows_10,leaf:Windows_10
5376,fam:Windows,fam:Windows,fam:Windows,maj:Windows_10,maj:Windows_10,maj:Windows_10,leaf:Windows_10,leaf:Windows_10,leaf:Windows_10
5377,fam:Windows,fam:Windows,fam:Windows,maj:Windows_10,maj:Windows_10,maj:Windows_10,leaf:Windows_10,leaf:Windows_10,leaf:Windows_10
5378,fam:Windows,fam:Windows,fam:Windows,maj:Windows_10,maj:Windows_10,maj:Windows_10,leaf:Windows_10,leaf:Windows_10,leaf:Windows_10
5381,fam:Windows,fam:Windows,fam:Windows,maj:Windows_10,maj:Windows_10,maj:Windows_10,leaf:Windows_10,leaf:Windows_10,leaf:Windows_10
5383,fam:Windows,fam:Windows,fam:Windows,maj:Windows_10,maj:Windows_10,maj:Windows_10,leaf:Windows_10,leaf:Windows_10,leaf:Windows_10
5384,fam:Windows,fam:Windows,fam:Windows,maj:Windows_10,maj:Windows_7,maj:Windows_7,leaf:Windows_10,leaf:Android_4_4.0,leaf:Android_4_4.0
5386,fam:Windows,fam:Windows,fam:Windows,maj:Windows_10,maj:Windows_10,maj:Windows_10,leaf:Windows_10,leaf:Windows_10,leaf:Windows_10
5387,fam:Windows,fam:Windows,fam:Windows,maj:Windows_10,maj:Windows_10,maj:Windows_10,leaf:Windows_10,leaf:Windows_10,leaf:Windows_10
5392,fam:Windows,fam:Windows,fam:Windows,maj:Windows_10,maj:Windows_10,maj:Windows_10,leaf:Windows_10,leaf:Windows_10,leaf:Windows_10
5393,fam:Windows,fam:Windows,fam:Windows,maj:Windows_10,maj:Windows_10,maj:Windows_10,leaf:Windows_10,leaf:Windows_10,leaf:Windows_10
5394,fam:Windows,fam:Linux,,maj:Windows_10,maj:Linux_OTHER,maj:Linux_OTHER|maj:Windows_10,leaf:Windows_10,leaf:Windows_10,leaf:Linux_OTHER|leaf:Windows_10
5396,fam:Windows,fam:Windows,fam:Windows,maj:Windows_10,maj:Windows_10,maj:Windows_10,leaf:Windows_10,leaf:Windows_10,leaf:Windows_10
5397,fam:Windows,fam:Windows,fam:Windows,maj:Windows_10,maj:Windows_10,maj:Windows_10,leaf:Windows_10,leaf:Windows_10,leaf:Windows_10
5400,fam:Windows,fam:Windows,fam:Windows,maj:Windows_10,maj:Windows_10,maj:Windows_10,leaf:Windows_10,leaf:Windows_10,leaf:Windows_10
5402,fam:Windows,fam:Windows,fam:Windows,maj:Windows_10,maj:Windows_10,maj:Windows_10,leaf:Windows_10,leaf:Windows_10,leaf:Windows_10
5403,fam:Windows,fam:Windows,fam:Windows,maj:Windows_10,maj:Windows_10,maj:Windows_10,leaf:Windows_10,leaf:Windows_10,leaf:Windows_10
5404,fam:Windows,fam:Windows,fam:Windows,maj:Windows_10,maj:Windows_10,maj:Windows_10,leaf:Windows_10,leaf:Windows_10,leaf:Windows_10
5405,fam:Windows,fam:Windows,fam:Windows,maj:Windows_10,maj:Windows_10,maj:Windows_10,leaf:Windows_10,leaf:Windows_10,leaf:Windows_10
5406,fam:Windows,fam:Windows,fam:Windows,maj:Windows_10,maj:Windows_10,maj:Windows_10,leaf:Windows_10,leaf:Windows_10,leaf:Windows_10
5408,fam:Windows,fam:Windows,fam:Windows,maj:Windows_10,maj:Windows_10,maj:Windows_10,leaf:Windows_10,leaf:Windows_10,leaf:Windows_10
5409,fam:Windows,fam:Windows,fam:Windows,maj:Windows_10,maj:Windows_10,maj:Windows_10,leaf:Windows_10,leaf:Windows_10,leaf:Windows_10
5415,fam:Windows,fam:Windows,fam:Windows,maj:Windows_10,maj:Windows_10,maj:Windows_10,leaf:Windows_10,leaf:Windows_10,leaf:Windows_10
5420,fam:Windows,fam:Windows,fam:Windows,maj:Windows_10,maj:Windows_10,maj:Windows_10,leaf:Windows_10,leaf:Windows_10,leaf:Windows_10|leaf:Windows_8_OTHER
5424,fam:Windows,fam:Windows,fam:Windows,maj:Windows_10,maj:Windows_10,maj:Windows_10,leaf:Windows_10,leaf:Windows_10,leaf:Windows_10
5425,fam:Windows,fam:Windows,fam:Windows,maj:Windows_10,maj:Windows_10,maj:Windows_10,leaf:Windows_10,leaf:Windows_10,leaf:Windows_10
5431,fam:Windows,fam:Windows,fam:Windows,maj:Windows_10,maj:Windows_10,maj:Windows_10,leaf:Windows_10,leaf:Windows_10,leaf:Windows_10
5432,fam:Windows,fam:Windows,fam:Windows,maj:Windows_10,maj:Windows_10,maj:Windows_10,leaf:Windows_10,leaf:Windows_10,leaf:Windows_10
5433,fam:Windows,fam:Windows,fam:Windows,maj:Windows_10,maj:Windows_10,maj:Windows_10,leaf:Windows_10,leaf:Windows_10,leaf:Windows_10
5438,fam:Windows,fam:Android,fam:Android,maj:Windows_10,maj:Windows_10,maj:Android_10|maj:Windows_10,leaf:Windows_10,leaf:Android_10,leaf:Android_10
5442,fam:Windows,fam:Windows,fam:Windows,maj:Windows_10,maj:Windows_10,maj:Windows_10,leaf:Windows_10,leaf:Windows_XP,leaf:Windows_10|leaf:Windows_XP
5444,fam:Windows,fam:Windows,fam:Windows,maj:Windows_10,maj:Windows_10,maj:Windows_10,leaf:Windows_10,leaf:Windows_10,leaf:Windows_10
5445,fam:Windows,fam:Windows,fam:Windows,maj:Windows_10,maj:Windows_10,maj:Windows_10,leaf:Windows_10,leaf:Windows_10,leaf:Windows_10
5447,fam:Windows,fam:Windows,fam:Windows,maj:Windows_10,maj:Windows_10,maj:Windows_10,leaf:Windows_10,leaf:Windows_10,leaf:Windows_10
5451,fam:Windows,fam:Windows,fam:Windows,maj:Windows_10,maj:Windows_10,maj:Windows_10,leaf:Windows_10,leaf:Windows_10,leaf:Windows_10
5452,fam:Windows,fam:Windows,fam:Windows,maj:Windows_10,maj:Windows_10,maj:Windows_10|maj:Windows_8,leaf:Windows_10,leaf:Windows_10,leaf:Windows_10|leaf:Windows_8_1.0
5453,fam:Windows,fam:Windows,fam:Windows,maj:Windows_10,maj:Windows_10,maj:Windows_10,leaf:Windows_10,leaf:Windows_10,leaf:Windows_10
5455,fam:Windows,fam:Windows,fam:Windows,maj:Windows_10,maj:Windows_10,maj:Windows_10,leaf:Windows_10,leaf:Windows_10,leaf:Windows_10
5457,fam:Windows,fam:Windows,fam:Windows,maj:Windows_10,maj:Windows_10,maj:Windows_10,leaf:Windows_10,leaf:Windows_10,leaf:Windows_10
5458,fam:Windows,fam:Windows,fam:Windows,maj:Windows_10,maj:Windows_10,maj:Windows_10,leaf:Windows_10,leaf:Android_4_4.0,leaf:Android_4_4.0
5460,fam:Windows,fam:Windows,fam:Windows,maj:Windows_10,maj:Windows_10,maj:Windows_10,leaf:Windows_10,leaf:Windows_10,leaf:Windows_10
5461,fam:Windows,fam:Windows,fam:Windows,maj:Windows_10,maj:Windows_10,maj:Windows_10,leaf:Windows_10,leaf:Windows_10,leaf:Windows_10
5468,fam:Windows,fam:Windows,fam:Windows,maj:Windows_10,maj:Windows_10,maj:Windows_10,leaf:Windows_10,leaf:Windows_10,leaf:Windows_10
5472,fam:Windows,fam:Windows,fam:Windows,maj:Windows_10,maj:Windows_10,maj:Windows_10,leaf:Windows_10,leaf:Windows_10,leaf:Windows_10
5473,fam:Windows,fam:Windows,fam:Windows,maj:Windows_10,maj:Windows_10,maj:Windows_10,leaf:Windows_10,leaf:Windows_10,leaf:Windows_10
5475,fam:Windows,fam:Windows,fam:Windows,maj:Windows_10,maj:Windows_10,maj:Windows_10,leaf:Windows_10,leaf:Windows_10,leaf:Windows_10
5477,fam:Windows,fam:Windows,fam:Windows,maj:Windows_10,maj:Windows_10,maj:Windows_10,leaf:Windows_10,leaf:Windows_10,leaf:Windows_10
5478,fam:Windows,fam:Windows,fam:Windows,maj:Windows_10,maj:Windows_10,maj:Windows_10,leaf:Windows_10,leaf:Windows_10,leaf:Windows_10
5480,fam:Windows,fam:Windows,fam:Windows,maj:Windows_10,maj:Windows_10,maj:Windows_10,leaf:Windows_10,leaf:Windows_10,leaf:Windows_10
5481,fam:Windows,fam:Windows,fam:Windows,maj:Windows_10,maj:Windows_10,maj:Windows_10,leaf:Windows_10,leaf:Windows_10,leaf:Windows_10
5485,fam:Windows,fam:Windows,fam:Windows,maj:Windows_10,maj:Windows_10,maj:Windows_10,leaf:Windows_10,leaf:Windows_10,leaf:Windows_10
5488,fam:Windows,fam:Windows,fam:Windows,maj:Windows_10,maj:Windows_7,maj:Windows_10|maj:Windows_7,leaf:Windows_10,leaf:Windows_10,leaf:Windows_10
5489,fam:Windows,fam:Windows,fam:Windows,maj:Windows_10,maj:Windows_10,maj:Windows_10,leaf:Windows_10,leaf:Windows_10,leaf:Windows_10
5493,fam:Windows,fam:Windows,fam:Windows,maj:Windows_10,maj:Windows_8,maj:Windows_8,leaf:Windows_10,leaf:Windows_8_1.0,leaf:Windows_8_1.0|leaf:Windows_8_OTHER
5494,fam:Windows,fam:Windows,fam:Windows,maj:Windows_10,maj:Windows_10,maj:Windows_10,leaf:Windows_10,leaf:Windows_10,leaf:Windows_10
5496,fam:Windows,fam:Windows,fam:Windows,maj:Windows_10,maj:Windows_10,maj:Windows_10,leaf:Windows_10,leaf:Windows_10,leaf:Windows_10
5498,fam:Windows,fam:Windows,fam:Windows,maj:Windows_10,maj:Windows_10,maj:Windows_10,leaf:Windows_10,leaf:Windows_10,leaf:Windows_10
5499,fam:Windows,fam:Windows,fam:Windows,maj:Windows_10,maj:Windows_10,maj:Windows_10,leaf:Windows_10,leaf:Windows_10,leaf:Windows_10|leaf:Windows_7
5500,fam:Windows,fam:Windows,fam:Windows,maj:Windows_10,maj:Windows_10,maj:Windows_10,leaf:Windows_10,leaf:Windows_10,leaf:Windows_10
5501,fam:Windows,fam:Windows,fam:Windows,maj:Windows_10,maj:Windows_10,maj:Windows_10,leaf:Windows_10,leaf:Windows_10,leaf:Windows_10
5510,fam:Windows,fam:Windows,fam:Windows,maj:Windows_10,maj:Windows_10,maj:Windows_10,leaf:Windows_10,leaf:Windows_10,leaf:Windows_10
5514,fam:Windows,fam:Windows,fam:Windows,maj:Windows_10,maj:Windows_10,maj:Windows_10,leaf:Windows_10,leaf:Windows_10,leaf:Windows_10
5516,fam:Windows,fam:Windows,fam:Windows,maj:Windows_10,maj:Windows_10,maj:Windows_10,leaf:Windows_10,leaf:Windows_10,leaf:Windows_10
5519,fam:Windows,fam:Windows,fam:Windows,maj:Windows_10,maj:Windows_10,maj:Windows_10,leaf:Windows_10,leaf:Windows_10,leaf:Windows_10
5521,fam:Windows,fam:Windows,fam:Windows,maj:Windows_10,maj:Windows_10,maj:Windows_10,leaf:Windows_10,leaf:Windows_10,leaf:Windows_10|leaf:Windows_8_OTHER
5523,fam:Windows,fam:Windows,fam:Windows,maj:Windows_10,maj:Windows_10,maj:Windows_10,leaf:Windows_10,leaf:Windows_10,leaf:Windows_10
5524,fam:Windows,fam:Windows,fam:Windows,maj:Windows_10,maj:Windows_10,maj:Windows_10,leaf:Windows_10,leaf:Windows_10,leaf:Windows_10
5526,fam:Windows,fam:Windows,fam:Windows,maj:Windows_10,maj:Windows_10,maj:Windows_10,leaf:Windows_10,leaf:Windows_10,leaf:Windows_10
5528,fam:Windows,fam:Windows,fam:Windows,maj:Windows_10,maj:Windows_10,maj:Windows_10,leaf:Windows_10,leaf:Windows_10,leaf:Windows_10
5529,fam:Windows,fam:Windows,fam:Windows,maj:Windows_10,maj:Windows_10,maj:Windows_10,leaf:Windows_10,leaf:Windows_10,leaf:Windows_10
5530,fam:Windows,fam:Windows,fam:Windows,maj:Windows_10,maj:Windows_10,maj:Windows_10,leaf:Windows_10,leaf:Windows_10,leaf:Windows_10
5533,fam:Windows,fam:Windows,fam:Windows,maj:Windows_10,maj:Windows_10,maj:Windows_10,leaf:Windows_10,leaf:Windows_10,leaf:Windows_10
5534,fam:Windows,fam:Windows,fam:Windows,maj:Windows_10,maj:Windows_10,maj:Windows_10,leaf:Windows_10,leaf:Windows_10,leaf:Windows_10
5539,fam:Windows,fam:Windows,fam:Windows,maj:Windows_10,maj:Windows_10,maj:Windows_10,leaf:Windows_10,leaf:Windows_10,leaf:Windows_10
5540,fam:Windows,fam:Windows,fam:Windows,maj:Windows_10,maj:Windows_10,maj:Windows_10,leaf:Windows_10,leaf:Windows_10,leaf:Windows_10
5541,fam:Windows,fam:Windows,fam:Windows,maj:Windows_10,maj:Windows_10,maj:Windows_10,leaf:Windows_10,leaf:Windows_10,leaf:Windows_10
5542,fam:Windows,fam:Windows,fam:Windows,maj:Windows_10,maj:Windows_10,maj:Windows_10,leaf:Windows_10,leaf:Windows_10,leaf:Windows_10
5544,fam:Windows,fam:Windows,fam:Windows,maj:Windows_10,maj:Windows_10,maj:Windows_10,leaf:Windows_10,leaf:Windows_10,leaf:Windows_10
5546,fam:Windows,fam:Windows,fam:Windows,maj:Windows_10,maj:Windows_10,maj:Windows_10,leaf:Windows_10,leaf:Windows_10,leaf:Windows_10
5547,fam:Windows,fam:Windows,fam:Windows,maj:Windows_10,maj:Windows_10,maj:Windows_10,leaf:Windows_10,leaf:Windows_10,leaf:Windows_10
5548,fam:Windows,fam:Windows,fam:Windows,maj:Windows_10,maj:Windows_10,maj:Windows_10,leaf:Windows_10,leaf:Windows_10,leaf:Windows_10
5549,fam:Windows,fam:Windows,fam:Windows,maj:Windows_10,maj:Windows_10,maj:Windows_10,leaf:Windows_10,leaf:Windows_10,leaf:Windows_10
5550,fam:Windows,fam:Windows,fam:Windows,maj:Windows_10,maj:Windows_10,maj:Windows_10,leaf:Windows_10,leaf:Windows_10,leaf:Windows_10
5552,fam:Windows,fam:Windows,fam:Windows,maj:Windows_10,maj:Windows_10,maj:Windows_10,leaf:Windows_10,leaf:Windows_10,leaf:Windows_10
5554,fam:Windows,fam:Windows,fam:Windows,maj:Windows_10,maj:Windows_10,maj:Windows_10,leaf:Windows_10,leaf:Windows_10,leaf:Windows_10
5557,fam:Windows,fam:Windows,fam:Windows,maj:Windows_10,maj:Windows_10,maj:Windows_10,leaf:Windows_10,leaf:Windows_10,leaf:Windows_10
5558,fam:Windows,fam:Windows,fam:Windows,maj:Windows_10,maj:Windows_10,maj:Windows_10,leaf:Windows_10,leaf:Windows_10,leaf:Windows_10
5560,fam:Windows,fam:Windows,fam:Windows,maj:Windows_10,maj:Windows_10,maj:Windows_10,leaf:Windows_10,leaf:Windows_10,leaf:Windows_10
5562,fam:Windows,fam:Windows,fam:Windows,maj:Windows_10,maj:Windows_8,maj:Windows_8,leaf:Windows_10,leaf:Windows_8_1.0,leaf:Windows_8_1.0
5563,fam:Windows,fam:Windows,fam:Windows,maj:Windows_10,maj:Windows_10,maj:Windows_10,leaf:Windows_10,leaf:Windows_10,leaf:Windows_10
5573,fam:Windows,fam:Windows,fam:Windows,maj:Windows_10,maj:Windows_10,maj:Windows_10,leaf:Windows_10,leaf:Windows_10,leaf:Windows_10
5575,fam:Windows,fam:Windows,fam:Windows,maj:Windows_10,maj:Windows_10,maj:Windows_10,leaf:Windows_10,leaf:Windows_10,leaf:Windows_10
5582,fam:Windows,fam:Windows,fam:Windows,maj:Windows_10,maj:Windows_10,maj:Windows_10,leaf:Windows_10,leaf:Windows_10,leaf:Windows_10
5583,fam:Windows,fam:Windows,fam:Windows,maj:Windows_10,maj:Windows_10,maj:Windows_10,leaf:Windows_10,leaf:Windows_10,leaf:Windows_10
5585,fam:Windows,fam:Windows,fam:Windows,maj:Windows_10,maj:Windows_10,maj:Windows_10,leaf:Windows_10,leaf:Windows_10,leaf:Windows_10
5586,fam:Windows,fam:Windows,fam:Windows,maj:Windows_10,maj:Windows_10,maj:Windows_10,leaf:Windows_10,leaf:Windows_10,leaf:Windows_10
5589,fam:Windows,fam:Windows,fam:Windows,maj:Windows_10,maj:Windows_10,maj:Windows_10,leaf:Windows_10,leaf:Windows_10,leaf:Windows_10
5590,fam:Windows,fam:Windows,fam:Windows,maj:Windows_10,maj:Windows_10,maj:Windows_10,leaf:Windows_10,leaf:Windows_10,leaf:Windows_10
5591,fam:Windows,fam:Windows,fam:Windows,maj:Windows_10,maj:Windows_10,maj:Windows_10,leaf:Windows_10,leaf:Windows_10,leaf:Windows_10
5592,fam:Windows,fam:Windows,fam:Windows,maj:Windows_10,maj:Windows_10,maj:Windows_10,leaf:Windows_10,leaf:Windows_10,leaf:Windows_10
5594,fam:Windows,fam:Windows,fam:Windows,maj:Windows_10,maj:Windows_10,maj:Windows_10,leaf:Windows_10,leaf:Windows_10,leaf:Windows_10
5597,fam:Windows,fam:Windows,fam:Windows,maj:Windows_10,maj:Windows_10,maj:Windows_10,leaf:Windows_10,leaf:Windows_10,leaf:Windows_10
5598,fam:Windows,fam:Windows,fam:Windows,maj:Windows_10,maj:Windows_10,maj:Windows_10,leaf:Windows_10,leaf:Windows_10,leaf:Windows_10
5601,fam:Windows,fam:Windows,fam:Windows,maj:Windows_10,maj:Windows_10,maj:Windows_10,leaf:Windows_10,leaf:Windows_10,leaf:Windows_10
5603,fam:Windows,fam:Windows,fam:Windows,maj:Windows_10,maj:Windows_10,maj:Windows_10,leaf:Windows_10,leaf:Windows_10,leaf:Windows_10
5604,fam:Windows,fam:Windows,fam:Windows,maj:Windows_10,maj:Windows_10,maj:Windows_10,leaf:Windows_10,leaf:Windows_10,leaf:Windows_10
5605,fam:Windows,fam:Windows,fam:Windows,maj:Windows_10,maj:Windows_10,maj:Windows_10,leaf:Windows_10,leaf:Windows_10,leaf:Windows_10
5608,fam:Windows,fam:Windows,fam:Windows,maj:Windows_10,maj:Windows_10,maj:Windows_10,leaf:Windows_10,leaf:Windows_10,leaf:Windows_10
5609,fam:Windows,fam:Windows,fam:Windows,maj:Windows_10,maj:Windows_10,maj:Windows_10,leaf:Windows_10,leaf:Windows_10,leaf:Windows_10
5610,fam:Windows,fam:Windows,fam:Windows,maj:Windows_10,maj:Windows_10,maj:Windows_10,leaf:Windows_10,leaf:Windows_10,leaf:Windows_10
5618,fam:Windows,fam:Windows,fam:Windows,maj:Windows_10,maj:Windows_10,maj:Windows_10,leaf:Windows_10,leaf:Windows_10,leaf:Windows_10
5619,fam:Windows,fam:macOS,,maj:Windows_10,maj:Windows_8,maj:Windows_8,leaf:Windows_10,leaf:macOS_10_13.0,leaf:macOS_10_13.0|leaf:macOS_10_8.0
5620,fam:Windows,fam:Windows,fam:Windows,maj:Windows_10,maj:Windows_10,maj:Windows_10,leaf:Windows_10,leaf:Windows_10,leaf:Windows_10
5623,fam:Windows,fam:Windows,fam:Windows,maj:Windows_10,maj:Windows_10,maj:Windows_10,leaf:Windows_10,leaf:Windows_10,leaf:Windows_10
5624,fam:Windows,fam:Windows,fam:Windows,maj:Windows_10,maj:Windows_10,maj:Windows_10,leaf:Windows_10,leaf:Windows_10,leaf:Windows_10
5625,fam:Windows,fam:Windows,fam:Windows,maj:Windows_10,maj:Windows_10,maj:Windows_10,leaf:Windows_10,leaf:Windows_10,leaf:Windows_10
5630,fam:Windows,fam:Windows,fam:Windows,maj:Windows_10,maj:Windows_10,maj:Windows_10,leaf:Windows_10,leaf:Windows_10,leaf:Windows_10
5632,fam:Windows,fam:Windows,fam:Windows,maj:Windows_10,maj:Windows_10,maj:Windows_10,leaf:Windows_10,leaf:Windows_10,leaf:Windows_10
5634,fam:Windows,fam:Windows,fam:Windows,maj:Windows_10,maj:Windows_10,maj:Windows_10,leaf:Windows_10,leaf:Windows_10,leaf:Windows_10
5636,fam:Windows,fam:Windows,fam:Windows,maj:Windows_10,maj:Windows_10,maj:Windows_10,leaf:Windows_10,leaf:Windows_10,leaf:Windows_10
5637,fam:Windows,fam:Windows,fam:Windows,maj:Windows_10,maj:Windows_8,maj:Windows_8,leaf:Windows_10,leaf:Windows_8_1.0,leaf:Windows_8_1.0
5638,fam:Windows,fam:Windows,fam:Windows,maj:Windows_10,maj:Windows_10,maj:Windows_10,leaf:Windows_10,leaf:Windows_10,leaf:Windows_10
5643,fam:Windows,fam:Windows,fam:Windows,maj:Windows_10,maj:Windows_10,maj:Windows_10,leaf:Windows_10,leaf:Windows_10,leaf:Windows_10
5647,fam:Windows,fam:Windows,fam:Windows,maj:Windows_10,maj:Windows_10,maj:Windows_10,leaf:Windows_10,leaf:Windows_10,leaf:Windows_10
5648,fam:Windows,fam:Windows,fam:Windows,maj:Windows_10,maj:Windows_10,maj:Windows_10,leaf:Windows_10,leaf:Windows_10,leaf:Windows_10
5649,fam:Windows,fam:Windows,fam:Windows,maj:Windows_10,maj:Windows_10,maj:Windows_10,leaf:Windows_10,leaf:Windows_10,leaf:Windows_10
5652,fam:Windows,fam:Windows,fam:Windows,maj:Windows_10,maj:Windows_10,maj:Windows_10,leaf:Windows_10,leaf:Windows_10,leaf:Windows_10
5653,fam:Windows,fam:Windows,fam:Windows,maj:Windows_10,maj:Windows_10,maj:Windows_10,leaf:Windows_10,leaf:Windows_10,leaf:Windows_10
5655,fam:Windows,fam:Windows,fam:Windows,maj:Windows_10,maj:Windows_10,maj:Windows_10,leaf:Windows_10,leaf:Windows_10,leaf:Windows_10
5659,fam:Windows,fam:Windows,,maj:Windows_10,maj:Windows_8,maj:Windows_8|maj:macOS_10,leaf:Windows_10,leaf:macOS_10_8.0,leaf:Windows_10|leaf:macOS_10_8.0
5661,fam:Windows,fam:Windows,fam:Windows,maj:Windows_10,maj:Windows_10,maj:Windows_10,leaf:Windows_10,leaf:Windows_10,leaf:Windows_10
5663,fam:Windows,fam:Windows,fam:Windows,maj:Windows_10,maj:Windows_10,maj:Windows_10,leaf:Windows_10,leaf:Windows_10,leaf:Windows_10
5666,fam:Windows,fam:Windows,fam:Windows,maj:Windows_10,maj:Windows_8,maj:Windows_10|maj:Windows_8,leaf:Windows_10,leaf:Windows_8_1.0,leaf:Windows_10|leaf:Windows_8_1.0
5667,fam:Windows,fam:Windows,fam:Windows,maj:Windows_10,maj:Windows_10,maj:Windows_10,leaf:Windows_10,leaf:Windows_10,leaf:Windows_10
5676,fam:Windows,fam:Windows,fam:Windows,maj:Windows_10,maj:Windows_10,maj:Windows_10,leaf:Windows_10,leaf:Windows_10,leaf:Windows_10
5677,fam:Windows,fam:Windows,fam:Windows,maj:Windows_10,maj:Windows_10,maj:Windows_10,leaf:Windows_10,leaf:Windows_10,leaf:Windows_10
5681,fam:Windows,fam:Windows,fam:Windows,maj:Windows_10,maj:Windows_10,maj:Windows_10,leaf:Windows_10,leaf:Windows_10,leaf:Windows_10
5682,fam:Windows,fam:Windows,fam:Windows,maj:Windows_10,maj:Windows_10,maj:Windows_10,leaf:Windows_10,leaf:Windows_10,leaf:Windows_10
5683,fam:Windows,fam:Windows,fam:Windows,maj:Windows_10,maj:Windows_10,maj:Windows_10,leaf:Windows_10,leaf:Windows_10,leaf:Windows_10
5684,fam:Windows,fam:Windows,fam:Windows,maj:Windows_10,maj:Windows_10,maj:Windows_10,leaf:Windows_10,leaf:Windows_10,leaf:Windows_10
5685,fam:Windows,fam:Windows,fam:Windows,maj:Windows_10,maj:Windows_10,maj:Windows_10,leaf:Windows_10,leaf:Windows_10,leaf:Windows_10
5689,fam:Windows,fam:Windows,fam:Windows,maj:Windows_10,maj:Windows_10,maj:Windows_10,leaf:Windows_10,leaf:Windows_10,leaf:Windows_10
5690,fam:Windows,fam:Windows,fam:Windows,maj:Windows_10,maj:Windows_7,maj:Windows_7,leaf:Windows_10,leaf:Android_4_4.0,leaf:Android_4_4.0
5691,fam:Windows,fam:Windows,fam:Windows,maj:Windows_10,maj:Windows_10,maj:Windows_10,leaf:Windows_10,leaf:Windows_10,leaf:Windows_10
5696,fam:Windows,fam:Windows,fam:Windows,maj:Windows_10,maj:Windows_10,maj:Windows_10,leaf:Windows_10,leaf:Windows_10,leaf:Windows_10
5697,fam:Windows,fam:Windows,fam:Windows,maj:Windows_10,maj:Windows_10,maj:Windows_10,leaf:Windows_10,leaf:Windows_XP,leaf:Windows_10|leaf:Windows_XP
5699,fam:Windows,fam:Windows,fam:Windows,maj:Windows_10,maj:Windows_10,maj:Windows_10,leaf:Windows_10,leaf:Windows_10,leaf:Windows_10
5700,fam:Windows,fam:Windows,fam:Windows,maj:Windows_10,maj:Windows_10,maj:Windows_10,leaf:Windows_10,leaf:Windows_10,leaf:Windows_10
5701,fam:Windows,fam:Windows,fam:Windows,maj:Windows_10,maj:Windows_10,maj:Windows_10,leaf:Windows_10,leaf:Windows_10,leaf:Windows_10
5703,fam:Windows,fam:Windows,fam:Windows,maj:Windows_10,maj:Windows_10,maj:Windows_10,leaf:Windows_10,leaf:Windows_10,leaf:Windows_10
5704,fam:Windows,fam:Windows,fam:Windows,maj:Windows_10,maj:Windows_10,maj:Windows_10,leaf:Windows_10,leaf:Windows_10,leaf:Windows_10
5705,fam:Windows,fam:Windows,fam:Windows,maj:Windows_10,maj:Windows_10,maj:Windows_10,leaf:Windows_10,leaf:Windows_10,leaf:Windows_10
5706,fam:Windows,fam:Windows,fam:Windows,maj:Windows_10,maj:Windows_10,maj:Windows_10,leaf:Windows_10,leaf:Windows_10,leaf:Windows_10
5707,fam:Windows,fam:Windows,fam:Windows,maj:Windows_10,maj:Windows_10,maj:Windows_10,leaf:Windows_10,leaf:Windows_10,leaf:Windows_10
5708,fam:Windows,fam:Windows,fam:Windows,maj:Windows_10,maj:Windows_10,maj:Windows_10,leaf:Windows_10,leaf:Windows_10,leaf:Windows_10
5710,fam:Windows,fam:Windows,fam:Windows,maj:Windows_10,maj:Windows_10,maj:Windows_10,leaf:Windows_10,leaf:Windows_10,leaf:Windows_10
5711,fam:Windows,fam:Windows,fam:Windows,maj:Windows_10,maj:Windows_10,maj:Windows_10,leaf:Windows_10,leaf:Windows_10,leaf:Windows_10
5714,fam:Windows,fam:Windows,fam:Windows,maj:Windows_10,maj:Windows_10,maj:Windows_10,leaf:Windows_10,leaf:Windows_10,leaf:Windows_10
5715,fam:Windows,fam:Windows,fam:Windows,maj:Windows_10,maj:Windows_10,maj:Windows_10,leaf:Windows_10,leaf:Windows_10,leaf:Windows_10
5716,fam:Windows,fam:Windows,fam:Windows,maj:Windows_10,maj:Windows_10,maj:Windows_10,leaf:Windows_10,leaf:Windows_10,leaf:Windows_10
5718,fam:Windows,fam:Windows,fam:Windows,maj:Windows_10,maj:Windows_10,maj:Windows_10,leaf:Windows_10,leaf:Windows_10,leaf:Windows_10
5721,fam:Windows,fam:Windows,fam:Windows,maj:Windows_10,maj:Windows_10,maj:Windows_10,leaf:Windows_10,leaf:Windows_10,leaf:Windows_10
5724,fam:Windows,fam:Windows,fam:Windows,maj:Windows_10,maj:Windows_10,maj:Windows_10,leaf:Windows_10,leaf:Windows_10,leaf:Windows_10
5726,fam:Windows,fam:Windows,fam:Windows,maj:Windows_10,maj:Windows_10,maj:Windows_10,leaf:Windows_10,leaf:Windows_10,leaf:Windows_10
5727,fam:Windows,fam:Windows,fam:Windows,maj:Windows_10,maj:Windows_10,maj:Windows_10,leaf:Windows_10,leaf:Windows_10,leaf:Windows_10
5731,fam:Windows,fam:Windows,fam:Windows,maj:Windows_10,maj:Windows_10,maj:Windows_10,leaf:Windows_10,leaf:Windows_7,leaf:Windows_10|leaf:Windows_7|leaf:Windows_8_OTHER
5732,fam:Windows,fam:Windows,fam:Windows,maj:Windows_10,maj:Windows_10,maj:Windows_10,leaf:Windows_10,leaf:Windows_10,leaf:Windows_10
5733,fam:Windows,fam:Windows,fam:Windows,maj:Windows_10,maj:Windows_10,maj:Windows_10,leaf:Windows_10,leaf:Windows_10,leaf:Windows_10
5734,fam:Windows,fam:Windows,fam:Windows,maj:Windows_10,maj:Windows_10,maj:Windows_10,leaf:Windows_10,leaf:Windows_10,leaf:Windows_10
5737,fam:Windows,fam:Windows,fam:Windows,maj:Windows_10,maj:Windows_10,maj:Windows_10,leaf:Windows_10,leaf:Windows_10,leaf:Windows_10
5738,fam:Windows,fam:Windows,fam:Windows,maj:Windows_10,maj:Windows_10,maj:Windows_10,leaf:Windows_10,leaf:Windows_10,leaf:Windows_10
5740,fam:Windows,fam:Windows,fam:Windows,maj:Windows_10,maj:Windows_10,maj:Windows_10,leaf:Windows_10,leaf:Windows_10,leaf:Windows_10
5741,fam:Windows,fam:Windows,fam:Windows,maj:Windows_10,maj:Windows_10,maj:Windows_10,leaf:Windows_10,leaf:Windows_10,leaf:Windows_10
5743,fam:Windows,fam:Windows,fam:Windows,maj:Windows_10,maj:Windows_10,maj:Windows_10|maj:Windows_8,leaf:Windows_10,leaf:Windows_10,leaf:Windows_10|leaf:Windows_8_OTHER
5744,fam:Windows,fam:Windows,fam:Windows,maj:Windows_10,maj:Windows_10,maj:Windows_10,leaf:Windows_10,leaf:Windows_10,leaf:Windows_10
5748,fam:Windows,fam:Windows,fam:Windows,maj:Windows_10,maj:Windows_10,maj:Windows_10,leaf:Windows_10,leaf:Windows_10,leaf:Windows_10
5749,fam:Windows,fam:macOS,,maj:Windows_10,maj:Windows_8,maj:Windows_8,leaf:Windows_10,leaf:macOS_10_13.0,leaf:macOS_10_13.0|leaf:macOS_10_8.0
5751,fam:Windows,fam:Windows,fam:Windows,maj:Windows_10,maj:Windows_10,maj:Windows_10,leaf:Windows_10,leaf:Windows_10,leaf:Windows_10
5752,fam:Windows,fam:Windows,fam:Windows,maj:Windows_10,maj:Windows_7,maj:Windows_7,leaf:Windows_10,leaf:Windows_7,leaf:Windows_10|leaf:Windows_7
5753,fam:Windows,fam:Windows,fam:Windows,maj:Windows_10,maj:Windows_10,maj:Windows_10,leaf:Windows_10,leaf:Windows_10,leaf:Windows_10
5754,fam:Windows,fam:Windows,fam:Windows,maj:Windows_10,maj:Windows_10,maj:Windows_10,leaf:Windows_10,leaf:Windows_10,leaf:Windows_10
5755,fam:Windows,fam:Windows,fam:Windows,maj:Windows_10,maj:Windows_10,maj:Windows_10,leaf:Windows_10,leaf:Windows_10,leaf:Windows_10
5756,fam:Windows,fam:Windows,fam:Windows,maj:Windows_10,maj:Windows_10,maj:Windows_10,leaf:Windows_10,leaf:Windows_10,leaf:Windows_10
5759,fam:Windows,fam:Windows,,maj:Windows_10,maj:Android_4,maj:Android_4|maj:Linux_OTHER,leaf:Windows_10,leaf:Android_4_0.0,
5761,fam:Windows,fam:Windows,fam:Windows,maj:Windows_10,maj:Windows_10,maj:Windows_10,leaf:Windows_10,leaf:Windows_10,leaf:Windows_10
5764,fam:Windows,fam:Windows,fam:Windows,maj:Windows_10,maj:Windows_10,maj:Windows_10,leaf:Windows_10,leaf:Windows_10,leaf:Windows_10
5765,fam:Windows,fam:Windows,fam:Windows,maj:Windows_10,maj:Windows_10,maj:Windows_10,leaf:Windows_10,leaf:Windows_10,leaf:Windows_10
5767,fam:Windows,fam:Windows,,maj:Windows_10,maj:Windows_10,maj:Windows_10,leaf:Windows_10,leaf:Windows_10,leaf:Windows_10|leaf:Windows_7
5770,fam:Windows,fam:Windows,fam:Windows,maj:Windows_10,maj:Windows_10,maj:Windows_10,leaf:Windows_10,leaf:Windows_10,leaf:Windows_10
5772,fam:Windows,fam:Windows,fam:Windows,maj:Windows_10,maj:Windows_10,maj:Windows_10,leaf:Windows_10,leaf:Windows_10,leaf:Windows_10
5774,fam:Windows,fam:Windows,fam:Windows,maj:Windows_10,maj:Windows_10,maj:Windows_10,leaf:Windows_10,leaf:Windows_10,leaf:Windows_10
5776,fam:Windows,fam:Windows,fam:Windows,maj:Windows_10,maj:Windows_10,maj:Windows_10,leaf:Windows_10,leaf:Windows_10,leaf:Windows_10
5777,fam:Windows,fam:Windows,fam:Windows,maj:Windows_10,maj:Windows_10,maj:Windows_10,leaf:Windows_10,leaf:Windows_10,leaf:Windows_10
5783,fam:Windows,fam:Windows,fam:Windows,maj:Windows_10,maj:Windows_10,maj:Windows_10,leaf:Windows_10,leaf:Windows_10,leaf:Windows_10
5787,fam:Windows,fam:Windows,fam:Windows,maj:Windows_10,maj:Windows_10,maj:Windows_10,leaf:Windows_10,leaf:Windows_10,leaf:Windows_10
5789,fam:Windows,fam:Windows,fam:Windows,maj:Windows_10,maj:Windows_8,maj:Windows_10|maj:Windows_8,leaf:Windows_10,leaf:Windows_8_1.0,leaf:Windows_10|leaf:Windows_8_1.0
5790,fam:Windows,fam:Windows,fam:Windows,maj:Windows_10,maj:Windows_10,maj:Windows_10,leaf:Windows_10,leaf:Windows_10,leaf:Windows_10
5792,fam:Windows,fam:Windows,fam:Windows,maj:Windows_10,maj:Windows_10,maj:Windows_10|maj:Windows_8,leaf:Windows_10,leaf:Windows_10,leaf:Windows_10|leaf:Windows_8_1.0
5795,fam:Windows,fam:Windows,fam:Windows,maj:Windows_10,maj:Windows_10,maj:Windows_10,leaf:Windows_10,leaf:Windows_10,leaf:Windows_10
5797,fam:Windows,fam:Windows,fam:Windows,maj:Windows_10,maj:Windows_10,maj:Windows_10,leaf:Windows_10,leaf:Windows_10,leaf:Windows_10
5800,fam:Windows,fam:Windows,fam:Windows,maj:Windows_10,maj:Windows_10,maj:Windows_10,leaf:Windows_10,leaf:Windows_10,leaf:Windows_10
5801,fam:Windows,fam:Windows,fam:Windows,maj:Windows_10,maj:Windows_7,maj:Windows_10|maj:Windows_7,leaf:Windows_10,leaf:Windows_10,leaf:Windows_10
5802,fam:Windows,fam:Windows,fam:Windows,maj:Windows_10,maj:Windows_10,maj:Windows_10,leaf:Windows_10,leaf:Windows_10,leaf:Windows_10
5804,fam:Windows,fam:Windows,fam:Windows,maj:Windows_10,maj:Windows_10,maj:Windows_10,leaf:Windows_10,leaf:Windows_10,leaf:Windows_10
5808,fam:Windows,fam:Windows,fam:Windows,maj:Windows_10,maj:Windows_10,maj:Windows_10,leaf:Windows_10,leaf:Windows_10,leaf:Windows_10
5811,fam:Windows,fam:Windows,fam:Windows,maj:Windows_10,maj:Windows_10,maj:Windows_10,leaf:Windows_10,leaf:Windows_10,leaf:Windows_10
5816,fam:Windows,fam:Windows,fam:Windows,maj:Windows_10,maj:Windows_10,maj:Windows_10,leaf:Windows_10,leaf:Windows_10,leaf:Windows_10
5820,fam:Windows,fam:Windows,fam:Windows,maj:Windows_10,maj:Windows_10,maj:Windows_10,leaf:Windows_10,leaf:Windows_10,leaf:Windows_10
5822,fam:Windows,fam:Windows,fam:Windows,maj:Windows_10,maj:Android_4,maj:Android_4,leaf:Windows_10,leaf:Android_4_1.0,leaf:Android_4_1.0
5823,fam:Windows,fam:Windows,fam:Windows,maj:Windows_10,maj:Windows_10,maj:Windows_10,leaf:Windows_10,leaf:Windows_10,leaf:Windows_10
5825,fam:Windows,fam:Windows,fam:Windows,maj:Windows_10,maj:Windows_10,maj:Windows_10,leaf:Windows_10,leaf:Windows_10,leaf:Windows_10
5826,fam:Windows,fam:Windows,fam:Windows,maj:Windows_10,maj:Windows_10,maj:Windows_10,leaf:Windows_10,leaf:Windows_10,leaf:Windows_10
5827,fam:Windows,fam:Windows,fam:Windows,maj:Windows_10,maj:Windows_10,maj:Windows_10,leaf:Windows_10,leaf:Windows_10,leaf:Windows_10
5829,fam:Windows,fam:Windows,fam:Windows,maj:Windows_10,maj:Windows_10,maj:Windows_10,leaf:Windows_10,leaf:Windows_10,leaf:Windows_10
5831,fam:Windows,fam:Windows,fam:Windows,maj:Windows_10,maj:Windows_10,maj:Windows_10,leaf:Windows_10,leaf:Windows_10,leaf:Windows_10
5837,fam:Windows,fam:Windows,fam:Windows,maj:Windows_10,maj:Windows_10,maj:Windows_10,leaf:Windows_10,leaf:Windows_10,leaf:Windows_10
5839,fam:Windows,fam:Windows,fam:Windows,maj:Windows_10,maj:Windows_10,maj:Windows_10,leaf:Windows_10,leaf:Windows_10,leaf:Windows_10
5841,fam:Windows,fam:Windows,fam:Windows,maj:Windows_10,maj:Windows_10,maj:Windows_10,leaf:Windows_10,leaf:Windows_10,leaf:Windows_10
5844,fam:Windows,fam:Windows,fam:Windows,maj:Windows_10,maj:Windows_10,maj:Windows_10,leaf:Windows_10,leaf:Windows_10,leaf:Windows_10
5845,fam:Windows,fam:Windows,fam:Windows,maj:Windows_10,maj:Windows_10,maj:Windows_10,leaf:Windows_10,leaf:Windows_10,leaf:Windows_10
5846,fam:Windows,fam:Windows,fam:Windows,maj:Windows_10,maj:Windows_10,maj:Windows_10,leaf:Windows_10,leaf:Windows_10,leaf:Windows_10
5848,fam:Windows,fam:Windows,fam:Windows,maj:Windows_10,maj:Windows_10,maj:Windows_10,leaf:Windows_10,leaf:Android_4_4.0,leaf:Android_4_4.0
5849,fam:Windows,fam:Windows,fam:Windows,maj:Windows_10,maj:Windows_10,maj:Windows_10,leaf:Windows_10,leaf:Windows_10,leaf:Windows_10
5851,fam:Windows,fam:Linux,,maj:Windows_10,maj:Linux_OTHER,maj:Linux_OTHER|maj:Windows_10,leaf:Windows_10,leaf:Linux_OTHER,leaf:Linux_OTHER|leaf:Windows_10
5856,fam:Windows,fam:Windows,fam:Windows,maj:Windows_10,maj:Windows_10,maj:Windows_10,leaf:Windows_10,leaf:Windows_10,leaf:Windows_10
5857,fam:Windows,fam:Windows,fam:Windows,maj:Windows_10,maj:Windows_10,maj:Windows_10,leaf:Windows_10,leaf:Windows_10,leaf:Windows_10
5860,fam:Windows,fam:Linux,,maj:Windows_10,maj:Linux_OTHER,maj:Linux_OTHER|maj:Windows_10,leaf:Windows_10,leaf:Linux_OTHER,leaf:Android_9|leaf:Linux_OTHER|leaf:Windows_10
5865,fam:Windows,fam:Windows,fam:Windows,maj:Windows_10,maj:Windows_10,maj:Windows_10,leaf:Windows_10,leaf:Windows_10,leaf:Windows_10
5866,fam:Windows,fam:Windows,fam:Windows,maj:Windows_10,maj:Windows_10,maj:Windows_10,leaf:Windows_10,leaf:Windows_10,leaf:Windows_10
5868,fam:Windows,fam:Windows,fam:Windows,maj:Windows_10,maj:Windows_10,maj:Windows_10,leaf:Windows_10,leaf:Windows_10,leaf:Windows_10
5870,fam:Windows,fam:Windows,fam:Windows,maj:Windows_10,maj:Windows_10,maj:Windows_10,leaf:Windows_10,leaf:Windows_10,leaf:Windows_10
5874,fam:Windows,fam:Windows,fam:Windows,maj:Windows_10,maj:Windows_10,maj:Windows_10,leaf:Windows_10,leaf:macOS_10_15.0,leaf:macOS_10_15.0
5876,fam:Windows,fam:Windows,fam:Windows,maj:Windows_10,maj:Windows_10,maj:Windows_10,leaf:Windows_10,leaf:Windows_10,leaf:Windows_10
5877,fam:Windows,fam:Windows,fam:Windows,maj:Windows_10,maj:Windows_10,maj:Windows_10|maj:Windows_7,leaf:Windows_10,leaf:Windows_8_OTHER,leaf:Windows_8_OTHER
5880,fam:Windows,fam:Windows,fam:Windows,maj:Windows_10,maj:Windows_10,maj:Windows_10,leaf:Windows_10,leaf:Windows_10,leaf:Windows_10
5881,fam:Windows,fam:Windows,fam:Windows,maj:Windows_10,maj:Windows_10,maj:Windows_10,leaf:Windows_10,leaf:Windows_10,leaf:Windows_10
5882,fam:Windows,fam:Windows,fam:Windows,maj:Windows_10,maj:Windows_10,maj:Windows_10,leaf:Windows_10,leaf:Windows_10,leaf:Windows_10
5884,fam:Windows,fam:Windows,fam:Windows,maj:Windows_10,maj:Windows_10,maj:Windows_10,leaf:Windows_10,leaf:Windows_10,leaf:Windows_10
5888,fam:Windows,fam:Windows,fam:Windows,maj:Windows_10,maj:Windows_10,maj:Windows_10,leaf:Windows_10,leaf:Windows_10,leaf:Windows_10
5889,fam:Windows,fam:Windows,fam:Windows,maj:Windows_10,maj:Windows_10,maj:Windows_10,leaf:Windows_10,leaf:Windows_10,leaf:Windows_10
5890,fam:Windows,fam:Windows,fam:Windows,maj:Windows_10,maj:Windows_10,maj:Windows_10,leaf:Windows_10,leaf:Windows_10,leaf:Windows_10
5892,fam:Windows,fam:Windows,fam:Windows,maj:Windows_10,maj:Windows_10,maj:Windows_10,leaf:Windows_10,leaf:Windows_10,leaf:Windows_10
5894,fam:Windows,fam:Windows,fam:Windows,maj:Windows_10,maj:Windows_10,maj:Windows_10,leaf:Windows_10,leaf:Windows_10,leaf:Windows_10
5900,fam:Windows,fam:Windows,fam:Windows,maj:Windows_10,maj:Windows_10,maj:Windows_10,leaf:Windows_10,leaf:Windows_10,leaf:Windows_10
5901,fam:Windows,fam:Windows,fam:Windows,maj:Windows_10,maj:Windows_10,maj:Windows_10,leaf:Windows_10,leaf:Windows_10,leaf:Windows_10
5902,fam:Windows,fam:Windows,fam:Windows,maj:Windows_10,maj:Windows_10,maj:Windows_10,leaf:Windows_10,leaf:Windows_10,leaf:Windows_10
5903,fam:Windows,fam:Windows,fam:Windows,maj:Windows_10,maj:Windows_10,maj:Windows_10,leaf:Windows_10,leaf:Windows_10,leaf:Windows_10
5905,fam:Windows,fam:Windows,fam:Windows,maj:Windows_10,maj:Windows_10,maj:Windows_10,leaf:Windows_10,leaf:Windows_10,leaf:Windows_10
5906,fam:Windows,fam:Windows,fam:Windows,maj:Windows_10,maj:Windows_10,maj:Windows_10,leaf:Windows_10,leaf:Windows_10,leaf:Windows_10
5910,fam:Windows,fam:Windows,fam:Windows,maj:Windows_10,maj:Windows_10,maj:Windows_10,leaf:Windows_10,leaf:Windows_10,leaf:Windows_10
5911,fam:Windows,fam:Windows,fam:Windows,maj:Windows_10,maj:Windows_10,maj:Windows_10,leaf:Windows_10,leaf:Windows_7,leaf:Windows_10|leaf:Windows_7
5913,fam:Windows,fam:Android,,maj:Windows_10,maj:Android_8,maj:Android_8|maj:Android_9,leaf:Windows_10,leaf:Android_8_0.0,leaf:Android_8_0.0
5915,fam:Windows,fam:Windows,fam:Windows,maj:Windows_10,maj:Windows_10,maj:Windows_10,leaf:Windows_10,leaf:Windows_10,leaf:Windows_10
5918,fam:Windows,fam:Windows,fam:Windows,maj:Windows_10,maj:Windows_10,maj:Windows_10,leaf:Windows_10,leaf:Windows_10,leaf:Windows_10
5919,fam:Windows,fam:Windows,fam:Windows,maj:Windows_10,maj:Windows_10,maj:Windows_10,leaf:Windows_10,leaf:Windows_10,leaf:Windows_10
5922,fam:Windows,fam:Windows,fam:Windows,maj:Windows_10,maj:Windows_10,maj:Windows_10,leaf:Windows_10,leaf:Windows_10,leaf:Windows_10
5923,fam:Windows,fam:Windows,fam:Windows,maj:Windows_10,maj:Windows_10,maj:Windows_10,leaf:Windows_10,leaf:Windows_10,leaf:Windows_10
5925,fam:Windows,fam:Windows,fam:Windows,maj:Windows_10,maj:Windows_10,maj:Windows_10,leaf:Windows_10,leaf:Windows_10,leaf:Windows_10
5929,fam:Windows,fam:Windows,fam:Windows,maj:Windows_10,maj:Windows_10,maj:Windows_10,leaf:Windows_10,leaf:Windows_10,leaf:Windows_10
5931,fam:Windows,fam:Windows,fam:Windows,maj:Windows_10,maj:Windows_10,maj:Windows_10,leaf:Windows_10,leaf:Windows_10,leaf:Windows_10
5932,fam:Windows,fam:Windows,fam:Windows,maj:Windows_10,maj:Windows_10,maj:Windows_10,leaf:Windows_10,leaf:Windows_10,leaf:Windows_10
5936,fam:Windows,fam:Windows,,maj:Windows_10,maj:Android_8,maj:Android_8,leaf:Windows_10,leaf:Android_8_0.0,leaf:Android_8_0.0|leaf:Android_9
5937,fam:Windows,fam:Windows,fam:Windows,maj:Windows_10,maj:Windows_10,maj:Windows_10,leaf:Windows_10,leaf:Windows_10,leaf:Windows_10
5938,fam:Windows,fam:Windows,fam:Windows,maj:Windows_10,maj:Windows_10,maj:Windows_10,leaf:Windows_10,leaf:Windows_10,leaf:Windows_10
5946,fam:Windows,fam:Windows,fam:Windows,maj:Windows_10,maj:Windows_7,maj:Windows_10|maj:Windows_7,leaf:Windows_10,leaf:Windows_10,leaf:Windows_10
5947,fam:Windows,fam:Windows,fam:Windows,maj:Windows_10,maj:Windows_10,maj:Windows_10,leaf:Windows_10,leaf:Windows_10,leaf:Windows_10
5951,fam:Windows,fam:Windows,fam:Windows,maj:Windows_10,maj:Windows_10,maj:Windows_10,leaf:Windows_10,leaf:Windows_10,leaf:Windows_10
5952,fam:Windows,fam:Windows,fam:Windows,maj:Windows_10,maj:Windows_8,maj:Windows_8,leaf:Windows_10,leaf:Windows_8_OTHER,leaf:Windows_10|leaf:Windows_8_OTHER
5954,fam:Windows,fam:Windows,fam:Windows,maj:Windows_10,maj:Windows_8,maj:Windows_8,leaf:Windows_10,leaf:Windows_8_1.0,leaf:Windows_8_1.0|leaf:Windows_8_OTHER
5956,fam:Windows,fam:Windows,fam:Windows,maj:Windows_10,maj:Windows_10,maj:Windows_10,leaf:Windows_10,leaf:Windows_10,leaf:Windows_10
5957,fam:Windows,fam:Windows,fam:Windows,maj:Windows_10,maj:Windows_10,maj:Windows_10,leaf:Windows_10,leaf:Windows_10,leaf:Windows_10
5961,fam:Windows,fam:Windows,fam:Windows,maj:Windows_10,maj:Windows_10,maj:Windows_10,leaf:Windows_10,leaf:Windows_10,leaf:Windows_10
5962,fam:Windows,fam:Windows,fam:Windows,maj:Windows_10,maj:Windows_10,maj:Windows_10,leaf:Windows_10,leaf:Windows_10,leaf:Windows_10
5963,fam:Windows,fam:Windows,fam:Windows,maj:Windows_10,maj:Windows_10,maj:Windows_10,leaf:Windows_10,leaf:Windows_10,leaf:Windows_10
5964,fam:Windows,fam:Windows,fam:Windows,maj:Windows_10,maj:Windows_10,maj:Windows_10,leaf:Windows_10,leaf:Windows_10,leaf:Windows_10
5969,fam:Windows,fam:Windows,fam:Windows,maj:Windows_10,maj:Windows_10,maj:Windows_10,leaf:Windows_10,leaf:Windows_10,leaf:Windows_10
5971,fam:Windows,fam:Windows,fam:Windows,maj:Windows_10,maj:Windows_10,maj:Windows_10,leaf:Windows_10,leaf:Windows_10,leaf:Windows_10
5972,fam:Windows,fam:Windows,,maj:Windows_10,maj:Windows_10,maj:Windows_10,leaf:Windows_10,leaf:Windows_10,leaf:Windows_10
5975,fam:Windows,fam:Windows,fam:Windows,maj:Windows_10,maj:Windows_10,maj:Windows_10,leaf:Windows_10,leaf:Windows_10,leaf:Windows_10
5977,fam:Windows,fam:Windows,fam:Windows,maj:Windows_10,maj:Windows_10,maj:Windows_10,leaf:Windows_10,leaf:Windows_10,leaf:Windows_10
5978,fam:Windows,fam:Windows,fam:Windows,maj:Windows_10,maj:Windows_10,maj:Windows_10,leaf:Windows_10,leaf:Windows_8_1.0,leaf:Windows_8_1.0
5980,fam:Windows,fam:Windows,fam:Windows,maj:Windows_10,maj:Windows_10,maj:Windows_10,leaf:Windows_10,leaf:Windows_10,leaf:Windows_10
5981,fam:Windows,fam:Windows,fam:Windows,maj:Windows_10,maj:Windows_10,maj:Windows_10,leaf:Windows_10,leaf:Windows_10,leaf:Windows_10
5982,fam:Windows,fam:Windows,fam:Windows,maj:Windows_10,maj:Windows_10,maj:Windows_10,leaf:Windows_10,leaf:Windows_10,leaf:Windows_10
5988,fam:Windows,fam:Android,fam:Android,maj:Windows_10,maj:Android_9,maj:Android_9,leaf:Windows_10,leaf:Android_9,leaf:Android_9
5989,fam:Windows,fam:Windows,fam:Windows,maj:Windows_10,maj:Windows_10,maj:Windows_10,leaf:Windows_10,leaf:Windows_10,leaf:Windows_10
5991,fam:Windows,fam:Windows,fam:Windows,maj:Windows_10,maj:Windows_10,maj:Windows_10,leaf:Windows_10,leaf:Windows_10,leaf:Windows_10
5992,fam:Windows,fam:Windows,fam:Windows,maj:Windows_10,maj:Windows_10,maj:Windows_10,leaf:Windows_10,leaf:Windows_10,leaf:Windows_10
5993,fam:Windows,fam:Windows,fam:Windows,maj:Windows_10,maj:Windows_10,maj:Windows_10,leaf:Windows_10,leaf:Windows_10,leaf:Windows_10
5994,fam:Windows,fam:Windows,fam:Windows,maj:Windows_10,maj:Windows_10,maj:Windows_10,leaf:Windows_10,leaf:Windows_10,leaf:Windows_10|leaf:Windows_7
5995,fam:Windows,fam:Windows,fam:Windows,maj:Windows_10,maj:Windows_10,maj:Windows_10,leaf:Windows_10,leaf:Windows_10,leaf:Windows_10
5996,fam:Windows,fam:Windows,fam:Windows,maj:Windows_10,maj:Windows_10,maj:Windows_10,leaf:Windows_10,leaf:Windows_10,leaf:Windows_10
5997,fam:Windows,fam:Windows,fam:Windows,maj:Windows_10,maj:Windows_10,maj:Windows_10,leaf:Windows_10,leaf:Windows_10,leaf:Windows_10
5998,fam:Windows,fam:Windows,fam:Windows,maj:Windows_10,maj:Windows_10,maj:Windows_10,leaf:Windows_10,leaf:Windows_10,leaf:Windows_10
6002,fam:Windows,fam:Windows,fam:Windows,maj:Windows_10,maj:Windows_10,maj:Windows_10,leaf:Windows_10,leaf:Windows_10,leaf:Windows_10
6003,fam:Windows,fam:Windows,fam:Windows,maj:Windows_10,maj:Windows_10,maj:Windows_10,leaf:Windows_10,leaf:Windows_10,leaf:Windows_10
6005,fam:Windows,fam:Windows,fam:Windows,maj:Windows_10,maj:Windows_10,maj:Windows_10,leaf:Windows_10,leaf:Android_4_4.0,leaf:Android_4_4.0|leaf:Linux_OTHER|leaf:Windows_10
6009,fam:Windows,fam:Windows,fam:Windows,maj:Windows_10,maj:Windows_10,maj:Windows_10,leaf:Windows_10,leaf:Windows_10,leaf:Windows_10
6014,fam:Windows,fam:Windows,fam:Windows,maj:Windows_10,maj:Windows_10,maj:Windows_10,leaf:Windows_10,leaf:Windows_10,leaf:Windows_10
6016,fam:Windows,fam:Windows,fam:Windows,maj:Windows_10,maj:Windows_10,maj:Windows_10,leaf:Windows_10,leaf:Windows_10,leaf:Windows_10
6018,fam:Windows,fam:Windows,fam:Windows,maj:Windows_10,maj:Windows_10,maj:Windows_10,leaf:Windows_10,leaf:Windows_10,leaf:Windows_10
6019,fam:Windows,fam:Windows,fam:Windows,maj:Windows_10,maj:Windows_10,maj:Windows_10,leaf:Windows_10,leaf:Windows_10,leaf:Windows_10
6021,fam:Windows,fam:Windows,fam:Windows,maj:Windows_10,maj:Windows_10,maj:Windows_10,leaf:Windows_10,leaf:Windows_10,leaf:Windows_10
6023,fam:Windows,fam:Windows,fam:Windows,maj:Windows_10,maj:Windows_10,maj:Windows_10,leaf:Windows_10,leaf:Windows_10,leaf:Windows_10|leaf:Windows_7
6025,fam:Windows,fam:Windows,fam:Windows,maj:Windows_10,maj:Windows_10,maj:Windows_10,leaf:Windows_10,leaf:Windows_10,leaf:Windows_10
6026,fam:Windows,fam:Windows,fam:Windows,maj:Windows_10,maj:Windows_10,maj:Windows_10,leaf:Windows_10,leaf:Windows_10,leaf:Windows_10
6027,fam:Windows,fam:Windows,fam:Windows,maj:Windows_10,maj:Windows_10,maj:Windows_10,leaf:Windows_10,leaf:Windows_10,leaf:Windows_10
6028,fam:Windows,fam:Windows,fam:Windows,maj:Windows_10,maj:Windows_10,maj:Windows_10,leaf:Windows_10,leaf:Windows_10,leaf:Windows_10
6031,fam:Windows,fam:Windows,fam:Windows,maj:Windows_10,maj:Windows_10,maj:Windows_10,leaf:Windows_10,leaf:Windows_10,leaf:Windows_10
6033,fam:Windows,fam:Windows,fam:Windows,maj:Windows_10,maj:Windows_10,maj:Windows_10,leaf:Windows_10,leaf:Windows_10,leaf:Windows_10
6034,fam:Windows,fam:Windows,fam:Windows,maj:Windows_10,maj:Windows_10,maj:Windows_10,leaf:Windows_10,leaf:Windows_10,leaf:Windows_10
6038,fam:Windows,fam:Windows,fam:Windows,maj:Windows_10,maj:Windows_10,maj:Windows_10,leaf:Windows_10,leaf:Windows_10,leaf:Windows_10
6041,fam:Windows,fam:Windows,fam:Windows,maj:Windows_10,maj:Windows_10,maj:Windows_10,leaf:Windows_10,leaf:Windows_10,leaf:Windows_10
6042,fam:Windows,fam:Windows,fam:Windows,maj:Windows_10,maj:Windows_10,maj:Windows_10,leaf:Windows_10,leaf:Windows_10,leaf:Windows_10
6045,fam:Windows,fam:Windows,fam:Windows,maj:Windows_10,maj:Windows_10,maj:Windows_10,leaf:Windows_10,leaf:Android_4_4.0,leaf:Android_4_4.0
6046,fam:Windows,fam:Windows,fam:Windows,maj:Windows_10,maj:Windows_10,maj:Windows_10,leaf:Windows_10,leaf:Windows_10,leaf:Windows_10
6047,fam:Windows,fam:Windows,fam:Windows,maj:Windows_10,maj:Windows_10,maj:Windows_10,leaf:Windows_10,leaf:Windows_10,leaf:Windows_10
6048,fam:Windows,fam:Windows,fam:Windows,maj:Windows_10,maj:Windows_10,maj:Windows_10,leaf:Windows_10,leaf:Windows_10,leaf:Windows_10
6051,fam:Windows,fam:Windows,fam:Windows,maj:Windows_10,maj:Windows_10,maj:Windows_10,leaf:Windows_10,leaf:Windows_10,leaf:Windows_10
6054,fam:Windows,fam:Windows,fam:Windows,maj:Windows_10,maj:Windows_10,maj:Windows_10,leaf:Windows_10,leaf:Android_10,leaf:Android_10
6057,fam:Windows,fam:Windows,fam:Windows,maj:Windows_10,maj:Windows_10,maj:Windows_10,leaf:Windows_10,leaf:Windows_10,leaf:Windows_10
6062,fam:Windows,fam:Windows,fam:Windows,maj:Windows_10,maj:Windows_10,maj:Windows_10,leaf:Windows_10,leaf:Windows_10,leaf:Windows_10
6064,fam:Windows,fam:Windows,fam:Windows,maj:Windows_10,maj:Windows_10,maj:Windows_10,leaf:Windows_10,leaf:Windows_10,leaf:Windows_10
6065,fam:Windows,fam:Windows,fam:Windows,maj:Windows_10,maj:Windows_10,maj:Windows_10,leaf:Windows_10,leaf:Windows_10,leaf:Windows_10
6066,fam:Windows,fam:Windows,fam:Windows,maj:Windows_10,maj:Windows_10,maj:Windows_10,leaf:Windows_10,leaf:Windows_10,leaf:Windows_10
6068,fam:Windows,fam:Windows,fam:Windows,maj:Windows_10,maj:Windows_8,maj:Windows_7|maj:Windows_8,leaf:Windows_10,leaf:Windows_8_1.0,leaf:Windows_7|leaf:Windows_8_1.0
6070,fam:Windows,fam:Windows,fam:Windows,maj:Windows_10,maj:Windows_10,maj:Windows_10,leaf:Windows_10,leaf:Windows_10,leaf:Windows_10
6072,fam:Windows,fam:Windows,fam:Windows,maj:Windows_10,maj:Windows_10,maj:Windows_10,leaf:Windows_10,leaf:Windows_10,leaf:Windows_10
6074,fam:Windows,fam:Windows,fam:Windows,maj:Windows_10,maj:Windows_10,maj:Windows_10,leaf:Windows_10,leaf:Windows_10,leaf:Android_7_0.0|leaf:Windows_10
6077,fam:Windows,fam:Windows,fam:Windows,maj:Windows_10,maj:Windows_10,maj:Windows_10,leaf:Windows_10,leaf:Windows_10,leaf:Windows_10
6078,fam:Windows,fam:Linux,,maj:Windows_10,maj:Linux_OTHER,maj:Linux_OTHER,leaf:Windows_10,leaf:Linux_OTHER,leaf:Linux_OTHER
6079,fam:Windows,fam:Windows,fam:Windows,maj:Windows_10,maj:Windows_10,maj:Windows_10,leaf:Windows_10,leaf:Windows_10,leaf:Windows_10
6081,fam:Windows,fam:Windows,,maj:Windows_10,maj:Android_4,maj:Android_4,leaf:Windows_10,leaf:Android_4_4.0,leaf:Android_4_4.0
6086,fam:Windows,fam:Windows,fam:Windows,maj:Windows_10,maj:Windows_10,maj:Windows_10,leaf:Windows_10,leaf:Windows_10,leaf:Windows_10
6087,fam:Windows,fam:Windows,fam:Windows,maj:Windows_10,maj:Windows_10,maj:Windows_10|maj:Windows_8,leaf:Windows_10,leaf:Windows_10,leaf:Windows_10|leaf:Windows_8_1.0
6088,fam:Windows,fam:Windows,fam:Windows,maj:Windows_10,maj:Windows_10,maj:Windows_10,leaf:Windows_10,leaf:Windows_10,leaf:Windows_10
6089,fam:Windows,fam:Windows,fam:Windows,maj:Windows_10,maj:Windows_10,maj:Windows_10|maj:Windows_8,leaf:Windows_10,leaf:Windows_10,leaf:Windows_10|leaf:Windows_8_OTHER
6090,fam:Windows,fam:Windows,fam:Windows,maj:Windows_10,maj:Windows_10,maj:Windows_10,leaf:Windows_10,leaf:Android_4_4.0,leaf:Android_4_4.0
6092,fam:Windows,fam:Windows,fam:Windows,maj:Windows_10,maj:Windows_10,maj:Windows_10,leaf:Windows_10,leaf:Windows_10,leaf:Windows_10
6093,fam:Windows,fam:Windows,fam:Windows,maj:Windows_10,maj:Windows_10,maj:Windows_10,leaf:Windows_10,leaf:Windows_10,leaf:Windows_10
6094,fam:Windows,fam:Windows,fam:Windows,maj:Windows_10,maj:Windows_10,maj:Windows_10,leaf:Windows_10,leaf:Windows_10,leaf:Windows_10
6095,fam:Windows,fam:Windows,fam:Windows,maj:Windows_10,maj:Windows_10,maj:Windows_10,leaf:Windows_10,leaf:Windows_10,leaf:Windows_10|leaf:Windows_8_OTHER
6096,fam:Windows,fam:Windows,fam:Windows,maj:Windows_10,maj:Windows_10,maj:Windows_10,leaf:Windows_10,leaf:Windows_10,leaf:Windows_10
6098,fam:Windows,fam:Windows,fam:Windows,maj:Windows_10,maj:Windows_8,maj:Windows_8,leaf:Windows_10,leaf:Windows_8_OTHER,leaf:Windows_7|leaf:Windows_8_1.0|leaf:Windows_8_OTHER
6099,fam:Windows,fam:Windows,fam:Windows,maj:Windows_10,maj:Windows_10,maj:Windows_10,leaf:Windows_10,leaf:Windows_10,leaf:Windows_10
6101,fam:Windows,fam:Windows,fam:Windows,maj:Windows_10,maj:Windows_10,maj:Windows_10,leaf:Windows_10,leaf:Windows_10,leaf:Windows_10
6102,fam:Windows,fam:Windows,fam:Windows,maj:Windows_10,maj:Windows_10,maj:Windows_10,leaf:Windows_10,leaf:Windows_10,leaf:Windows_10
6104,fam:Windows,fam:Windows,fam:Windows,maj:Windows_10,maj:Windows_10,maj:Windows_10,leaf:Windows_10,leaf:Windows_10,leaf:Windows_10
6106,fam:Windows,fam:Windows,fam:Windows,maj:Windows_10,maj:Windows_10,maj:Windows_10,leaf:Windows_10,leaf:Windows_10,leaf:Windows_10
6107,fam:Windows,fam:Windows,fam:Windows,maj:Windows_10,maj:Windows_10,maj:Windows_10,leaf:Windows_10,leaf:Windows_10,leaf:Windows_10
6110,fam:Windows,fam:Windows,fam:Windows,maj:Windows_10,maj:Windows_10,maj:Windows_10,leaf:Windows_10,leaf:Windows_10,leaf:Windows_10
6112,fam:Windows,fam:Windows,fam:Windows,maj:Windows_10,maj:Windows_10,maj:Windows_10,leaf:Windows_10,leaf:Windows_10,leaf:Windows_10
6113,fam:Windows,fam:Windows,fam:Windows,maj:Windows_10,maj:Windows_10,maj:Windows_10|maj:Windows_8,leaf:Windows_10,leaf:Windows_10,leaf:Windows_10|leaf:Windows_8_OTHER
6114,fam:Windows,fam:Windows,fam:Windows,maj:Windows_10,maj:Windows_10,maj:Windows_10,leaf:Windows_10,leaf:Windows_10,leaf:Windows_10
6117,fam:Windows,fam:Windows,fam:Windows,maj:Windows_10,maj:Windows_10,maj:Windows_10,leaf:Windows_10,leaf:Windows_10,leaf:Windows_10
6120,fam:Windows,fam:Windows,fam:Windows,maj:Windows_10,maj:Windows_7,maj:Windows_7,leaf:Windows_10,leaf:Windows_7,leaf:Windows_7
6121,fam:Windows,fam:Windows,fam:Windows,maj:Windows_10,maj:Windows_10,maj:Windows_10,leaf:Windows_10,leaf:Windows_10,leaf:Windows_10
6122,fam:Windows,fam:Windows,fam:Windows,maj:Windows_10,maj:Windows_10,maj:Windows_10,leaf:Windows_10,leaf:Windows_10,leaf:Windows_10
6123,fam:Windows,fam:Android,,maj:Windows_10,maj:Android_9,maj:Android_9,leaf:Windows_10,leaf:Android_8_0.0,leaf:Android_8_0.0|leaf:Android_9
6124,fam:Windows,fam:Windows,fam:Windows,maj:Windows_10,maj:Windows_10,maj:Windows_10,leaf:Windows_10,leaf:Windows_10,leaf:Windows_10
6127,fam:Windows,fam:Windows,fam:Windows,maj:Windows_10,maj:Windows_10,maj:Windows_10,leaf:Windows_10,leaf:Windows_10,leaf:Windows_10
6128,fam:Windows,fam:Windows,fam:Windows,maj:Windows_10,maj:Windows_10,maj:Windows_10,leaf:Windows_10,leaf:Windows_10,leaf:Windows_10
6131,fam:Windows,fam:Windows,fam:Windows,maj:Windows_10,maj:Windows_10,maj:Windows_10,leaf:Windows_10,leaf:Windows_10,leaf:Windows_10
6134,fam:Windows,fam:Windows,fam:Windows,maj:Windows_10,maj:Windows_10,maj:Windows_10|maj:Windows_8,leaf:Windows_10,leaf:Windows_10,leaf:Windows_10|leaf:Windows_8_OTHER
6135,fam:Windows,fam:Windows,fam:Windows,maj:Windows_10,maj:Windows_10,maj:Windows_10|maj:Windows_7,leaf:Windows_10,leaf:Windows_10,leaf:Windows_10|leaf:Windows_7
6137,fam:Windows,fam:Windows,fam:Windows,maj:Windows_10,maj:Windows_10,maj:Windows_10,leaf:Windows_10,leaf:Windows_10,leaf:Windows_10
6139,fam:Windows,fam:Windows,fam:Windows,maj:Windows_10,maj:Windows_10,maj:Windows_10,leaf:Windows_10,leaf:Windows_10,leaf:Windows_10
6141,fam:Windows,fam:Windows,fam:Windows,maj:Windows_10,maj:Windows_10,maj:Windows_10,leaf:Windows_10,leaf:Windows_10,leaf:Windows_10
6145,fam:Windows,fam:Windows,fam:Windows,maj:Windows_10,maj:Windows_10,maj:Windows_10,leaf:Windows_10,leaf:Windows_10,leaf:Windows_10
6146,fam:Windows,fam:Windows,fam:Windows,maj:Windows_10,maj:Windows_7,maj:Windows_10|maj:Windows_7,leaf:Windows_10,leaf:Android_4_4.0,leaf:Android_4_4.0
6147,fam:Windows,fam:Windows,fam:Windows,maj:Windows_10,maj:Windows_10,maj:Windows_10,leaf:Windows_10,leaf:Windows_10,leaf:Windows_10
6149,fam:Windows,fam:Windows,fam:Windows,maj:Windows_10,maj:Windows_10,maj:Windows_10,leaf:Windows_10,leaf:Windows_10,leaf:Windows_10
6150,fam:Windows,fam:Windows,fam:Windows,maj:Windows_10,maj:Windows_10,maj:Windows_10,leaf:Windows_10,leaf:Windows_10,leaf:Windows_10
6151,fam:Windows,fam:Windows,fam:Windows,maj:Windows_10,maj:Windows_10,maj:Windows_10|maj:Windows_7,leaf:Windows_10,leaf:Windows_10,leaf:Windows_10|leaf:Windows_7|leaf:Windows_8_1.0
6153,fam:Windows,fam:Android,,maj:Windows_10,maj:Android_4,maj:Android_4,leaf:Windows_10,leaf:Android_4_1.0,leaf:Android_4_1.0
6157,fam:Windows,fam:Windows,fam:Windows,maj:Windows_10,maj:Windows_10,maj:Windows_10,leaf:Windows_10,leaf:Windows_10,leaf:Windows_10
6160,fam:Windows,fam:Windows,fam:Windows,maj:Windows_10,maj:Windows_10,maj:Windows_10,leaf:Windows_10,leaf:Windows_10,leaf:Windows_10
6161,fam:Windows,fam:Windows,fam:Windows,maj:Windows_10,maj:Windows_10,maj:Windows_10,leaf:Windows_10,leaf:Windows_10,leaf:Windows_10
6162,fam:Windows,fam:Android,,maj:Windows_10,maj:Android_8,maj:Android_8|maj:Android_9,leaf:Windows_10,leaf:Android_8_0.0,leaf:Android_8_0.0|leaf:Android_9
6165,fam:Windows,fam:Windows,fam:Windows,maj:Windows_10,maj:Windows_10,maj:Windows_10,leaf:Windows_10,leaf:Windows_10,leaf:Windows_10
6168,fam:Windows,fam:Windows,fam:Windows,maj:Windows_10,maj:Windows_10,maj:Windows_10,leaf:Windows_10,leaf:Windows_10,leaf:Windows_10
6169,fam:Windows,fam:Windows,fam:Windows,maj:Windows_10,maj:Windows_10,maj:Windows_10,leaf:Windows_10,leaf:Windows_10,leaf:Windows_10
6170,fam:Windows,fam:Windows,fam:Windows,maj:Windows_10,maj:Windows_10,maj:Windows_10,leaf:Windows_10,leaf:Windows_10,leaf:Windows_10|leaf:Windows_8_1.0
6171,fam:Windows,fam:Windows,fam:Windows,maj:Windows_10,maj:Windows_10,maj:Windows_10,leaf:Windows_10,leaf:Windows_10,leaf:Windows_10
6172,fam:Windows,fam:Windows,fam:Windows,maj:Windows_10,maj:Windows_10,maj:Windows_10,leaf:Windows_10,leaf:Windows_10,leaf:Windows_10
6174,fam:Windows,fam:Windows,fam:Windows,maj:Windows_10,maj:Windows_10,maj:Windows_10,leaf:Windows_10,leaf:Windows_10,leaf:Windows_10
6178,fam:Windows,fam:Windows,fam:Windows,maj:Windows_10,maj:Windows_10,maj:Windows_10,leaf:Windows_10,leaf:Windows_10,leaf:Windows_10
6182,fam:Windows,fam:Windows,fam:Windows,maj:Windows_10,maj:Windows_10,maj:Windows_10,leaf:Windows_10,leaf:Windows_10,leaf:Windows_10
6196,fam:Windows,fam:Windows,fam:Windows,maj:Windows_10,maj:Windows_10,maj:Windows_10,leaf:Windows_10,leaf:Windows_10,leaf:Windows_10
6198,fam:Windows,fam:Windows,fam:Windows,maj:Windows_10,maj:Windows_10,maj:Windows_10,leaf:Windows_10,leaf:Windows_10,leaf:Windows_10|leaf:Windows_7
6199,fam:Windows,fam:Windows,fam:Windows,maj:Windows_10,maj:Windows_10,maj:Windows_10,leaf:Windows_10,leaf:Windows_10,leaf:Windows_10
6202,fam:Windows,fam:Windows,fam:Windows,maj:Windows_10,maj:Windows_10,maj:Windows_10,leaf:Windows_10,leaf:Windows_10,leaf:Windows_10
6204,fam:Windows,fam:Windows,fam:Windows,maj:Windows_10,maj:Windows_10,maj:Windows_10,leaf:Windows_10,leaf:Windows_10,leaf:Windows_10
6208,fam:Windows,fam:Windows,fam:Windows,maj:Windows_10,maj:Windows_10,maj:Windows_10,leaf:Windows_10,leaf:Windows_10,leaf:Windows_10
6209,fam:Windows,fam:Windows,fam:Windows,maj:Windows_10,maj:Windows_10,maj:Windows_10,leaf:Windows_10,leaf:Windows_10,leaf:Windows_10
6215,fam:Windows,fam:Windows,fam:Windows,maj:Windows_10,maj:Windows_10,maj:Windows_10,leaf:Windows_10,leaf:Windows_10,leaf:Windows_10
6216,fam:Windows,fam:Windows,fam:Windows,maj:Windows_10,maj:Windows_10,maj:Windows_10,leaf:Windows_10,leaf:Windows_10,leaf:Windows_10
6220,fam:Windows,fam:Windows,fam:Windows,maj:Windows_10,maj:Windows_10,maj:Windows_10,leaf:Windows_10,leaf:Windows_10,leaf:Windows_10
6221,fam:Windows,fam:Windows,fam:Windows,maj:Windows_10,maj:Windows_10,maj:Windows_10,leaf:Windows_10,leaf:Windows_10,leaf:Windows_10
6223,fam:Windows,fam:Windows,fam:Windows,maj:Windows_10,maj:Windows_10,maj:Windows_10,leaf:Windows_10,leaf:Windows_10,leaf:Windows_10
6224,fam:Windows,fam:Windows,fam:Windows,maj:Windows_10,maj:Windows_10,maj:Windows_10,leaf:Windows_10,leaf:Windows_10,leaf:Windows_10
6230,fam:Windows,fam:Windows,fam:Windows,maj:Windows_10,maj:Windows_10,maj:Windows_10|maj:Windows_8,leaf:Windows_10,leaf:Windows_10,leaf:Windows_10|leaf:Windows_8_1.0
6231,fam:Windows,fam:Windows,fam:Windows,maj:Windows_10,maj:Windows_10,maj:Windows_10,leaf:Windows_10,leaf:Windows_10,leaf:Windows_10
6236,fam:Windows,fam:Windows,fam:Windows,maj:Windows_10,maj:Windows_10,maj:Windows_10,leaf:Windows_10,leaf:Windows_10,leaf:Windows_10
6237,fam:Windows,fam:Windows,fam:Windows,maj:Windows_10,maj:Windows_10,maj:Windows_10,leaf:Windows_10,leaf:Windows_10,leaf:Windows_10
6238,fam:Windows,fam:Windows,fam:Windows,maj:Windows_10,maj:Windows_10,maj:Windows_10,leaf:Windows_10,leaf:Windows_10,leaf:Windows_10
6239,fam:Windows,fam:Windows,fam:Windows,maj:Windows_10,maj:Windows_10,maj:Windows_10,leaf:Windows_10,leaf:Windows_10,leaf:Windows_10
6240,fam:Windows,fam:Windows,fam:Windows,maj:Windows_10,maj:Windows_10,maj:Windows_10,leaf:Windows_10,leaf:Windows_10,leaf:Windows_10
6241,fam:Windows,fam:Windows,fam:Windows,maj:Windows_10,maj:Windows_10,maj:Windows_10,leaf:Windows_10,leaf:Windows_10,leaf:Windows_10
6243,fam:Windows,fam:Windows,fam:Windows,maj:Windows_10,maj:Windows_10,maj:Windows_10,leaf:Windows_10,leaf:Windows_10,leaf:Windows_10
6245,fam:Windows,fam:Windows,fam:Windows,maj:Windows_10,maj:Windows_10,maj:Windows_10,leaf:Windows_10,leaf:Windows_10,leaf:Windows_10
6248,fam:Windows,fam:Windows,fam:Windows,maj:Windows_10,maj:Windows_10,maj:Windows_10,leaf:Windows_10,leaf:Windows_10,leaf:Windows_10
6249,fam:Windows,fam:Windows,fam:Windows,maj:Windows_10,maj:Windows_10,maj:Windows_10,leaf:Windows_10,leaf:Windows_10,leaf:Windows_10
6250,fam:Windows,fam:Windows,fam:Windows,maj:Windows_10,maj:Windows_8,maj:Windows_10|maj:Windows_8,leaf:Windows_10,leaf:Windows_7,leaf:Windows_7|leaf:Windows_8_1.0
6251,fam:Windows,fam:Windows,fam:Windows,maj:Windows_10,maj:Windows_10,maj:Windows_10,leaf:Windows_10,leaf:Windows_10,leaf:Windows_10
6252,fam:Windows,fam:Windows,fam:Windows,maj:Windows_10,maj:Windows_10,maj:Windows_10,leaf:Windows_10,leaf:Windows_10,leaf:Windows_10
6254,fam:Windows,fam:Windows,fam:Windows,maj:Windows_10,maj:Windows_10,maj:Windows_10,leaf:Windows_10,leaf:Windows_10,leaf:Windows_10
6255,fam:Windows,fam:Windows,fam:Windows,maj:Windows_10,maj:Windows_10,maj:Windows_10,leaf:Windows_10,leaf:Windows_10,leaf:Windows_10
6260,fam:Windows,fam:Windows,fam:Windows,maj:Windows_10,maj:Windows_10,maj:Windows_10,leaf:Windows_10,leaf:Windows_10,leaf:Windows_10
6262,fam:Windows,fam:macOS,,maj:Windows_10,maj:macOS_10,maj:macOS_10,leaf:Windows_10,leaf:macOS_10_13.0,leaf:macOS_10_13.0
6263,fam:Windows,fam:Windows,fam:Windows,maj:Windows_10,maj:Windows_10,maj:Windows_10,leaf:Windows_10,leaf:Windows_10,leaf:Windows_10
6264,fam:Windows,fam:Windows,fam:Windows,maj:Windows_10,maj:Windows_10,maj:Windows_10,leaf:Windows_10,leaf:Windows_10,leaf:Windows_10
6266,fam:Windows,fam:Windows,fam:Windows,maj:Windows_10,maj:Windows_10,maj:Windows_10,leaf:Windows_10,leaf:Windows_10,leaf:Windows_10
6270,fam:Windows,fam:Windows,fam:Windows,maj:Windows_10,maj:Windows_10,maj:Windows_10,leaf:Windows_10,leaf:Windows_10,leaf:Windows_10
6273,fam:Windows,fam:Windows,fam:Windows,maj:Windows_10,maj:Windows_10,maj:Windows_10,leaf:Windows_10,leaf:Windows_10,leaf:Windows_10
6275,fam:Windows,fam:Windows,fam:Windows,maj:Windows_10,maj:Windows_10,maj:Windows_10,leaf:Windows_10,leaf:Windows_10,leaf:Windows_10
6276,fam:Windows,fam:Windows,fam:Windows,maj:Windows_10,maj:Windows_10,maj:Windows_10,leaf:Windows_10,leaf:Windows_10,leaf:Windows_10
6278,fam:Windows,fam:Windows,fam:Windows,maj:Windows_10,maj:Windows_10,maj:Windows_10,leaf:Windows_10,leaf:Windows_10,leaf:Windows_10
6279,fam:Windows,fam:Windows,fam:Windows,maj:Windows_10,maj:Windows_10,maj:Windows_10,leaf:Windows_10,leaf:Windows_10,leaf:Windows_10
6280,fam:Windows,fam:Windows,fam:Windows,maj:Windows_10,maj:Windows_10,maj:Windows_10,leaf:Windows_10,leaf:Windows_10,leaf:Windows_10
6282,fam:Windows,fam:Windows,fam:Windows,maj:Windows_10,maj:Windows_10,maj:Windows_10,leaf:Windows_10,leaf:Windows_10,leaf:Windows_10
6283,fam:Windows,fam:Windows,fam:Windows,maj:Windows_10,maj:Windows_10,maj:Windows_10,leaf:Windows_10,leaf:Windows_10,leaf:Windows_10
6285,fam:Windows,fam:Windows,fam:Windows,maj:Windows_10,maj:Windows_10,maj:Windows_10,leaf:Windows_10,leaf:Windows_10,leaf:Windows_10
6286,fam:Windows,fam:Windows,fam:Windows,maj:Windows_10,maj:Windows_10,maj:Windows_10,leaf:Windows_10,leaf:Windows_10,leaf:Windows_10
6287,fam:Windows,fam:Windows,fam:Windows,maj:Windows_10,maj:Windows_10,maj:Windows_10,leaf:Windows_10,leaf:Windows_10,leaf:Windows_10
6288,fam:Windows,fam:Windows,fam:Windows,maj:Windows_10,maj:Windows_10,maj:Windows_10,leaf:Windows_10,leaf:Windows_10,leaf:Windows_10
6289,fam:Windows,fam:Windows,fam:Windows,maj:Windows_10,maj:Windows_10,maj:Windows_10,leaf:Windows_10,leaf:Windows_10,leaf:Windows_10
6291,fam:Windows,fam:Windows,fam:Windows,maj:Windows_10,maj:Windows_10,maj:Windows_10|maj:Windows_8,leaf:Windows_10,leaf:Windows_10,leaf:Windows_10|leaf:Windows_8_OTHER
6293,fam:Windows,fam:Windows,fam:Windows,maj:Windows_10,maj:Windows_10,maj:Windows_10,leaf:Windows_10,leaf:Windows_10,leaf:Windows_10
6294,fam:Windows,fam:Windows,fam:Windows,maj:Windows_10,maj:Windows_10,maj:Windows_10,leaf:Windows_10,leaf:Windows_10,leaf:Windows_10
6295,fam:Windows,fam:Windows,fam:Windows,maj:Windows_10,maj:Windows_10,maj:Windows_10,leaf:Windows_10,leaf:Windows_10,leaf:Windows_10
6296,fam:Windows,fam:Windows,fam:Windows,maj:Windows_10,maj:Windows_10,maj:Windows_10,leaf:Windows_10,leaf:Windows_10,leaf:Windows_10
6301,fam:Windows,fam:Windows,fam:Windows,maj:Windows_10,maj:Windows_10,maj:Windows_10,leaf:Windows_10,leaf:Windows_10,leaf:Windows_10
6303,fam:Windows,fam:Windows,fam:Windows,maj:Windows_10,maj:Windows_10,maj:Windows_10,leaf:Windows_10,leaf:Windows_10,leaf:Windows_10
6304,fam:Windows,fam:Windows,fam:Windows,maj:Windows_10,maj:Windows_10,maj:Windows_10,leaf:Windows_10,leaf:Windows_10,leaf:Windows_10
6309,fam:Windows,fam:Windows,fam:Windows,maj:Windows_10,maj:Windows_10,maj:Windows_10,leaf:Windows_10,leaf:Windows_10,leaf:Windows_10
6311,fam:Windows,fam:Windows,fam:Windows,maj:Windows_10,maj:Windows_10,maj:Windows_10,leaf:Windows_10,leaf:Windows_10,leaf:Windows_10
6316,fam:Windows,fam:Windows,fam:Windows,maj:Windows_10,maj:Windows_10,maj:Windows_10,leaf:Windows_10,leaf:Windows_10,leaf:Windows_10
6318,fam:Windows,fam:Windows,fam:Windows,maj:Windows_10,maj:Windows_10,maj:Windows_10,leaf:Windows_10,leaf:Windows_10,leaf:Windows_10
6320,fam:Windows,fam:Windows,fam:Windows,maj:Windows_10,maj:Windows_10,maj:Windows_10,leaf:Windows_10,leaf:Windows_10,leaf:Windows_10
6321,fam:Windows,fam:Windows,fam:Windows,maj:Windows_10,maj:Windows_10,maj:Windows_10,leaf:Windows_10,leaf:Windows_10,leaf:Windows_10
6324,fam:Windows,fam:Windows,fam:Windows,maj:Windows_10,maj:Windows_10,maj:Windows_10,leaf:Windows_10,leaf:Windows_10,leaf:Windows_10
6325,fam:Windows,fam:Windows,fam:Windows,maj:Windows_10,maj:Windows_10,maj:Windows_10,leaf:Windows_10,leaf:Windows_10,leaf:Windows_10
6328,fam:Windows,fam:Windows,fam:Windows,maj:Windows_10,maj:Windows_7,maj:Windows_7|maj:Windows_8,leaf:Windows_10,leaf:Windows_7,leaf:Windows_7
6329,fam:Windows,fam:Windows,fam:Windows,maj:Windows_10,maj:Windows_10,maj:Windows_10,leaf:Windows_10,leaf:Windows_10,leaf:Windows_10
6330,fam:Windows,fam:Windows,fam:Windows,maj:Windows_10,maj:Windows_10,maj:Windows_10,leaf:Windows_10,leaf:Windows_10,leaf:Windows_10
6331,fam:Windows,fam:Windows,fam:Windows,maj:Windows_10,maj:Windows_10,maj:Windows_10,leaf:Windows_10,leaf:Windows_10,leaf:Windows_10
6333,fam:Windows,fam:Windows,fam:Windows,maj:Windows_10,maj:Windows_10,maj:Windows_10,leaf:Windows_10,leaf:Windows_10,leaf:Windows_10
6334,fam:Windows,fam:Windows,fam:Windows,maj:Windows_10,maj:Windows_10,maj:Windows_10,leaf:Windows_10,leaf:Windows_10,leaf:Windows_10
6336,fam:Windows,fam:Windows,fam:Windows,maj:Windows_10,maj:Windows_10,maj:Windows_10,leaf:Windows_10,leaf:Windows_10,leaf:Windows_10
6338,fam:Windows,fam:Windows,fam:Windows,maj:Windows_10,maj:Windows_10,maj:Windows_10,leaf:Windows_10,leaf:Windows_10,leaf:Windows_10
6339,fam:Windows,fam:Windows,fam:Windows,maj:Windows_10,maj:Windows_10,maj:Windows_10,leaf:Windows_10,leaf:Windows_10,leaf:Windows_10
6341,fam:Windows,fam:Windows,fam:Windows,maj:Windows_10,maj:Windows_10,maj:Windows_10,leaf:Windows_10,leaf:Windows_10,leaf:Windows_10
6343,fam:Windows,fam:Windows,fam:Windows,maj:Windows_10,maj:Windows_10,maj:Windows_10,leaf:Windows_10,leaf:Windows_10,leaf:Windows_10
6345,fam:Windows,fam:Windows,fam:Windows,maj:Windows_10,maj:Windows_10,maj:Windows_10,leaf:Windows_10,leaf:Windows_10,leaf:Windows_10
6349,fam:Windows,fam:Windows,fam:Windows,maj:Windows_10,maj:Windows_10,maj:Windows_10,leaf:Windows_10,leaf:Windows_10,leaf:Windows_10
6350,fam:Windows,fam:Windows,fam:Windows,maj:Windows_10,maj:Windows_10,maj:Windows_10,leaf:Windows_10,leaf:Windows_10,leaf:Windows_10
6352,fam:Windows,fam:iOS,,maj:Windows_10,maj:Android_10,maj:Android_10|maj:Windows_10,leaf:Windows_10,leaf:Windows_10,leaf:Windows_10
6353,fam:Windows,fam:Windows,fam:Windows,maj:Windows_10,maj:Windows_10,maj:Windows_10,leaf:Windows_10,leaf:Windows_10,leaf:Windows_10
6354,fam:Windows,fam:Windows,fam:Windows,maj:Windows_10,maj:Windows_10,maj:Windows_10,leaf:Windows_10,leaf:Windows_10,leaf:Windows_10|leaf:Windows_7
6356,fam:Windows,fam:Windows,fam:Windows,maj:Windows_10,maj:Windows_10,maj:Windows_10,leaf:Windows_10,leaf:Windows_10,leaf:Windows_10
6358,fam:Windows,fam:Windows,fam:Windows,maj:Windows_10,maj:Windows_10,maj:Windows_10,leaf:Windows_10,leaf:Windows_10,leaf:Windows_10
6359,fam:Windows,fam:Windows,fam:Windows,maj:Windows_10,maj:Windows_10,maj:Windows_10,leaf:Windows_10,leaf:Windows_10,leaf:Windows_10
6360,fam:Windows,fam:Windows,fam:Windows,maj:Windows_10,maj:Windows_10,maj:Windows_10,leaf:Windows_10,leaf:Windows_10,leaf:Windows_10
6361,fam:Windows,fam:Windows,fam:Windows,maj:Windows_10,maj:Windows_10,maj:Windows_10,leaf:Windows_10,leaf:Windows_10,leaf:Windows_10
6363,fam:Windows,fam:macOS,,maj:Windows_10,maj:Windows_8,maj:Windows_8,leaf:Windows_10,leaf:macOS_10_10.0,leaf:macOS_10_10.0
6365,fam:Windows,fam:Windows,fam:Windows,maj:Windows_10,maj:Windows_10,maj:Windows_10,leaf:Windows_10,leaf:Windows_10,leaf:Windows_10
6366,fam:Windows,fam:Windows,fam:Windows,maj:Windows_10,maj:Windows_8,maj:Windows_7|maj:Windows_8,leaf:Windows_10,leaf:Windows_8_1.0,leaf:Windows_7|leaf:Windows_8_1.0|leaf:Windows_8_OTHER
6367,fam:Windows,fam:Windows,fam:Windows,maj:Windows_10,maj:Windows_10,maj:Windows_10,leaf:Windows_10,leaf:Windows_10,leaf:Windows_10
6369,fam:Windows,fam:Windows,fam:Windows,maj:Windows_10,maj:Windows_10,maj:Windows_10,leaf:Windows_10,leaf:Windows_10,leaf:Windows_10
6372,fam:Windows,fam:Windows,fam:Windows,maj:Windows_10,maj:Windows_10,maj:Windows_10,leaf:Windows_10,leaf:Windows_10,leaf:Windows_10
6373,fam:Windows,fam:Windows,fam:Windows,maj:Windows_10,maj:Windows_10,maj:Windows_10,leaf:Windows_10,leaf:Windows_10,leaf:Windows_10
6374,fam:Windows,fam:Windows,fam:Windows,maj:Windows_10,maj:Windows_10,maj:Windows_10,leaf:Windows_10,leaf:Windows_10,leaf:Windows_10
6377,fam:Windows,fam:Windows,fam:Windows,maj:Windows_10,maj:Windows_10,maj:Windows_10,leaf:Windows_10,leaf:Windows_10,leaf:Windows_10
6380,fam:Windows,fam:Windows,fam:Windows,maj:Windows_10,maj:Windows_10,maj:Windows_10,leaf:Windows_10,leaf:Windows_10,leaf:Windows_10
6381,fam:Windows,fam:Windows,fam:Windows,maj:Windows_10,maj:Windows_10,maj:Windows_10,leaf:Windows_10,leaf:Windows_10,leaf:Windows_10
6384,fam:Windows,fam:Windows,fam:Windows,maj:Windows_10,maj:Windows_10,maj:Windows_10,leaf:Windows_10,leaf:Windows_10,leaf:Windows_10
6385,fam:Windows,fam:Windows,fam:Windows,maj:Windows_10,maj:Windows_10,maj:Windows_10,leaf:Windows_10,leaf:Windows_10,leaf:Windows_10
6387,fam:Windows,fam:Windows,fam:Windows,maj:Windows_10,maj:Windows_10,maj:Windows_10,leaf:Windows_10,leaf:Windows_10,leaf:Windows_10
6393,fam:Windows,fam:Windows,fam:Windows,maj:Windows_10,maj:Windows_10,maj:Windows_10,leaf:Windows_10,leaf:Windows_10,leaf:Windows_10
6394,fam:Windows,fam:Windows,fam:Windows,maj:Windows_10,maj:Windows_10,maj:Windows_10,leaf:Windows_10,leaf:Windows_10,leaf:Windows_10
6395,fam:Windows,fam:Windows,fam:Windows,maj:Windows_10,maj:Windows_10,maj:Windows_10,leaf:Windows_10,leaf:Windows_10,leaf:Windows_10
6397,fam:Windows,fam:Windows,fam:Windows,maj:Windows_10,maj:Windows_10,maj:Windows_10,leaf:Windows_10,leaf:Windows_10,leaf:Windows_10
6398,fam:Windows,fam:Windows,fam:Windows,maj:Windows_10,maj:Windows_10,maj:Windows_10,leaf:Windows_10,leaf:Windows_10,leaf:Windows_10
6400,fam:Windows,fam:Windows,fam:Windows,maj:Windows_10,maj:Windows_10,maj:Windows_10,leaf:Windows_10,leaf:Windows_10,leaf:Windows_10
6402,fam:Windows,fam:Windows,fam:Windows,maj:Windows_10,maj:Windows_10,maj:Windows_10,leaf:Windows_10,leaf:Windows_10,leaf:Windows_10
6403,fam:Windows,fam:Windows,fam:Windows,maj:Windows_10,maj:Windows_10,maj:Windows_10,leaf:Windows_10,leaf:Windows_10,leaf:Windows_10
6407,fam:Windows,fam:Windows,fam:Windows,maj:Windows_10,maj:Windows_10,maj:Windows_10,leaf:Windows_10,leaf:Windows_10,leaf:Windows_10
6408,fam:Windows,fam:Windows,fam:Windows,maj:Windows_10,maj:Windows_10,maj:Windows_10,leaf:Windows_10,leaf:Windows_10,leaf:Windows_10
6409,fam:Windows,fam:Windows,fam:Windows,maj:Windows_10,maj:Windows_10,maj:Windows_10,leaf:Windows_10,leaf:Windows_10,leaf:Windows_10
6411,fam:Windows,fam:Windows,fam:Windows,maj:Windows_10,maj:Windows_10,maj:Windows_10,leaf:Windows_10,leaf:Windows_10,leaf:Windows_10
6412,fam:Windows,fam:Windows,fam:Windows,maj:Windows_10,maj:Windows_10,maj:Windows_10,leaf:Windows_10,leaf:Windows_10,leaf:Windows_10
6413,fam:Windows,fam:Windows,fam:Windows,maj:Windows_10,maj:Windows_10,maj:Windows_10,leaf:Windows_10,leaf:Windows_10,leaf:Windows_10
6414,fam:Windows,fam:Windows,fam:Windows,maj:Windows_10,maj:Windows_7,maj:Windows_7,leaf:Windows_10,leaf:Windows_7,leaf:Windows_7
6415,fam:Windows,fam:Windows,fam:Windows,maj:Windows_10,maj:Windows_10,maj:Windows_10,leaf:Windows_10,leaf:Windows_10,leaf:Windows_10
6416,fam:Windows,fam:Windows,fam:Windows,maj:Windows_10,maj:Windows_10,maj:Windows_10,leaf:Windows_10,leaf:Windows_10,leaf:Windows_10
6418,fam:Windows,fam:Windows,fam:Windows,maj:Windows_10,maj:Windows_10,maj:Windows_10,leaf:Windows_10,leaf:Windows_10,leaf:Windows_10
6420,fam:Windows,fam:Windows,fam:Windows,maj:Windows_10,maj:Windows_10,maj:Windows_10,leaf:Windows_10,leaf:Windows_10,leaf:Windows_10
6421,fam:Windows,fam:Windows,fam:Windows,maj:Windows_10,maj:Windows_10,maj:Windows_10,leaf:Windows_10,leaf:Windows_10,leaf:Windows_10
6423,fam:Windows,fam:Windows,fam:Windows,maj:Windows_10,maj:Windows_10,maj:Windows_10,leaf:Windows_10,leaf:Windows_10,leaf:Windows_10
6425,fam:Windows,fam:Windows,fam:Windows,maj:Windows_10,maj:Windows_10,maj:Windows_10,leaf:Windows_10,leaf:Windows_10,leaf:Windows_10
6429,fam:Windows,fam:Windows,fam:Windows,maj:Windows_10,maj:Windows_10,maj:Windows_10,leaf:Windows_10,leaf:Windows_10,leaf:Windows_10
6431,fam:Windows,fam:Windows,fam:Windows,maj:Windows_10,maj:Windows_10,maj:Android_7|maj:Windows_10,leaf:Windows_10,leaf:Windows_10,leaf:Windows_10
6432,fam:Windows,fam:Windows,fam:Windows,maj:Windows_10,maj:Windows_10,maj:Windows_10,leaf:Windows_10,leaf:Windows_10,leaf:Windows_10
6433,fam:Windows,fam:Windows,fam:Windows,maj:Windows_10,maj:Windows_10,maj:Windows_10,leaf:Windows_10,leaf:Windows_10,leaf:Windows_10
6434,fam:Windows,fam:Windows,fam:Windows,maj:Windows_10,maj:Windows_10,maj:Windows_10|maj:Windows_8,leaf:Windows_10,leaf:Windows_10,leaf:Windows_10
6435,fam:Windows,fam:Windows,fam:Windows,maj:Windows_10,maj:Windows_10,maj:Windows_10,leaf:Windows_10,leaf:Windows_10,leaf:Windows_10
6436,fam:Windows,fam:Windows,fam:Windows,maj:Windows_10,maj:Windows_10,maj:Windows_10,leaf:Windows_10,leaf:Windows_10,leaf:Windows_10
6443,fam:Windows,fam:Windows,fam:Windows,maj:Windows_10,maj:Windows_10,maj:Windows_10,leaf:Windows_10,leaf:Windows_10,leaf:Windows_10
6444,fam:Windows,fam:Windows,fam:Windows,maj:Windows_10,maj:Windows_10,maj:Windows_10,leaf:Windows_10,leaf:Windows_7,leaf:Windows_10|leaf:Windows_7
6448,fam:Windows,fam:Windows,fam:Windows,maj:Windows_10,maj:Windows_10,maj:Windows_10,leaf:Windows_10,leaf:Windows_10,leaf:Windows_10
6449,fam:Windows,fam:Windows,fam:Windows,maj:Windows_10,maj:Windows_10,maj:Windows_10,leaf:Windows_10,leaf:Windows_10,leaf:Windows_10
6450,fam:Windows,fam:Windows,fam:Windows,maj:Windows_10,maj:Windows_10,maj:Windows_10,leaf:Windows_10,leaf:Windows_10,leaf:Windows_10
6454,fam:Windows,fam:Windows,fam:Windows,maj:Windows_10,maj:Windows_10,maj:Windows_10,leaf:Windows_10,leaf:Windows_10,leaf:Windows_10
6455,fam:Windows,fam:Windows,fam:Windows,maj:Windows_10,maj:Windows_10,maj:Windows_10,leaf:Windows_10,leaf:Windows_10,leaf:Windows_10
6456,fam:Windows,fam:Windows,fam:Windows,maj:Windows_10,maj:Windows_10,maj:Windows_10,leaf:Windows_10,leaf:Windows_10,leaf:Windows_10
6457,fam:Windows,fam:Windows,fam:Windows,maj:Windows_10,maj:Windows_10,maj:Windows_10,leaf:Windows_10,leaf:Windows_10,leaf:Windows_10
6459,fam:Windows,fam:Windows,fam:Windows,maj:Windows_10,maj:Windows_7,maj:Windows_7,leaf:Windows_10,leaf:Windows_7,leaf:Windows_10|leaf:Windows_7
6461,fam:Windows,fam:Windows,fam:Windows,maj:Windows_10,maj:Windows_10,maj:Windows_10,leaf:Windows_10,leaf:Windows_10,leaf:Windows_10
6462,fam:Windows,fam:Windows,fam:Windows,maj:Windows_10,maj:Windows_7,maj:Windows_10|maj:Windows_7,leaf:Windows_10,leaf:Windows_10,leaf:Windows_10
6463,fam:Windows,fam:Windows,fam:Windows,maj:Windows_10,maj:Windows_10,maj:Windows_10,leaf:Windows_10,leaf:Windows_10,leaf:Windows_10
6465,fam:Windows,fam:Windows,fam:Windows,maj:Windows_10,maj:Windows_10,maj:Windows_10,leaf:Windows_10,leaf:Windows_10,leaf:Windows_10
6466,fam:Windows,fam:Windows,fam:Windows,maj:Windows_10,maj:Windows_8,maj:Windows_10|maj:Windows_8,leaf:Windows_10,leaf:Windows_8_OTHER,leaf:Windows_10|leaf:Windows_8_OTHER
6467,fam:Windows,fam:Windows,fam:Windows,maj:Windows_10,maj:Windows_10,maj:Windows_10,leaf:Windows_10,leaf:Windows_10,leaf:Windows_10
6468,fam:Windows,fam:Windows,fam:Windows,maj:Windows_10,maj:Windows_10,maj:Windows_10,leaf:Windows_10,leaf:Windows_10,leaf:Windows_10
6470,fam:Windows,fam:Windows,fam:Windows,maj:Windows_10,maj:Windows_10,maj:Windows_10,leaf:Windows_10,leaf:Windows_10,leaf:Windows_10
6471,fam:Windows,fam:Windows,fam:Windows,maj:Windows_10,maj:Windows_10,maj:Windows_10,leaf:Windows_10,leaf:Windows_10,leaf:Windows_10
6473,fam:Windows,fam:Windows,fam:Windows,maj:Windows_10,maj:Windows_10,maj:Windows_10,leaf:Windows_10,leaf:Windows_10,leaf:Windows_10
6474,fam:Windows,fam:Windows,fam:Windows,maj:Windows_10,maj:Windows_10,maj:Windows_10,leaf:Windows_10,leaf:Windows_10,leaf:Windows_10
6475,fam:Windows,fam:Windows,fam:Windows,maj:Windows_10,maj:Windows_10,maj:Windows_10,leaf:Windows_10,leaf:Windows_10,leaf:Windows_10
6476,fam:Windows,fam:Windows,fam:Windows,maj:Windows_10,maj:Windows_10,maj:Windows_10,leaf:Windows_10,leaf:Windows_10,leaf:Windows_10
6477,fam:Windows,fam:Windows,fam:Windows,maj:Windows_10,maj:Windows_10,maj:Windows_10,leaf:Windows_10,leaf:Windows_10,leaf:Windows_10
6478,fam:Windows,fam:Windows,fam:Windows,maj:Windows_10,maj:Windows_10,maj:Windows_10,leaf:Windows_10,leaf:Windows_10,leaf:Windows_10
6479,fam:Windows,fam:Windows,fam:Windows,maj:Windows_10,maj:Windows_10,maj:Windows_10,leaf:Windows_10,leaf:Windows_10,leaf:Windows_10
6481,fam:Windows,fam:Windows,fam:Windows,maj:Windows_10,maj:Windows_10,maj:Windows_10,leaf:Windows_10,leaf:Windows_10,leaf:Windows_10
6483,fam:Windows,fam:Windows,fam:Windows,maj:Windows_10,maj:Windows_10,maj:Windows_10,leaf:Windows_10,leaf:Windows_10,leaf:Windows_10
6486,fam:Windows,fam:Windows,fam:Windows,maj:Windows_10,maj:Windows_10,maj:Windows_10,leaf:Windows_10,leaf:Windows_10,leaf:Windows_10
6492,fam:Windows,fam:Windows,fam:Windows,maj:Windows_10,maj:Windows_10,maj:Windows_10,leaf:Windows_10,leaf:Windows_10,leaf:Windows_10
6493,fam:Windows,fam:Windows,fam:Windows,maj:Windows_10,maj:Windows_10,maj:Windows_10,leaf:Windows_10,leaf:Windows_10,leaf:Windows_10
6494,fam:Windows,fam:Windows,fam:Windows,maj:Windows_10,maj:Windows_10,maj:Windows_10,leaf:Windows_10,leaf:Windows_10,leaf:Windows_10
6495,fam:Windows,fam:Windows,,maj:Windows_10,maj:Windows_10,maj:Windows_10,leaf:Windows_10,leaf:Linux_OTHER,leaf:Linux_OTHER|leaf:Windows_10
6496,fam:Windows,fam:Windows,fam:Windows,maj:Windows_10,maj:Windows_10,maj:Windows_10,leaf:Windows_10,leaf:Windows_10,leaf:Windows_10
6497,fam:Windows,fam:Windows,fam:Windows,maj:Windows_10,maj:Windows_10,maj:Windows_10,leaf:Windows_10,leaf:Windows_10,leaf:Windows_10
6498,fam:Windows,fam:Windows,fam:Windows,maj:Windows_10,maj:Windows_10,maj:Windows_10,leaf:Windows_10,leaf:Windows_10,leaf:Windows_10
6500,fam:Windows,fam:Windows,fam:Windows,maj:Windows_10,maj:Windows_10,maj:Windows_10,leaf:Windows_10,leaf:Windows_7,leaf:Windows_7
6503,fam:Windows,fam:Windows,fam:Windows,maj:Windows_10,maj:Windows_10,maj:Windows_10,leaf:Windows_10,leaf:Windows_10,leaf:Windows_10
6506,fam:Windows,fam:Windows,fam:Windows,maj:Windows_10,maj:Windows_10,maj:Windows_10,leaf:Windows_10,leaf:Windows_10,leaf:Windows_10
6508,fam:Windows,fam:Windows,fam:Windows,maj:Windows_10,maj:Windows_10,maj:Windows_10,leaf:Windows_10,leaf:Windows_10,leaf:Windows_10
6510,fam:Windows,fam:Windows,fam:Windows,maj:Windows_10,maj:Windows_10,maj:Windows_10,leaf:Windows_10,leaf:Windows_10,leaf:Windows_10
6511,fam:Windows,fam:Windows,fam:Windows,maj:Windows_10,maj:Windows_10,maj:Windows_10,leaf:Windows_10,leaf:Windows_10,leaf:Windows_10
6515,fam:Windows,fam:Windows,fam:Windows,maj:Windows_10,maj:Windows_10,maj:Windows_10,leaf:Windows_10,leaf:Windows_10,leaf:Windows_10
6516,fam:Windows,fam:Windows,fam:Windows,maj:Windows_10,maj:Windows_10,maj:Windows_10,leaf:Windows_10,leaf:Windows_10,leaf:Windows_10
6517,fam:Windows,fam:Windows,fam:Windows,maj:Windows_10,maj:Windows_10,maj:Windows_10,leaf:Windows_10,leaf:Windows_10,leaf:Windows_10
6520,fam:Windows,fam:Windows,fam:Windows,maj:Windows_10,maj:Windows_10,maj:Windows_10,leaf:Windows_10,leaf:Windows_10,leaf:Windows_10
6522,fam:Windows,fam:Windows,fam:Windows,maj:Windows_10,maj:Windows_10,maj:Windows_10,leaf:Windows_10,leaf:Windows_10,leaf:Windows_10
6523,fam:Windows,fam:Windows,fam:Windows,maj:Windows_10,maj:Windows_10,maj:Windows_10,leaf:Windows_10,leaf:Windows_10,leaf:Windows_10|leaf:Windows_7
6524,fam:Windows,fam:Windows,fam:Windows,maj:Windows_10,maj:Windows_10,maj:Windows_10,leaf:Windows_10,leaf:Windows_10,leaf:Windows_10
6525,fam:Windows,fam:Windows,fam:Windows,maj:Windows_10,maj:Windows_10,maj:Windows_10,leaf:Windows_10,leaf:Windows_10,leaf:Windows_10
6527,fam:Windows,fam:Windows,fam:Windows,maj:Windows_10,maj:Windows_10,maj:Windows_10,leaf:Windows_10,leaf:Windows_10,leaf:Windows_10
6529,fam:Windows,fam:Windows,fam:Windows,maj:Windows_10,maj:Windows_10,maj:Windows_10,leaf:Windows_10,leaf:Windows_10,leaf:Windows_10
6530,fam:Windows,fam:Windows,fam:Windows,maj:Windows_10,maj:Windows_10,maj:Windows_10,leaf:Windows_10,leaf:Windows_10,leaf:Windows_10
6531,fam:Windows,fam:Windows,fam:Windows,maj:Windows_10,maj:Windows_10,maj:Windows_10,leaf:Windows_10,leaf:Windows_10,leaf:Windows_10
6532,fam:Windows,fam:Windows,fam:Windows,maj:Windows_10,maj:Windows_10,maj:Windows_10,leaf:Windows_10,leaf:Windows_10,leaf:Windows_10
6535,fam:Windows,fam:Windows,fam:Windows,maj:Windows_10,maj:Windows_10,maj:Windows_10,leaf:Windows_10,leaf:Windows_10,leaf:Windows_10
6536,fam:Windows,fam:Windows,fam:Windows,maj:Windows_10,maj:Windows_10,maj:Windows_10,leaf:Windows_10,leaf:Windows_10,leaf:Windows_10
6538,fam:Windows,fam:Windows,fam:Windows,maj:Windows_10,maj:Windows_10,maj:Windows_10,leaf:Windows_10,leaf:Windows_10,leaf:Windows_10
6540,fam:Windows,fam:Windows,fam:Windows,maj:Windows_10,maj:Windows_10,maj:Windows_10,leaf:Windows_10,leaf:Windows_10,leaf:Windows_10
6542,fam:Windows,fam:Windows,fam:Windows,maj:Windows_10,maj:Windows_10,maj:Windows_10,leaf:Windows_10,leaf:Windows_10,leaf:Windows_10
6543,fam:Windows,fam:Windows,fam:Windows,maj:Windows_10,maj:Windows_10,maj:Windows_10|maj:Windows_7,leaf:Windows_10,leaf:Windows_10,leaf:Windows_10|leaf:Windows_7
6544,fam:Windows,fam:Windows,fam:Windows,maj:Windows_10,maj:Windows_8,maj:Windows_8,leaf:Windows_10,leaf:Windows_8_1.0,leaf:Windows_8_1.0|leaf:Windows_8_OTHER
6546,fam:Windows,fam:Windows,fam:Windows,maj:Windows_10,maj:Windows_10,maj:Windows_10,leaf:Windows_10,leaf:Windows_10,leaf:Windows_10
6548,fam:Windows,fam:Windows,fam:Windows,maj:Windows_10,maj:Windows_10,maj:Windows_10,leaf:Windows_10,leaf:Windows_10,leaf:Windows_10
6550,fam:Windows,fam:Windows,fam:Windows,maj:Windows_10,maj:Windows_10,maj:Windows_10,leaf:Windows_10,leaf:Windows_10,leaf:Windows_10
6552,fam:Windows,fam:Windows,fam:Windows,maj:Windows_10,maj:Windows_10,maj:Windows_10,leaf:Windows_10,leaf:Windows_10,leaf:Windows_10
6553,fam:Windows,fam:Windows,,maj:Windows_10,maj:Windows_10,maj:Windows_10,leaf:Windows_10,leaf:Android_8_0.0,leaf:Android_8_0.0|leaf:Android_9
6554,fam:Windows,fam:Windows,fam:Windows,maj:Windows_10,maj:Windows_10,maj:Windows_10,leaf:Windows_10,leaf:Windows_10,leaf:Windows_10
6556,fam:Windows,fam:Windows,fam:Windows,maj:Windows_10,maj:Windows_10,maj:Windows_10,leaf:Windows_10,leaf:Windows_10,leaf:Windows_10|leaf:Windows_7
6557,fam:Windows,fam:Windows,fam:Windows,maj:Windows_10,maj:Windows_10,maj:Windows_10,leaf:Windows_10,leaf:Windows_10,leaf:Windows_10
6560,fam:Windows,fam:Windows,fam:Windows,maj:Windows_10,maj:Windows_10,maj:Windows_10,leaf:Windows_10,leaf:Windows_10,leaf:Windows_10
6564,fam:Windows,fam:Windows,fam:Windows,maj:Windows_10,maj:Windows_10,maj:Windows_10,leaf:Windows_10,leaf:Windows_10,leaf:Windows_10
6565,fam:Windows,fam:Windows,fam:Windows,maj:Windows_10,maj:Windows_10,maj:Windows_10,leaf:Windows_10,leaf:Windows_10,leaf:Windows_10
6566,fam:Windows,fam:Windows,fam:Windows,maj:Windows_10,maj:Windows_10,maj:Windows_10,leaf:Windows_10,leaf:Windows_10,leaf:Windows_10
6568,fam:Windows,fam:Windows,fam:Windows,maj:Windows_10,maj:Windows_10,maj:Windows_10,leaf:Windows_10,leaf:Windows_10,leaf:Windows_10
6570,fam:Windows,fam:Windows,fam:Windows,maj:Windows_10,maj:Windows_10,maj:Windows_10,leaf:Windows_10,leaf:Windows_10,leaf:Windows_10
6571,fam:Windows,fam:Windows,fam:Windows,maj:Windows_10,maj:Windows_10,maj:Windows_10,leaf:Windows_10,leaf:Windows_10,leaf:Windows_10|leaf:Windows_Vista
6572,fam:Windows,fam:Windows,fam:Windows,maj:Windows_10,maj:Windows_10,maj:Windows_10,leaf:Windows_10,leaf:Windows_10,leaf:Windows_10
6573,fam:Windows,fam:Windows,fam:Windows,maj:Windows_10,maj:Windows_10,maj:Windows_10,leaf:Windows_10,leaf:Windows_10,leaf:Windows_10
6574,fam:Windows,fam:Windows,fam:Windows,maj:Windows_10,maj:Windows_10,maj:Windows_10,leaf:Windows_10,leaf:Windows_10,leaf:Windows_10
6575,fam:Windows,fam:Windows,fam:Windows,maj:Windows_10,maj:Windows_10,maj:Windows_10,leaf:Windows_10,leaf:Windows_10,leaf:Windows_10
6577,fam:Windows,fam:Windows,fam:Windows,maj:Windows_10,maj:Windows_10,maj:Windows_10,leaf:Windows_10,leaf:Windows_10,leaf:Windows_10
6582,fam:Windows,fam:Windows,fam:Windows,maj:Windows_10,maj:Windows_10,maj:Windows_10,leaf:Windows_10,leaf:Windows_10,leaf:Windows_10
6584,fam:Windows,fam:iOS,fam:iOS,maj:Windows_10,maj:iOS_10,maj:iOS_10,leaf:Windows_10,leaf:iOS_10_3.0,leaf:iOS_10_3.0
6586,fam:Windows,fam:Windows,fam:Windows,maj:Windows_10,maj:Windows_10,maj:Windows_10,leaf:Windows_10,leaf:Windows_10,leaf:Windows_10
6588,fam:Windows,fam:Windows,fam:Windows,maj:Windows_10,maj:Windows_10,maj:Windows_10,leaf:Windows_10,leaf:Windows_10,leaf:Windows_10
6591,fam:Windows,fam:Windows,fam:Windows,maj:Windows_10,maj:Windows_10,maj:Windows_10,leaf:Windows_10,leaf:Windows_10,leaf:Windows_10
6592,fam:Windows,fam:Windows,fam:Windows,maj:Windows_10,maj:Windows_10,maj:Windows_10,leaf:Windows_10,leaf:Windows_10,leaf:Windows_10
6594,fam:Windows,fam:Windows,fam:Windows,maj:Windows_10,maj:Windows_10,maj:Windows_10,leaf:Windows_10,leaf:Windows_10,leaf:Windows_10
6595,fam:Windows,fam:Windows,fam:Windows,maj:Windows_10,maj:Windows_10,maj:Windows_10,leaf:Windows_10,leaf:Windows_10,leaf:Linux_OTHER|leaf:Windows_10|leaf:macOS_10_13.0
6596,fam:Windows,fam:Windows,fam:Windows,maj:Windows_10,maj:Windows_10,maj:Windows_10,leaf:Windows_10,leaf:Windows_10,leaf:Windows_10
6598,fam:Windows,fam:Windows,fam:Windows,maj:Windows_10,maj:Windows_10,maj:Windows_10,leaf:Windows_10,leaf:Windows_8_1.0,leaf:Windows_10|leaf:Windows_7|leaf:Windows_8_1.0
6600,fam:Windows,fam:Windows,fam:Windows,maj:Windows_10,maj:Windows_10,maj:Windows_10,leaf:Windows_10,leaf:Windows_10,leaf:Windows_10
6603,fam:Windows,fam:Windows,fam:Windows,maj:Windows_10,maj:Windows_10,maj:Windows_10,leaf:Windows_10,leaf:Windows_10,leaf:Windows_10
6605,fam:Windows,fam:Windows,fam:Windows,maj:Windows_10,maj:Windows_10,maj:Windows_10,leaf:Windows_10,leaf:Windows_10,leaf:Windows_10
6606,fam:Windows,fam:Windows,fam:Windows,maj:Windows_10,maj:Windows_10,maj:Windows_10,leaf:Windows_10,leaf:Windows_10,leaf:Windows_10
6607,fam:Windows,fam:Android,,maj:Windows_10,maj:Android_4,maj:Android_4,leaf:Windows_10,leaf:Android_4_4.0,leaf:Android_4_4.0
6610,fam:Windows,fam:Windows,fam:Windows,maj:Windows_10,maj:Windows_10,maj:Windows_10,leaf:Windows_10,leaf:Windows_10,leaf:Windows_10
6611,fam:Windows,fam:Windows,fam:Windows,maj:Windows_10,maj:Windows_10,maj:Windows_10,leaf:Windows_10,leaf:Windows_10,leaf:Android_6_0.0|leaf:Windows_10
6612,fam:Windows,fam:Windows,fam:Windows,maj:Windows_10,maj:Windows_10,maj:Windows_10,leaf:Windows_10,leaf:Windows_10,leaf:Windows_10
6613,fam:Windows,fam:Windows,fam:Windows,maj:Windows_10,maj:Windows_10,maj:Windows_10,leaf:Windows_10,leaf:Windows_10,leaf:Windows_10
6616,fam:Windows,fam:Windows,fam:Windows,maj:Windows_10,maj:Windows_10,maj:Windows_10,leaf:Windows_10,leaf:Windows_10,leaf:Windows_10
6617,fam:Windows,fam:Windows,,maj:Windows_10,maj:Android_8,maj:Android_8|maj:Windows_10,leaf:Windows_10,leaf:Android_8_0.0,leaf:Android_8_0.0|leaf:Android_9
6620,fam:Windows,fam:Windows,fam:Windows,maj:Windows_10,maj:Windows_10,maj:Windows_10,leaf:Windows_10,leaf:Windows_10,leaf:Windows_10
6621,fam:Windows,fam:Windows,fam:Windows,maj:Windows_10,maj:Windows_10,maj:Windows_10,leaf:Windows_10,leaf:Windows_10,leaf:Windows_10
6623,fam:Windows,fam:Windows,,maj:Windows_10,maj:Windows_10,maj:Windows_10,leaf:Windows_10,leaf:Windows_10,leaf:Windows_10|leaf:Windows_8_1.0|leaf:Windows_8_OTHER
6625,fam:Windows,fam:Windows,fam:Windows,maj:Windows_10,maj:Windows_10,maj:Windows_10,leaf:Windows_10,leaf:Windows_10,leaf:Windows_10
6632,fam:Windows,fam:Windows,fam:Windows,maj:Windows_10,maj:Windows_10,maj:Windows_10,leaf:Windows_10,leaf:Windows_10,leaf:Windows_10
6635,fam:Windows,fam:Windows,fam:Windows,maj:Windows_10,maj:Windows_10,maj:Windows_10,leaf:Windows_10,leaf:Windows_10,leaf:Windows_10
6636,fam:Windows,fam:Windows,fam:Windows,maj:Windows_10,maj:Windows_7,maj:Windows_10|maj:Windows_7,leaf:Windows_10,leaf:Windows_10,leaf:Windows_10
6641,fam:Windows,fam:Windows,fam:Windows,maj:Windows_10,maj:Windows_10,maj:Windows_10,leaf:Windows_10,leaf:Windows_10,leaf:Windows_10
6642,fam:Windows,fam:Windows,fam:Windows,maj:Windows_10,maj:Windows_10,maj:Windows_10,leaf:Windows_10,leaf:Windows_10,leaf:Windows_10
6645,fam:Windows,fam:Windows,fam:Windows,maj:Windows_10,maj:Windows_10,maj:Windows_10,leaf:Windows_10,leaf:Windows_10,leaf:Windows_10
6646,fam:Windows,fam:Windows,fam:Windows,maj:Windows_10,maj:Windows_10,maj:Windows_10,leaf:Windows_10,leaf:Windows_10,leaf:Windows_10
6648,fam:Windows,fam:Windows,fam:Windows,maj:Windows_10,maj:Windows_10,maj:Windows_10,leaf:Windows_10,leaf:Windows_10,leaf:Windows_10
6649,fam:Windows,fam:Windows,fam:Windows,maj:Windows_10,maj:Windows_10,maj:Windows_10,leaf:Windows_10,leaf:Windows_10,leaf:Windows_10|leaf:Windows_7
6652,fam:Windows,fam:Windows,fam:Windows,maj:Windows_10,maj:Windows_10,maj:Windows_10,leaf:Windows_10,leaf:Windows_10,leaf:Windows_10
6654,fam:Windows,fam:Windows,fam:Windows,maj:Windows_10,maj:Windows_10,maj:Windows_10,leaf:Windows_10,leaf:Windows_10,leaf:Windows_10
6656,fam:Windows,fam:Windows,fam:Windows,maj:Windows_10,maj:Windows_10,maj:Windows_10,leaf:Windows_10,leaf:Windows_10,leaf:Windows_10
6658,fam:Windows,fam:Windows,fam:Windows,maj:Windows_10,maj:Windows_10,maj:Windows_10,leaf:Windows_10,leaf:Windows_10,leaf:Windows_10
6660,fam:Windows,fam:Windows,fam:Windows,maj:Windows_10,maj:Windows_10,maj:Windows_10,leaf:Windows_10,leaf:Windows_10,leaf:Windows_10
6661,fam:Windows,fam:Windows,,maj:Windows_10,maj:Windows_10,maj:Windows_10|maj:Windows_7,leaf:Windows_10,leaf:Linux_OTHER,leaf:Linux_OTHER|leaf:Windows_10
6663,fam:Windows,fam:Windows,fam:Windows,maj:Windows_10,maj:Windows_10,maj:Windows_10,leaf:Windows_10,leaf:Windows_10,leaf:Windows_10
6664,fam:Windows,fam:Windows,fam:Windows,maj:Windows_10,maj:Windows_10,maj:Windows_10,leaf:Windows_10,leaf:Windows_10,leaf:Windows_10
6665,fam:Windows,fam:Windows,fam:Windows,maj:Windows_10,maj:Windows_10,maj:Windows_10,leaf:Windows_10,leaf:Windows_10,leaf:Windows_10
6666,fam:Windows,fam:Windows,fam:Windows,maj:Windows_10,maj:Windows_10,maj:Windows_10,leaf:Windows_10,leaf:Windows_10,leaf:Windows_10|leaf:Windows_8_OTHER
6667,fam:Windows,fam:Windows,fam:Windows,maj:Windows_10,maj:Windows_10,maj:Windows_10,leaf:Windows_10,leaf:Windows_10,leaf:Windows_10
6668,fam:Windows,fam:Windows,fam:Windows,maj:Windows_10,maj:Windows_10,maj:Windows_10,leaf:Windows_10,leaf:Windows_10,leaf:Windows_10
6670,fam:Windows,fam:Windows,fam:Windows,maj:Windows_10,maj:Windows_10,maj:Windows_10,leaf:Windows_10,leaf:Windows_10,leaf:Windows_10
6671,fam:Windows,fam:Windows,fam:Windows,maj:Windows_10,maj:Windows_10,maj:Windows_10,leaf:Windows_10,leaf:Windows_10,leaf:Windows_10
6672,fam:Windows,fam:Windows,fam:Windows,maj:Windows_10,maj:Windows_10,maj:Windows_10,leaf:Windows_10,leaf:Windows_10,leaf:Windows_10
6673,fam:Windows,fam:Windows,fam:Windows,maj:Windows_10,maj:Windows_10,maj:Windows_10,leaf:Windows_10,leaf:Windows_10,leaf:Windows_10
6674,fam:Windows,fam:Windows,fam:Windows,maj:Windows_10,maj:Windows_10,maj:Windows_10,leaf:Windows_10,leaf:Windows_10,leaf:Windows_10
6677,fam:Windows,fam:Windows,fam:Windows,maj:Windows_10,maj:Windows_10,maj:Windows_10,leaf:Windows_10,leaf:Windows_10,leaf:Windows_10
6679,fam:Windows,fam:Windows,fam:Windows,maj:Windows_10,maj:Windows_10,maj:Windows_10,leaf:Windows_10,leaf:Windows_10,leaf:Windows_10
6682,fam:Windows,fam:Windows,fam:Windows,maj:Windows_10,maj:Windows_10,maj:Windows_10,leaf:Windows_10,leaf:Windows_10,leaf:Windows_10
6683,fam:Windows,fam:Windows,fam:Windows,maj:Windows_10,maj:Windows_10,maj:Windows_10,leaf:Windows_10,leaf:Windows_10,leaf:Windows_10
6684,fam:Windows,fam:Windows,fam:Windows,maj:Windows_10,maj:Windows_10,maj:Windows_10,leaf:Windows_10,leaf:Windows_10,leaf:Windows_10
6686,fam:Windows,fam:Windows,fam:Windows,maj:Windows_10,maj:Windows_10,maj:Windows_10,leaf:Windows_10,leaf:Windows_10,leaf:Windows_10
6689,fam:Windows,fam:Windows,fam:Windows,maj:Windows_10,maj:Windows_10,maj:Windows_10,leaf:Windows_10,leaf:Windows_10,leaf:Windows_10
6692,fam:Windows,fam:Windows,fam:Windows,maj:Windows_10,maj:Windows_10,maj:Windows_10,leaf:Windows_10,leaf:Windows_10,leaf:Windows_10
6693,fam:Windows,fam:Windows,fam:Windows,maj:Windows_10,maj:Windows_10,maj:Windows_10,leaf:Windows_10,leaf:Windows_10,leaf:Windows_10
6694,fam:Windows,fam:Windows,fam:Windows,maj:Windows_10,maj:Windows_10,maj:Windows_10,leaf:Windows_10,leaf:Windows_10,leaf:Windows_10
6695,fam:Windows,fam:Windows,fam:Windows,maj:Windows_10,maj:Windows_10,maj:Windows_10,leaf:Windows_10,leaf:Windows_10,leaf:Windows_10
6696,fam:Windows,fam:Windows,fam:Windows,maj:Windows_10,maj:Windows_10,maj:Windows_10,leaf:Windows_10,leaf:Windows_10,leaf:Windows_10
6701,fam:Windows,fam:Windows,fam:Windows,maj:Windows_10,maj:Windows_10,maj:Windows_10,leaf:Windows_10,leaf:Windows_10,leaf:Windows_10
6704,fam:Windows,fam:Windows,fam:Windows,maj:Windows_10,maj:Windows_10,maj:Windows_10,leaf:Windows_10,leaf:Windows_10,leaf:Windows_10
6705,fam:Windows,fam:Windows,fam:Windows,maj:Windows_10,maj:Windows_10,maj:Windows_10,leaf:Windows_10,leaf:Windows_10,leaf:Windows_10
6708,fam:Windows,fam:Windows,fam:Windows,maj:Windows_10,maj:Windows_10,maj:Windows_10,leaf:Windows_10,leaf:Windows_10,leaf:Windows_10
6709,fam:Windows,fam:Windows,fam:Windows,maj:Windows_10,maj:Windows_10,maj:Windows_10,leaf:Windows_10,leaf:Windows_10,leaf:Windows_10
6710,fam:Windows,fam:Windows,fam:Windows,maj:Windows_10,maj:Windows_10,maj:Windows_10,leaf:Windows_10,leaf:Windows_10,leaf:Windows_10
6711,fam:Windows,fam:Windows,fam:Windows,maj:Windows_10,maj:Windows_10,maj:Windows_10,leaf:Windows_10,leaf:Windows_10,leaf:Windows_10
6712,fam:Windows,fam:Windows,fam:Windows,maj:Windows_10,maj:Windows_10,maj:Windows_10,leaf:Windows_10,leaf:Windows_10,leaf:Windows_10
6714,fam:Windows,fam:Windows,fam:Windows,maj:Windows_10,maj:Windows_10,maj:Windows_10,leaf:Windows_10,leaf:Windows_10,leaf:Windows_10
6719,fam:Windows,fam:Windows,fam:Windows,maj:Windows_10,maj:Windows_10,maj:Windows_10,leaf:Windows_10,leaf:Windows_10,leaf:Windows_10
6720,fam:Windows,fam:Windows,fam:Windows,maj:Windows_10,maj:Windows_10,maj:Windows_10,leaf:Windows_10,leaf:Windows_10,leaf:Windows_10
6722,fam:Windows,fam:Windows,fam:Windows,maj:Windows_10,maj:Windows_10,maj:Windows_10,leaf:Windows_10,leaf:Windows_10,leaf:Windows_10
6728,fam:Windows,fam:Windows,fam:Windows,maj:Windows_10,maj:Windows_10,maj:Windows_10,leaf:Windows_10,leaf:Windows_10,leaf:Windows_10
6730,fam:Windows,fam:Windows,fam:Windows,maj:Windows_10,maj:Windows_10,maj:Windows_10,leaf:Windows_10,leaf:Windows_10,leaf:Windows_10
6733,fam:Windows,fam:Windows,fam:Windows,maj:Windows_10,maj:Windows_10,maj:Windows_10,leaf:Windows_10,leaf:Windows_10,leaf:Windows_10
6735,fam:Windows,fam:Windows,fam:Windows,maj:Windows_10,maj:Windows_10,maj:Windows_10,leaf:Windows_10,leaf:Windows_10,leaf:Windows_10
6737,fam:Windows,fam:Windows,fam:Windows,maj:Windows_10,maj:Windows_7,maj:Windows_10|maj:Windows_7,leaf:Windows_10,leaf:Windows_10,leaf:Windows_10
6739,fam:Windows,fam:Windows,fam:Windows,maj:Windows_10,maj:Windows_10,maj:Windows_10,leaf:Windows_10,leaf:Windows_10,leaf:Windows_10
6740,fam:Windows,fam:Windows,fam:Windows,maj:Windows_10,maj:Windows_10,maj:Windows_10,leaf:Windows_10,leaf:Windows_10,leaf:Windows_10
6741,fam:Windows,fam:Windows,fam:Windows,maj:Windows_10,maj:Windows_10,maj:Windows_10,leaf:Windows_10,leaf:Windows_10,leaf:Windows_10
6745,fam:Windows,fam:Windows,fam:Windows,maj:Windows_10,maj:Windows_10,maj:Windows_10,leaf:Windows_10,leaf:Windows_10,leaf:Windows_10
6746,fam:Windows,fam:Windows,fam:Windows,maj:Windows_10,maj:Windows_10,maj:Windows_10,leaf:Windows_10,leaf:Windows_10,leaf:Windows_10
6748,fam:Windows,fam:Windows,fam:Windows,maj:Windows_10,maj:Windows_10,maj:Windows_10,leaf:Windows_10,leaf:Windows_8_1.0,leaf:Windows_10|leaf:Windows_8_1.0
6749,fam:Windows,fam:Windows,fam:Windows,maj:Windows_10,maj:Windows_10,maj:Windows_10,leaf:Windows_10,leaf:Windows_10,leaf:Windows_10
6750,fam:Windows,fam:Windows,fam:Windows,maj:Windows_10,maj:Windows_10,maj:Windows_10,leaf:Windows_10,leaf:Windows_10,leaf:Windows_10
6753,fam:Windows,fam:Windows,fam:Windows,maj:Windows_10,maj:Windows_10,maj:Windows_10,leaf:Windows_10,leaf:Windows_10,leaf:Windows_10
6756,fam:Windows,fam:Windows,fam:Windows,maj:Windows_10,maj:Windows_10,maj:Windows_10,leaf:Windows_10,leaf:Windows_10,leaf:Windows_10
6757,fam:Windows,fam:Windows,fam:Windows,maj:Windows_10,maj:Windows_10,maj:Windows_10,leaf:Windows_10,leaf:Windows_10,leaf:Windows_10
6762,fam:Windows,fam:Windows,fam:Windows,maj:Windows_10,maj:Windows_10,maj:Windows_10|maj:Windows_7,leaf:Windows_10,leaf:Windows_10,leaf:Windows_10|leaf:Windows_7
6763,fam:Windows,fam:Windows,fam:Windows,maj:Windows_10,maj:Windows_10,maj:Windows_10,leaf:Windows_10,leaf:Windows_10,leaf:Windows_10
6768,fam:Windows,fam:Windows,fam:Windows,maj:Windows_10,maj:Windows_10,maj:Windows_10,leaf:Windows_10,leaf:Windows_10,leaf:Windows_10
6771,fam:Windows,fam:Windows,fam:Windows,maj:Windows_10,maj:Windows_10,maj:Windows_10,leaf:Windows_10,leaf:Windows_10,leaf:Windows_10
6773,fam:Windows,fam:Windows,fam:Windows,maj:Windows_10,maj:Windows_10,maj:Windows_10,leaf:Windows_10,leaf:Windows_10,leaf:Windows_10
6776,fam:Windows,fam:Windows,fam:Windows,maj:Windows_10,maj:Windows_10,maj:Windows_10,leaf:Windows_10,leaf:Windows_10,leaf:Windows_10
6777,fam:Windows,fam:Windows,fam:Windows,maj:Windows_10,maj:Windows_10,maj:Windows_10,leaf:Windows_10,leaf:Windows_10,leaf:Windows_10
6778,fam:Windows,fam:Windows,fam:Windows,maj:Windows_10,maj:Windows_8,maj:Windows_10|maj:Windows_8,leaf:Windows_10,leaf:Windows_8_OTHER,leaf:Windows_10|leaf:Windows_8_OTHER
6781,fam:Windows,fam:Windows,fam:Windows,maj:Windows_10,maj:Windows_10,maj:Windows_10,leaf:Windows_10,leaf:Windows_10,leaf:Windows_10
6782,fam:Windows,fam:Windows,fam:Windows,maj:Windows_10,maj:Windows_10,maj:Windows_10,leaf:Windows_10,leaf:Windows_10,leaf:Windows_10
6786,fam:Windows,fam:Windows,,maj:Windows_10,maj:Windows_7,maj:Linux_Ubuntu|maj:Windows_7,leaf:Windows_10,leaf:Linux_OTHER,leaf:Linux_OTHER|leaf:Windows_10|leaf:Windows_7
6787,fam:Windows,fam:Windows,fam:Windows,maj:Windows_10,maj:Windows_10,maj:Windows_10,leaf:Windows_10,leaf:Windows_10,leaf:Windows_10
6793,fam:Windows,fam:Windows,fam:Windows,maj:Windows_10,maj:Windows_10,maj:Windows_10,leaf:Windows_10,leaf:Windows_10,leaf:Windows_10
6794,fam:Windows,fam:Windows,fam:Windows,maj:Windows_10,maj:Windows_10,maj:Windows_10,leaf:Windows_10,leaf:Windows_10,leaf:Windows_10
6798,fam:Windows,fam:Windows,fam:Windows,maj:Windows_10,maj:Windows_10,maj:Windows_10,leaf:Windows_10,leaf:Windows_10,leaf:Windows_10
6801,fam:Windows,fam:Windows,fam:Windows,maj:Windows_10,maj:Windows_10,maj:Windows_10,leaf:Windows_10,leaf:Windows_10,leaf:Windows_10
6803,fam:Windows,fam:Windows,fam:Windows,maj:Windows_10,maj:Windows_10,maj:Windows_10,leaf:Windows_10,leaf:Windows_10,leaf:Windows_10
6804,fam:Windows,fam:Windows,,maj:Windows_10,maj:Windows_10,maj:Linux_OTHER|maj:Windows_10,leaf:Windows_10,leaf:Linux_OTHER,leaf:Linux_OTHER
6806,fam:Windows,fam:Windows,fam:Windows,maj:Windows_10,maj:Windows_10,maj:Windows_10,leaf:Windows_10,leaf:Windows_10,leaf:Windows_10
6808,fam:Windows,fam:Windows,fam:Windows,maj:Windows_10,maj:Windows_10,maj:Windows_10,leaf:Windows_10,leaf:Windows_10,leaf:Windows_10
6809,fam:Windows,fam:Windows,fam:Windows,maj:Windows_10,maj:Windows_10,maj:Windows_10,leaf:Windows_10,leaf:Windows_10,leaf:Windows_10
6810,fam:Windows,fam:Windows,fam:Windows,maj:Windows_10,maj:Windows_10,maj:Windows_10,leaf:Windows_10,leaf:Windows_10,leaf:Windows_10
6812,fam:Windows,fam:Windows,fam:Windows,maj:Windows_10,maj:Windows_10,maj:Windows_10,leaf:Windows_10,leaf:Windows_10,leaf:Windows_10
6813,fam:Windows,fam:Windows,fam:Windows,maj:Windows_10,maj:Windows_10,maj:Windows_10,leaf:Windows_10,leaf:Windows_10,leaf:Windows_10
6819,fam:Windows,fam:Windows,fam:Windows,maj:Windows_10,maj:Windows_10,maj:Windows_10,leaf:Windows_10,leaf:Windows_10,leaf:Windows_10
6822,fam:Windows,fam:Windows,fam:Windows,maj:Windows_10,maj:Windows_10,maj:Windows_10,leaf:Windows_10,leaf:Windows_10,leaf:Windows_10
6823,fam:Windows,fam:Windows,fam:Windows,maj:Windows_10,maj:Windows_10,maj:Windows_10,leaf:Windows_10,leaf:Windows_10,leaf:Windows_10
6825,fam:Windows,fam:Windows,fam:Windows,maj:Windows_10,maj:Windows_10,maj:Windows_10,leaf:Windows_10,leaf:Windows_10,leaf:Windows_10
6827,fam:Windows,fam:Windows,fam:Windows,maj:Windows_10,maj:Windows_10,maj:Windows_10,leaf:Windows_10,leaf:Windows_10,leaf:Windows_10
6833,fam:Windows,fam:Windows,fam:Windows,maj:Windows_10,maj:Windows_10,maj:Windows_10,leaf:Windows_10,leaf:Windows_10,leaf:Windows_10
6834,fam:Windows,fam:Windows,fam:Windows,maj:Windows_10,maj:Windows_10,maj:Windows_10,leaf:Windows_10,leaf:Windows_10,leaf:Windows_10
6835,fam:Windows,fam:Windows,fam:Windows,maj:Windows_10,maj:Windows_10,maj:Windows_10,leaf:Windows_10,leaf:Windows_10,leaf:Windows_10
6836,fam:Windows,fam:Windows,fam:Windows,maj:Windows_10,maj:Windows_10,maj:Windows_10,leaf:Windows_10,leaf:Windows_10,leaf:Windows_10
6841,fam:Windows,fam:Windows,fam:Windows,maj:Windows_10,maj:Windows_10,maj:Windows_10,leaf:Windows_10,leaf:Windows_10,leaf:Windows_10
6842,fam:Windows,fam:Windows,fam:Windows,maj:Windows_10,maj:Windows_10,maj:Windows_10,leaf:Windows_10,leaf:Windows_10,leaf:Windows_10
6843,fam:Windows,fam:Windows,fam:Windows,maj:Windows_10,maj:Windows_10,maj:Windows_10,leaf:Windows_10,leaf:Windows_10,leaf:Windows_10
6846,fam:Windows,fam:Windows,fam:Windows,maj:Windows_10,maj:Windows_10,maj:Windows_10,leaf:Windows_10,leaf:Windows_10,leaf:Windows_10
6848,fam:Windows,fam:Windows,fam:Windows,maj:Windows_10,maj:Windows_10,maj:Windows_10,leaf:Windows_10,leaf:Windows_10,leaf:Windows_10
6849,fam:Windows,fam:Windows,fam:Windows,maj:Windows_10,maj:Windows_10,maj:Windows_10,leaf:Windows_10,leaf:Windows_10,leaf:Windows_10
6850,fam:Windows,fam:Windows,fam:Windows,maj:Windows_10,maj:Windows_10,maj:Windows_10,leaf:Windows_10,leaf:Windows_10,leaf:Windows_10
6858,fam:Windows,fam:Windows,fam:Windows,maj:Windows_10,maj:Windows_10,maj:Windows_10,leaf:Windows_10,leaf:Windows_10,leaf:Windows_10
6859,fam:Windows,fam:Windows,fam:Windows,maj:Windows_10,maj:Windows_8,maj:Windows_8,leaf:Windows_10,leaf:Windows_8_1.0,leaf:Windows_10|leaf:Windows_8_1.0
6861,fam:Windows,fam:Windows,fam:Windows,maj:Windows_10,maj:Windows_10,maj:Windows_10,leaf:Windows_10,leaf:Windows_10,leaf:Windows_10
6867,fam:Windows,fam:Windows,fam:Windows,maj:Windows_10,maj:Windows_10,maj:Windows_10,leaf:Windows_10,leaf:Windows_10,leaf:Windows_10
6869,fam:Windows,fam:Windows,fam:Windows,maj:Windows_10,maj:Windows_10,maj:Windows_10,leaf:Windows_10,leaf:Windows_10,leaf:Windows_10
6870,fam:Windows,fam:Android,,maj:Windows_10,maj:Android_9,maj:Android_8|maj:Android_9,leaf:Windows_10,leaf:Android_8_0.0,leaf:Android_8_0.0|leaf:Android_9
6880,fam:Windows,fam:Windows,fam:Windows,maj:Windows_10,maj:Windows_10,maj:Windows_10,leaf:Windows_10,leaf:Windows_10,leaf:Windows_10
6881,fam:Windows,fam:Windows,fam:Windows,maj:Windows_10,maj:Windows_10,maj:Windows_10|maj:Windows_7,leaf:Windows_10,leaf:Windows_10,leaf:Windows_10|leaf:Windows_7
6882,fam:Windows,fam:Windows,fam:Windows,maj:Windows_10,maj:Windows_10,maj:Windows_10,leaf:Windows_10,leaf:Windows_10,leaf:Windows_10
6884,fam:Windows,fam:Windows,fam:Windows,maj:Windows_10,maj:Windows_10,maj:Windows_10,leaf:Windows_10,leaf:Windows_10,leaf:Windows_10
6886,fam:Windows,fam:Windows,fam:Windows,maj:Windows_10,maj:Windows_10,maj:Windows_10,leaf:Windows_10,leaf:Windows_10,leaf:Windows_10
6887,fam:Windows,fam:Windows,fam:Windows,maj:Windows_10,maj:Windows_10,maj:Windows_10,leaf:Windows_10,leaf:Windows_10,leaf:Windows_10
6888,fam:Windows,fam:Windows,fam:Windows,maj:Windows_10,maj:Windows_10,maj:Windows_10,leaf:Windows_10,leaf:Windows_10,leaf:Windows_10
6890,fam:Windows,fam:Windows,fam:Windows,maj:Windows_10,maj:Windows_10,maj:Windows_10,leaf:Windows_10,leaf:Windows_10,leaf:Windows_10
6891,fam:Windows,fam:Windows,fam:Windows,maj:Windows_10,maj:Windows_10,maj:Windows_10,leaf:Windows_10,leaf:Windows_10,leaf:Windows_10
6892,fam:Windows,fam:Windows,fam:Windows,maj:Windows_10,maj:Windows_10,maj:Windows_10,leaf:Windows_10,leaf:Windows_8_1.0,leaf:Windows_8_1.0
6893,fam:Windows,fam:Windows,fam:Windows,maj:Windows_10,maj:Windows_10,maj:Windows_10,leaf:Windows_10,leaf:Windows_10,leaf:Windows_10
6894,fam:Windows,fam:Windows,fam:Windows,maj:Windows_10,maj:Windows_10,maj:Windows_10,leaf:Windows_10,leaf:Windows_10,leaf:Windows_10
6895,fam:Windows,fam:Windows,,maj:Windows_10,maj:Windows_10,maj:Linux_OTHER|maj:Windows_10,leaf:Windows_10,leaf:Linux_OTHER,leaf:Linux_OTHER
6896,fam:Windows,fam:Windows,fam:Windows,maj:Windows_10,maj:Windows_10,maj:Windows_10,leaf:Windows_10,leaf:Windows_10,leaf:Windows_10
6897,fam:Windows,fam:Windows,fam:Windows,maj:Windows_10,maj:Windows_10,maj:Windows_10,leaf:Windows_10,leaf:Windows_10,leaf:Windows_10
6898,fam:Windows,fam:Windows,fam:Windows,maj:Windows_10,maj:Windows_10,maj:Windows_10,leaf:Windows_10,leaf:Windows_10,leaf:Windows_10
6901,fam:Windows,fam:Windows,fam:Windows,maj:Windows_10,maj:Windows_10,maj:Windows_10,leaf:Windows_10,leaf:Windows_10,leaf:Windows_10
6904,fam:Windows,fam:Windows,fam:Windows,maj:Windows_10,maj:Windows_10,maj:Windows_10,leaf:Windows_10,leaf:Windows_10,leaf:Windows_10
6905,fam:Windows,fam:Windows,fam:Windows,maj:Windows_10,maj:Windows_10,maj:Windows_10,leaf:Windows_10,leaf:Windows_10,leaf:Windows_10
6906,fam:Windows,fam:Windows,fam:Windows,maj:Windows_10,maj:Windows_8,maj:Windows_8,leaf:Windows_10,leaf:Windows_8_OTHER,leaf:Windows_10|leaf:Windows_8_OTHER
6907,fam:Windows,fam:Windows,fam:Windows,maj:Windows_10,maj:Windows_10,maj:Windows_10,leaf:Windows_10,leaf:Windows_10,leaf:Windows_10
6909,fam:Windows,fam:Windows,fam:Windows,maj:Windows_10,maj:Windows_10,maj:Windows_10,leaf:Windows_10,leaf:Windows_10,leaf:Windows_10
6910,fam:Windows,fam:Windows,fam:Windows,maj:Windows_10,maj:Windows_10,maj:Windows_10,leaf:Windows_10,leaf:Windows_XP,leaf:Windows_XP
6911,fam:Windows,fam:Windows,fam:Windows,maj:Windows_10,maj:Windows_10,maj:Windows_10,leaf:Windows_10,leaf:Windows_10,leaf:Windows_10
6912,fam:Windows,fam:Windows,fam:Windows,maj:Windows_10,maj:Windows_10,maj:Windows_10,leaf:Windows_10,leaf:Windows_10,leaf:Windows_10
6913,fam:Windows,fam:Windows,fam:Windows,maj:Windows_10,maj:Windows_10,maj:Windows_10,leaf:Windows_10,leaf:Windows_10,leaf:Windows_10
6915,fam:Windows,fam:Windows,fam:Windows,maj:Windows_10,maj:Windows_10,maj:Windows_10,leaf:Windows_10,leaf:Windows_10,leaf:Windows_10
6916,fam:Windows,fam:Windows,fam:Windows,maj:Windows_10,maj:Windows_10,maj:Windows_10,leaf:Windows_10,leaf:Windows_10,leaf:Windows_10
6917,fam:Windows,fam:Windows,fam:Windows,maj:Windows_10,maj:Windows_10,maj:Windows_10,leaf:Windows_10,leaf:Windows_10,leaf:Windows_10
6921,fam:Windows,fam:Windows,fam:Windows,maj:Windows_10,maj:Windows_10,maj:Windows_10,leaf:Windows_10,leaf:Windows_10,leaf:Windows_10
6923,fam:Windows,fam:Windows,fam:Windows,maj:Windows_10,maj:Windows_10,maj:Windows_10,leaf:Windows_10,leaf:Windows_10,leaf:Windows_10
6924,fam:Windows,fam:Windows,fam:Windows,maj:Windows_10,maj:Windows_10,maj:Windows_10,leaf:Windows_10,leaf:Windows_10,leaf:Windows_10
6925,fam:Windows,fam:Windows,fam:Windows,maj:Windows_10,maj:Windows_10,maj:Windows_10,leaf:Windows_10,leaf:Windows_10,leaf:Windows_10
6926,fam:Windows,fam:Windows,fam:Windows,maj:Windows_10,maj:Windows_10,maj:Windows_10,leaf:Windows_10,leaf:Windows_10,leaf:Windows_10
6928,fam:Windows,fam:Windows,fam:Windows,maj:Windows_10,maj:Windows_10,maj:Windows_10,leaf:Windows_10,leaf:Windows_10,leaf:Windows_10
6931,fam:Windows,fam:Windows,fam:Windows,maj:Windows_10,maj:Windows_10,maj:Windows_10,leaf:Windows_10,leaf:Windows_10,leaf:Windows_10
6932,fam:Windows,fam:Windows,fam:Windows,maj:Windows_10,maj:Windows_10,maj:Windows_10,leaf:Windows_10,leaf:Windows_10,leaf:Windows_10
6934,fam:Windows,fam:Windows,fam:Windows,maj:Windows_10,maj:Windows_10,maj:Windows_10,leaf:Windows_10,leaf:Windows_10,leaf:Windows_10
6935,fam:Windows,fam:Windows,fam:Windows,maj:Windows_10,maj:Windows_10,maj:Windows_10,leaf:Windows_10,leaf:Windows_10,leaf:Windows_10
6936,fam:Windows,fam:Windows,fam:Windows,maj:Windows_10,maj:Windows_10,maj:Windows_10,leaf:Windows_10,leaf:Windows_10,leaf:Windows_10
6937,fam:Windows,fam:Windows,fam:Windows,maj:Windows_10,maj:Windows_10,maj:Windows_10,leaf:Windows_10,leaf:Windows_10,leaf:Windows_10
6938,fam:Windows,fam:Windows,fam:Windows,maj:Windows_10,maj:Windows_10,maj:Windows_10,leaf:Windows_10,leaf:Windows_10,leaf:Windows_10
6942,fam:Windows,fam:Windows,fam:Windows,maj:Windows_10,maj:Windows_10,maj:Windows_10,leaf:Windows_10,leaf:Windows_10,leaf:Windows_10
6944,fam:Windows,fam:Windows,fam:Windows,maj:Windows_10,maj:Windows_10,maj:Windows_10,leaf:Windows_10,leaf:Windows_10,leaf:Windows_10
6945,fam:Windows,fam:Windows,fam:Windows,maj:Windows_10,maj:Windows_10,maj:Windows_10,leaf:Windows_10,leaf:Windows_10,leaf:Windows_10
6946,fam:Windows,fam:Windows,fam:Windows,maj:Windows_10,maj:Windows_10,maj:Windows_10,leaf:Windows_10,leaf:Windows_10,leaf:Windows_10
6951,fam:Windows,fam:Windows,fam:Windows,maj:Windows_10,maj:Windows_10,maj:Windows_10,leaf:Windows_10,leaf:Windows_10,leaf:Windows_10
6955,fam:Windows,fam:Windows,fam:Windows,maj:Windows_10,maj:Windows_8,maj:Windows_8,leaf:Windows_10,leaf:Windows_7,leaf:Windows_7|leaf:Windows_8_1.0
6957,fam:Windows,fam:Windows,fam:Windows,maj:Windows_10,maj:Windows_10,maj:Windows_10,leaf:Windows_10,leaf:Windows_10,leaf:Windows_10
6958,fam:Windows,fam:Windows,fam:Windows,maj:Windows_10,maj:Windows_10,maj:Windows_10,leaf:Windows_10,leaf:Windows_10,leaf:Windows_10
6961,fam:Windows,fam:Windows,fam:Windows,maj:Windows_10,maj:Windows_8,maj:Windows_10|maj:Windows_8,leaf:Windows_10,leaf:Windows_8_OTHER,leaf:Windows_10|leaf:Windows_8_OTHER
6963,fam:Windows,fam:Windows,fam:Windows,maj:Windows_10,maj:Windows_10,maj:Windows_10,leaf:Windows_10,leaf:Windows_10,leaf:Windows_10
6968,fam:Windows,fam:Windows,fam:Windows,maj:Windows_10,maj:Windows_10,maj:Windows_10,leaf:Windows_10,leaf:Windows_10,leaf:Windows_10
6969,fam:Windows,fam:Windows,fam:Windows,maj:Windows_10,maj:Windows_10,maj:Windows_10,leaf:Windows_10,leaf:Windows_10,leaf:Windows_10
6972,fam:Windows,fam:Windows,fam:Windows,maj:Windows_10,maj:Windows_10,maj:Windows_10,leaf:Windows_10,leaf:Windows_10,leaf:Windows_10
6973,fam:Windows,fam:Windows,fam:Windows,maj:Windows_10,maj:Windows_10,maj:Windows_10,leaf:Windows_10,leaf:Windows_10,leaf:Windows_10
6976,fam:Windows,fam:Windows,fam:Windows,maj:Windows_10,maj:Windows_7,maj:Windows_10|maj:Windows_7,leaf:Windows_10,leaf:Windows_10,leaf:Windows_10
6977,fam:Windows,fam:Windows,fam:Windows,maj:Windows_10,maj:Windows_7,maj:Windows_7,leaf:Windows_10,leaf:Windows_7,leaf:Windows_7
6978,fam:Windows,fam:Windows,fam:Windows,maj:Windows_10,maj:Windows_10,maj:Windows_10,leaf:Windows_10,leaf:Windows_10,leaf:Windows_10
6979,fam:Windows,fam:Windows,fam:Windows,maj:Windows_10,maj:Windows_10,maj:Windows_10,leaf:Windows_10,leaf:Windows_10,leaf:Windows_10
6982,fam:Windows,fam:Windows,fam:Windows,maj:Windows_10,maj:Windows_10,maj:Windows_10,leaf:Windows_10,leaf:Windows_10,leaf:Windows_10
6984,fam:Windows,fam:Windows,fam:Windows,maj:Windows_10,maj:Windows_10,maj:Windows_10,leaf:Windows_10,leaf:Windows_10,leaf:Windows_10
6985,fam:Windows,fam:Windows,fam:Windows,maj:Windows_10,maj:Windows_10,maj:Windows_10,leaf:Windows_10,leaf:Windows_10,leaf:Windows_10
6988,fam:Windows,fam:Windows,fam:Windows,maj:Windows_10,maj:Windows_10,maj:Windows_10,leaf:Windows_10,leaf:Windows_10,leaf:Windows_10
6990,fam:Windows,fam:Windows,fam:Windows,maj:Windows_10,maj:Windows_10,maj:Windows_10,leaf:Windows_10,leaf:Windows_10,leaf:Windows_10
6991,fam:Windows,fam:Windows,fam:Windows,maj:Windows_10,maj:Windows_10,maj:Windows_10,leaf:Windows_10,leaf:Windows_10,leaf:Windows_10
6993,fam:Windows,fam:Windows,fam:Windows,maj:Windows_10,maj:Windows_10,maj:Windows_10,leaf:Windows_10,leaf:Windows_10,leaf:Windows_10
6995,fam:Windows,fam:Windows,fam:Windows,maj:Windows_10,maj:Windows_10,maj:Windows_10,leaf:Windows_10,leaf:Windows_10,leaf:Windows_10
6997,fam:Windows,fam:Windows,fam:Windows,maj:Windows_10,maj:Windows_10,maj:Windows_10,leaf:Windows_10,leaf:Windows_10,leaf:Windows_10
6998,fam:Windows,fam:Windows,fam:Windows,maj:Windows_10,maj:Windows_10,maj:Windows_10,leaf:Windows_10,leaf:Windows_10,leaf:Windows_10
6999,fam:Windows,fam:Windows,fam:Windows,maj:Windows_10,maj:Windows_10,maj:Windows_10,leaf:Windows_10,leaf:Windows_10,leaf:Windows_10
7000,fam:Windows,fam:Windows,fam:Windows,maj:Windows_10,maj:Windows_10,maj:Windows_10,leaf:Windows_10,leaf:Windows_10,leaf:Windows_10
7001,fam:Windows,fam:Android,fam:Android,maj:Windows_10,maj:Windows_10,maj:Android_9|maj:Windows_10,leaf:Windows_10,leaf:Windows_10,leaf:Android_9|leaf:Windows_10
7005,fam:Windows,fam:Windows,fam:Windows,maj:Windows_10,maj:Windows_10,maj:Windows_10,leaf:Windows_10,leaf:Windows_10,leaf:Windows_10
7006,fam:Windows,fam:Windows,fam:Windows,maj:Windows_10,maj:Windows_10,maj:Windows_10,leaf:Windows_10,leaf:Windows_10,leaf:Windows_10
7007,fam:Windows,fam:Windows,fam:Windows,maj:Windows_10,maj:Windows_8,maj:Windows_7|maj:Windows_8,leaf:Windows_10,leaf:Windows_8_1.0,leaf:Windows_7|leaf:Windows_8_1.0|leaf:Windows_8_OTHER
7009,fam:Windows,fam:Windows,fam:Windows,maj:Windows_10,maj:Windows_10,maj:Windows_10,leaf:Windows_10,leaf:Windows_10,leaf:Windows_10
7010,fam:Windows,fam:Windows,fam:Windows,maj:Windows_10,maj:Windows_10,maj:Windows_10,leaf:Windows_10,leaf:Windows_10,leaf:Windows_10
7012,fam:Windows,fam:Windows,fam:Windows,maj:Windows_10,maj:Windows_10,maj:Windows_10,leaf:Windows_10,leaf:Windows_10,leaf:Windows_10
7014,fam:Windows,fam:Windows,fam:Windows,maj:Windows_10,maj:Windows_10,maj:Windows_10,leaf:Windows_10,leaf:Windows_10,leaf:Windows_10
7016,fam:Windows,fam:Windows,fam:Windows,maj:Windows_10,maj:Windows_10,maj:Windows_10,leaf:Windows_10,leaf:Windows_8_1.0,leaf:Windows_10|leaf:Windows_8_1.0
7017,fam:Windows,fam:Windows,fam:Windows,maj:Windows_10,maj:Windows_10,maj:Windows_10,leaf:Windows_10,leaf:Windows_10,leaf:Windows_10
7019,fam:Windows,fam:Windows,fam:Windows,maj:Windows_10,maj:Windows_10,maj:Windows_10,leaf:Windows_10,leaf:Windows_10,leaf:Windows_10
7020,fam:Windows,fam:Windows,fam:Windows,maj:Windows_10,maj:Windows_10,maj:Windows_10,leaf:Windows_10,leaf:Windows_10,leaf:Windows_10
7026,fam:Windows,fam:Windows,fam:Windows,maj:Windows_10,maj:Windows_8,maj:Windows_8,leaf:Windows_10,leaf:Windows_8_1.0,leaf:Windows_10|leaf:Windows_8_1.0
7027,fam:Windows,fam:Windows,fam:Windows,maj:Windows_10,maj:Windows_10,maj:Windows_10,leaf:Windows_10,leaf:Windows_10,leaf:Windows_10
7029,fam:Windows,fam:Windows,fam:Windows,maj:Windows_10,maj:Windows_10,maj:Windows_10,leaf:Windows_10,leaf:Windows_10,leaf:Windows_10
7030,fam:Windows,fam:Windows,fam:Windows,maj:Windows_10,maj:Windows_10,maj:Windows_10,leaf:Windows_10,leaf:Windows_10,leaf:Windows_10
7032,fam:Windows,fam:Windows,fam:Windows,maj:Windows_10,maj:Windows_8,maj:Windows_8,leaf:Windows_10,leaf:Windows_8_1.0,leaf:Windows_7|leaf:Windows_8_1.0
7037,fam:Windows,fam:Windows,fam:Windows,maj:Windows_10,maj:Windows_10,maj:Windows_10,leaf:Windows_10,leaf:Windows_10,leaf:Windows_10
7038,fam:Windows,fam:Windows,fam:Windows,maj:Windows_10,maj:Windows_10,maj:Windows_10,leaf:Windows_10,leaf:Windows_10,leaf:Windows_10
7043,fam:Windows,fam:Windows,fam:Windows,maj:Windows_10,maj:Windows_10,maj:Windows_10,leaf:Windows_10,leaf:Windows_10,leaf:Windows_10
7044,fam:Windows,fam:Windows,fam:Windows,maj:Windows_10,maj:Windows_10,maj:Windows_10,leaf:Windows_10,leaf:Windows_10,leaf:Windows_10
7049,fam:Windows,fam:Windows,fam:Windows,maj:Windows_10,maj:Windows_10,maj:Windows_10,leaf:Windows_10,leaf:Windows_10,leaf:Windows_10
7051,fam:Windows,fam:Windows,fam:Windows,maj:Windows_10,maj:Windows_10,maj:Windows_10,leaf:Windows_10,leaf:Windows_10,leaf:Windows_10
7053,fam:Windows,fam:Windows,fam:Windows,maj:Windows_10,maj:Windows_10,maj:Windows_10|maj:Windows_8,leaf:Windows_10,leaf:Windows_10,leaf:Windows_10|leaf:Windows_8_OTHER
7055,fam:Windows,fam:Windows,fam:Windows,maj:Windows_10,maj:Windows_10,maj:Windows_10,leaf:Windows_10,leaf:Windows_10,leaf:Windows_10
7056,fam:Windows,fam:Windows,fam:Windows,maj:Windows_10,maj:Windows_10,maj:Windows_10,leaf:Windows_10,leaf:Windows_10,leaf:Windows_10
7058,fam:Windows,fam:Windows,fam:Windows,maj:Windows_10,maj:Windows_10,maj:Windows_10,leaf:Windows_10,leaf:Windows_10,leaf:Windows_10
7063,fam:Windows,fam:Windows,fam:Windows,maj:Windows_10,maj:Windows_10,maj:Windows_10,leaf:Windows_10,leaf:Windows_10,leaf:Windows_10
7065,fam:Windows,fam:Windows,fam:Windows,maj:Windows_10,maj:Windows_10,maj:Windows_10,leaf:Windows_10,leaf:Windows_10,leaf:Windows_10
7066,fam:Windows,fam:Windows,fam:Windows,maj:Windows_10,maj:Windows_10,maj:Windows_10,leaf:Windows_10,leaf:Windows_10,leaf:Windows_10
7068,fam:Windows,fam:Windows,fam:Windows,maj:Windows_10,maj:Windows_10,maj:Windows_10,leaf:Windows_10,leaf:Windows_10,leaf:Windows_10
7070,fam:Windows,fam:Windows,fam:Windows,maj:Windows_10,maj:Windows_10,maj:Windows_10,leaf:Windows_10,leaf:Windows_10,leaf:Windows_10
7071,fam:Windows,fam:Windows,fam:Windows,maj:Windows_10,maj:Windows_10,maj:Windows_10,leaf:Windows_10,leaf:Windows_10,leaf:Windows_10
7072,fam:Windows,fam:Windows,fam:Windows,maj:Windows_10,maj:Windows_10,maj:Windows_10,leaf:Windows_10,leaf:Windows_10,leaf:Windows_10
7073,fam:Windows,fam:Windows,fam:Windows,maj:Windows_10,maj:Windows_10,maj:Windows_10,leaf:Windows_10,leaf:Windows_10,leaf:Windows_10
7075,fam:Windows,fam:Windows,fam:Windows,maj:Windows_10,maj:Windows_10,maj:Windows_10,leaf:Windows_10,leaf:Windows_10,leaf:Windows_10
7076,fam:Windows,fam:Windows,fam:Windows,maj:Windows_10,maj:Windows_10,maj:Windows_10,leaf:Windows_10,leaf:Windows_10,leaf:Windows_10
7077,fam:Windows,fam:Windows,fam:Windows,maj:Windows_10,maj:Windows_10,maj:Windows_10,leaf:Windows_10,leaf:Windows_10,leaf:Windows_10
7079,fam:Windows,fam:Windows,fam:Windows,maj:Windows_10,maj:Windows_10,maj:Windows_10,leaf:Windows_10,leaf:Windows_10,leaf:Windows_10
7080,fam:Windows,fam:Windows,fam:Windows,maj:Windows_10,maj:Windows_10,maj:Windows_10,leaf:Windows_10,leaf:Windows_10,leaf:Windows_10
7081,fam:Windows,fam:Windows,fam:Windows,maj:Windows_10,maj:Windows_10,maj:Windows_10,leaf:Windows_10,leaf:Windows_10,leaf:Windows_10
7083,fam:Windows,fam:Windows,,maj:Windows_10,maj:Windows_10,maj:Windows_10|maj:Windows_7,leaf:Windows_10,leaf:Linux_OTHER,leaf:Linux_OTHER|leaf:Windows_10
7086,fam:Windows,fam:Windows,fam:Windows,maj:Windows_10,maj:Windows_10,maj:Windows_10,leaf:Windows_10,leaf:Windows_10,leaf:Windows_10
7089,fam:Windows,fam:Windows,fam:Windows,maj:Windows_10,maj:Windows_10,maj:Windows_10,leaf:Windows_10,leaf:Windows_10,leaf:Windows_10
7090,fam:Windows,fam:Windows,fam:Windows,maj:Windows_10,maj:Windows_10,maj:Windows_10,leaf:Windows_10,leaf:Windows_10,leaf:Windows_10
7092,fam:Windows,fam:Windows,fam:Windows,maj:Windows_10,maj:Windows_10,maj:Windows_10,leaf:Windows_10,leaf:Windows_10,leaf:Windows_10
7093,fam:Windows,fam:Windows,fam:Windows,maj:Windows_10,maj:Windows_10,maj:Windows_10,leaf:Windows_10,leaf:Windows_10,leaf:Windows_10
7094,fam:Windows,fam:Windows,fam:Windows,maj:Windows_10,maj:Windows_10,maj:Windows_10,leaf:Windows_10,leaf:Windows_10,leaf:Windows_10
7097,fam:Windows,fam:Windows,fam:Windows,maj:Windows_10,maj:Windows_10,maj:Windows_10,leaf:Windows_10,leaf:Windows_10,leaf:Windows_10
7099,fam:Windows,fam:Windows,fam:Windows,maj:Windows_10,maj:Windows_10,maj:Windows_10,leaf:Windows_10,leaf:Windows_10,leaf:Windows_10
7100,fam:Windows,fam:Windows,fam:Windows,maj:Windows_10,maj:Windows_8,maj:Windows_8,leaf:Windows_10,leaf:Windows_8_OTHER,leaf:Windows_10|leaf:Windows_8_OTHER
7102,fam:Windows,fam:Windows,fam:Windows,maj:Windows_10,maj:Windows_10,maj:Windows_10,leaf:Windows_10,leaf:Windows_10,leaf:Windows_10
7103,fam:Windows,fam:Windows,fam:Windows,maj:Windows_10,maj:Windows_10,maj:Windows_10,leaf:Windows_10,leaf:Windows_10,leaf:Windows_10
7105,fam:Windows,fam:Windows,fam:Windows,maj:Windows_10,maj:Windows_10,maj:Windows_10,leaf:Windows_10,leaf:Windows_10,leaf:Windows_10|leaf:Windows_7
7108,fam:Windows,fam:Windows,fam:Windows,maj:Windows_10,maj:Windows_10,maj:Windows_10,leaf:Windows_10,leaf:Windows_10,leaf:Windows_10
7109,fam:Windows,fam:Windows,fam:Windows,maj:Windows_10,maj:Windows_10,maj:Windows_10,leaf:Windows_10,leaf:Windows_10,leaf:Windows_10
7111,fam:Windows,fam:Windows,fam:Windows,maj:Windows_10,maj:Windows_10,maj:Windows_10,leaf:Windows_10,leaf:Windows_10,leaf:Windows_10
7112,fam:Windows,fam:Windows,fam:Windows,maj:Windows_10,maj:Windows_10,maj:Windows_10,leaf:Windows_10,leaf:Windows_10,leaf:Windows_10
7114,fam:Windows,fam:Windows,fam:Windows,maj:Windows_10,maj:Windows_10,maj:Windows_10,leaf:Windows_10,leaf:Windows_10,leaf:Windows_10
7117,fam:Windows,fam:Windows,fam:Windows,maj:Windows_10,maj:Windows_10,maj:Windows_10,leaf:Windows_10,leaf:Windows_10,leaf:Windows_10
7118,fam:Windows,fam:Windows,fam:Windows,maj:Windows_10,maj:Windows_10,maj:Windows_10,leaf:Windows_10,leaf:Windows_10,leaf:Windows_10
7119,fam:Windows,fam:Windows,fam:Windows,maj:Windows_10,maj:Windows_10,maj:Windows_10,leaf:Windows_10,leaf:Windows_10,leaf:Windows_10
7122,fam:Windows,fam:Windows,fam:Windows,maj:Windows_10,maj:Windows_10,maj:Windows_10,leaf:Windows_10,leaf:Windows_10,leaf:Windows_10
7125,fam:Windows,fam:Windows,fam:Windows,maj:Windows_10,maj:Windows_10,maj:Windows_10,leaf:Windows_10,leaf:Windows_10,leaf:Windows_10
7127,fam:Windows,fam:Windows,,maj:Windows_10,maj:Windows_10,maj:Android_6|maj:Windows_10,leaf:Windows_10,leaf:Android_5_1.0,leaf:Android_5_1.0|leaf:Android_6_0.0
7131,fam:Windows,fam:Windows,fam:Windows,maj:Windows_10,maj:Windows_10,maj:Windows_10,leaf:Windows_10,leaf:Windows_10,leaf:Windows_10|leaf:macOS_10_11.0
7133,fam:Windows,fam:Windows,fam:Windows,maj:Windows_10,maj:Windows_10,maj:Windows_10,leaf:Windows_10,leaf:Windows_10,leaf:Windows_10
7135,fam:Windows,fam:Windows,fam:Windows,maj:Windows_10,maj:Windows_10,maj:Windows_10,leaf:Windows_10,leaf:Windows_10,leaf:Windows_10
7139,fam:Windows,fam:Windows,fam:Windows,maj:Windows_10,maj:Windows_10,maj:Windows_10,leaf:Windows_10,leaf:Windows_10,leaf:Windows_10|leaf:Windows_8_1.0
7142,fam:Windows,fam:Windows,fam:Windows,maj:Windows_10,maj:Windows_10,maj:Windows_10,leaf:Windows_10,leaf:Windows_10,leaf:Windows_10
7143,fam:Windows,fam:Windows,fam:Windows,maj:Windows_10,maj:Windows_10,maj:Windows_10,leaf:Windows_10,leaf:Windows_10,leaf:Windows_10
7146,fam:Windows,fam:Windows,fam:Windows,maj:Windows_10,maj:Windows_10,maj:Windows_10,leaf:Windows_10,leaf:Windows_10,leaf:Windows_10
7147,fam:Windows,fam:Windows,fam:Windows,maj:Windows_10,maj:Windows_10,maj:Windows_10,leaf:Windows_10,leaf:Windows_10,leaf:Windows_10
7149,fam:Windows,fam:Windows,fam:Windows,maj:Windows_10,maj:Windows_10,maj:Windows_10,leaf:Windows_10,leaf:Windows_10,leaf:Windows_10
7150,fam:Windows,fam:Windows,fam:Windows,maj:Windows_10,maj:Windows_10,maj:Windows_10,leaf:Windows_10,leaf:Windows_10,leaf:Windows_10
7151,fam:Windows,fam:Android,fam:Android,maj:Windows_10,maj:Android_9,maj:Android_10|maj:Android_9,leaf:Windows_10,leaf:Android_9,leaf:Android_10|leaf:Android_8_0.0|leaf:Android_8_1.0|leaf:Android_9
7154,fam:Windows,fam:Windows,fam:Windows,maj:Windows_10,maj:Windows_10,maj:Windows_10,leaf:Windows_10,leaf:Windows_10,leaf:Windows_10
7155,fam:Windows,fam:Windows,fam:Windows,maj:Windows_10,maj:Windows_10,maj:Windows_10,leaf:Windows_10,leaf:Windows_10,leaf:Windows_10
7158,fam:Windows,fam:Windows,fam:Windows,maj:Windows_10,maj:Windows_10,maj:Windows_10,leaf:Windows_10,leaf:Windows_10,leaf:Windows_10
7159,fam:Windows,fam:Windows,fam:Windows,maj:Windows_10,maj:Windows_10,maj:Windows_10,leaf:Windows_10,leaf:Windows_10,leaf:Windows_10
7161,fam:Windows,fam:Windows,fam:Windows,maj:Windows_10,maj:Windows_10,maj:Windows_10,leaf:Windows_10,leaf:Windows_8_1.0,leaf:Windows_10|leaf:Windows_8_1.0
7162,fam:Windows,fam:Windows,fam:Windows,maj:Windows_10,maj:Windows_10,maj:Windows_10,leaf:Windows_10,leaf:Windows_10,leaf:Windows_10
7163,fam:Windows,fam:Windows,fam:Windows,maj:Windows_10,maj:Windows_10,maj:Windows_10|maj:Windows_7,leaf:Windows_10,leaf:Windows_10,leaf:Android_4_4.0|leaf:Windows_10
7165,fam:Windows,fam:Windows,fam:Windows,maj:Windows_10,maj:Windows_10,maj:Windows_10,leaf:Windows_10,leaf:Windows_10,leaf:Windows_10
7168,fam:Windows,fam:Windows,fam:Windows,maj:Windows_10,maj:Windows_10,maj:Windows_10,leaf:Windows_10,leaf:Windows_10,leaf:Windows_10
7169,fam:Windows,fam:Windows,fam:Windows,maj:Windows_10,maj:Windows_10,maj:Windows_10,leaf:Windows_10,leaf:Windows_10,leaf:Windows_10
7170,fam:Windows,fam:Windows,fam:Windows,maj:Windows_10,maj:Windows_10,maj:Windows_10,leaf:Windows_10,leaf:Windows_10,leaf:Windows_10
7171,fam:Windows,fam:Android,,maj:Windows_10,maj:Android_7,maj:Android_7,leaf:Windows_10,leaf:Android_8_0.0,leaf:Android_7_0.0|leaf:Android_8_0.0|leaf:Android_9
7173,fam:Windows,fam:Windows,fam:Windows,maj:Windows_10,maj:Windows_10,maj:Windows_10,leaf:Windows_10,leaf:Windows_10,leaf:Windows_10
7175,fam:Windows,fam:Windows,fam:Windows,maj:Windows_10,maj:Windows_10,maj:Windows_10,leaf:Windows_10,leaf:Windows_10,leaf:Windows_10
7182,fam:Windows,fam:Windows,fam:Windows,maj:Windows_10,maj:Windows_10,maj:Windows_10,leaf:Windows_10,leaf:Windows_10,leaf:Windows_10
7187,fam:Windows,fam:Windows,fam:Windows,maj:Windows_10,maj:Windows_8,maj:Windows_8,leaf:Windows_10,leaf:Windows_10,leaf:Windows_10|leaf:Windows_7|leaf:Windows_8_1.0
7190,fam:Windows,fam:Windows,fam:Windows,maj:Windows_10,maj:Windows_10,maj:Windows_10,leaf:Windows_10,leaf:Windows_10,leaf:Windows_10
7191,fam:Windows,fam:Windows,fam:Windows,maj:Windows_10,maj:Windows_10,maj:Windows_10,leaf:Windows_10,leaf:Windows_10,leaf:Windows_10
7192,fam:Windows,fam:Windows,fam:Windows,maj:Windows_10,maj:Windows_10,maj:Windows_10,leaf:Windows_10,leaf:Windows_10,leaf:Windows_10
7194,fam:Windows,fam:Windows,fam:Windows,maj:Windows_10,maj:Windows_10,maj:Windows_10|maj:Windows_8,leaf:Windows_10,leaf:Windows_8_1.0,leaf:Windows_10|leaf:Windows_8_1.0
7195,fam:Windows,fam:Windows,fam:Windows,maj:Windows_10,maj:Windows_10,maj:Windows_10|maj:Windows_8,leaf:Windows_10,leaf:Windows_10,leaf:Windows_10|leaf:Windows_8_1.0
7196,fam:Windows,fam:Windows,fam:Windows,maj:Windows_10,maj:Windows_10,maj:Windows_10,leaf:Windows_10,leaf:Windows_10,leaf:Windows_10
7198,fam:Windows,fam:Windows,fam:Windows,maj:Windows_10,maj:Windows_10,maj:Windows_10,leaf:Windows_10,leaf:Windows_10,leaf:Windows_10
7199,fam:Windows,fam:Windows,fam:Windows,maj:Windows_10,maj:Windows_10,maj:Windows_10,leaf:Windows_10,leaf:Windows_10,leaf:Windows_10
7200,fam:Windows,fam:Windows,fam:Windows,maj:Windows_10,maj:Windows_10,maj:Windows_10,leaf:Windows_10,leaf:Windows_10,leaf:Windows_10
7205,fam:Windows,fam:Windows,fam:Windows,maj:Windows_10,maj:Windows_10,maj:Windows_10,leaf:Windows_10,leaf:Windows_10,leaf:Windows_10
7207,fam:Windows,fam:Windows,fam:Windows,maj:Windows_10,maj:Windows_10,maj:Windows_10,leaf:Windows_10,leaf:Windows_10,leaf:Windows_10
7208,fam:Windows,fam:Windows,fam:Windows,maj:Windows_10,maj:Windows_10,maj:Windows_10,leaf:Windows_10,leaf:Windows_10,leaf:Windows_10
7210,fam:Windows,fam:Windows,fam:Windows,maj:Windows_10,maj:Windows_10,maj:Windows_10,leaf:Windows_10,leaf:Windows_10,leaf:Windows_10
7212,fam:Windows,fam:Windows,fam:Windows,maj:Windows_10,maj:Windows_10,maj:Windows_10|maj:Windows_8,leaf:Windows_10,leaf:Windows_8_OTHER,leaf:Windows_10|leaf:Windows_8_OTHER
7213,fam:Windows,fam:Windows,fam:Windows,maj:Windows_10,maj:Windows_10,maj:Windows_10,leaf:Windows_10,leaf:Windows_10,leaf:Windows_10
7217,fam:Windows,fam:Windows,fam:Windows,maj:Windows_10,maj:Windows_10,maj:Windows_10,leaf:Windows_10,leaf:Windows_10,leaf:Windows_10|leaf:Windows_7
7218,fam:Windows,fam:Windows,fam:Windows,maj:Windows_10,maj:Windows_10,maj:Windows_10|maj:Windows_7,leaf:Windows_10,leaf:Windows_10,leaf:Windows_10|leaf:Windows_7
7220,fam:Windows,fam:Windows,fam:Windows,maj:Windows_10,maj:Windows_10,maj:Windows_10,leaf:Windows_10,leaf:Windows_10,leaf:Windows_10
7221,fam:Windows,fam:Windows,fam:Windows,maj:Windows_10,maj:Windows_10,maj:Windows_10,leaf:Windows_10,leaf:Windows_10,leaf:Windows_10
7224,fam:Windows,fam:Windows,fam:Windows,maj:Windows_10,maj:Windows_10,maj:Windows_10,leaf:Windows_10,leaf:Windows_10,leaf:Windows_10
7227,fam:Windows,fam:Windows,fam:Windows,maj:Windows_10,maj:Windows_10,maj:Windows_10,leaf:Windows_10,leaf:Windows_10,leaf:Windows_10
7228,fam:Windows,fam:Windows,fam:Windows,maj:Windows_10,maj:Windows_10,maj:Windows_10,leaf:Windows_10,leaf:Windows_10,leaf:Windows_10
7229,fam:Windows,fam:Windows,fam:Windows,maj:Windows_10,maj:Windows_10,maj:Windows_10,leaf:Windows_10,leaf:Windows_10,leaf:Windows_10
7230,fam:Windows,fam:Windows,fam:Windows,maj:Windows_10,maj:Windows_10,maj:Windows_10,leaf:Windows_10,leaf:Windows_10,leaf:Windows_10
7231,fam:Windows,fam:Windows,fam:Windows,maj:Windows_10,maj:Windows_10,maj:Windows_10,leaf:Windows_10,leaf:Windows_10,leaf:Windows_10
7232,fam:Windows,fam:Windows,fam:Windows,maj:Windows_10,maj:Windows_10,maj:Windows_10,leaf:Windows_10,leaf:Windows_10,leaf:Windows_10
7234,fam:Windows,fam:Windows,fam:Windows,maj:Windows_10,maj:Windows_10,maj:Windows_10,leaf:Windows_10,leaf:Windows_10,leaf:Windows_10
7235,fam:Windows,fam:Windows,fam:Windows,maj:Windows_10,maj:Windows_10,maj:Windows_10,leaf:Windows_10,leaf:Windows_10,leaf:Windows_10
7237,fam:Windows,fam:Windows,fam:Windows,maj:Windows_10,maj:Windows_10,maj:Windows_10,leaf:Windows_10,leaf:Windows_10,leaf:Windows_10
7239,fam:Windows,fam:Windows,fam:Windows,maj:Windows_10,maj:Windows_10,maj:Windows_10,leaf:Windows_10,leaf:Windows_10,leaf:Windows_10
7240,fam:Windows,fam:Windows,fam:Windows,maj:Windows_10,maj:Windows_10,maj:Windows_10,leaf:Windows_10,leaf:Windows_10,leaf:Windows_10
7241,fam:Windows,fam:Windows,fam:Windows,maj:Windows_10,maj:Windows_10,maj:Windows_10,leaf:Windows_10,leaf:Windows_10,leaf:Windows_10
7242,fam:Windows,fam:Windows,fam:Windows,maj:Windows_10,maj:Windows_10,maj:Windows_10,leaf:Windows_10,leaf:Windows_10,leaf:Windows_10
7243,fam:Windows,fam:Windows,fam:Windows,maj:Windows_10,maj:Windows_10,maj:Windows_10,leaf:Windows_10,leaf:Windows_10,leaf:Windows_10
7245,fam:Windows,fam:Windows,fam:Windows,maj:Windows_10,maj:Windows_10,maj:Windows_10,leaf:Windows_10,leaf:Windows_10,leaf:Windows_10
7246,fam:Windows,fam:Windows,fam:Windows,maj:Windows_10,maj:Windows_10,maj:Windows_10,leaf:Windows_10,leaf:Windows_10,leaf:Windows_10
7247,fam:Windows,fam:Windows,fam:Windows,maj:Windows_10,maj:Windows_10,maj:Windows_10,leaf:Windows_10,leaf:Windows_10,leaf:Windows_10|leaf:Windows_8_OTHER
7249,fam:Windows,fam:Windows,fam:Windows,maj:Windows_10,maj:Windows_10,maj:Windows_10,leaf:Windows_10,leaf:Windows_10,leaf:Windows_10
7252,fam:Windows,fam:Windows,fam:Windows,maj:Windows_10,maj:Windows_10,maj:Windows_10,leaf:Windows_10,leaf:Windows_10,leaf:Windows_10
7253,fam:Windows,fam:Windows,fam:Windows,maj:Windows_10,maj:Windows_10,maj:Windows_10,leaf:Windows_10,leaf:Windows_10,leaf:Windows_10
7255,fam:Windows,fam:Windows,fam:Windows,maj:Windows_10,maj:Windows_10,maj:Windows_10,leaf:Windows_10,leaf:Windows_10,leaf:Windows_10
7258,fam:Windows,fam:Windows,fam:Windows,maj:Windows_10,maj:Windows_10,maj:Windows_10,leaf:Windows_10,leaf:Windows_10,leaf:Windows_10
7259,fam:Windows,fam:Windows,fam:Windows,maj:Windows_10,maj:Windows_10,maj:Windows_10,leaf:Windows_10,leaf:Windows_10,leaf:Windows_10
7261,fam:Windows,fam:Windows,fam:Windows,maj:Windows_10,maj:Windows_10,maj:Windows_10,leaf:Windows_10,leaf:Windows_10,leaf:Windows_10
7264,fam:Windows,fam:Windows,fam:Windows,maj:Windows_10,maj:Windows_10,maj:Windows_10,leaf:Windows_10,leaf:Windows_10,leaf:Windows_10
7265,fam:Windows,fam:Windows,fam:Windows,maj:Windows_10,maj:Windows_10,maj:Windows_10,leaf:Windows_10,leaf:Windows_10,leaf:Windows_10
7269,fam:Windows,fam:Windows,fam:Windows,maj:Windows_10,maj:Windows_8,maj:Windows_8,leaf:Windows_10,leaf:Windows_8_OTHER,leaf:Windows_10|leaf:Windows_8_OTHER
7270,fam:Windows,fam:Windows,fam:Windows,maj:Windows_10,maj:Windows_10,maj:Windows_10,leaf:Windows_10,leaf:Windows_10,leaf:Windows_10
7275,fam:Windows,fam:Windows,fam:Windows,maj:Windows_10,maj:Windows_10,maj:Windows_10,leaf:Windows_10,leaf:Windows_10,leaf:Windows_10
7276,fam:Windows,fam:Windows,fam:Windows,maj:Windows_10,maj:Windows_10,maj:Windows_10,leaf:Windows_10,leaf:Windows_10,leaf:Windows_10
7279,fam:Windows,fam:Windows,fam:Windows,maj:Windows_10,maj:Windows_10,maj:Windows_10,leaf:Windows_10,leaf:Windows_10,leaf:Windows_10
7283,fam:Windows,fam:Windows,fam:Windows,maj:Windows_10,maj:Windows_10,maj:Windows_10,leaf:Windows_10,leaf:Windows_10,leaf:Windows_10
7285,fam:Windows,fam:Windows,fam:Windows,maj:Windows_10,maj:Windows_10,maj:Windows_10,leaf:Windows_10,leaf:Windows_10,leaf:Windows_10
7288,fam:Windows,fam:Windows,fam:Windows,maj:Windows_10,maj:Windows_10,maj:Windows_10,leaf:Windows_10,leaf:Windows_10,leaf:Windows_10
7290,fam:Windows,fam:Windows,fam:Windows,maj:Windows_10,maj:Windows_10,maj:Windows_10,leaf:Windows_10,leaf:Windows_10,leaf:Windows_10
7291,fam:Windows,fam:Windows,fam:Windows,maj:Windows_10,maj:Windows_10,maj:Windows_10,leaf:Windows_10,leaf:Windows_10,leaf:Windows_10
7292,fam:Windows,fam:Windows,fam:Windows,maj:Windows_10,maj:Windows_10,maj:Windows_10,leaf:Windows_10,leaf:Windows_10,leaf:Windows_10
7294,fam:Windows,fam:Windows,fam:Windows,maj:Windows_10,maj:Windows_10,maj:Windows_10,leaf:Windows_10,leaf:Windows_10,leaf:Windows_10
7297,fam:Windows,fam:Windows,fam:Windows,maj:Windows_10,maj:Windows_10,maj:Windows_10,leaf:Windows_10,leaf:Windows_10,leaf:Windows_10|leaf:Windows_7
7302,fam:Windows,fam:Windows,fam:Windows,maj:Windows_10,maj:Windows_10,maj:Windows_10,leaf:Windows_10,leaf:Windows_10,leaf:Windows_10
7304,fam:Windows,fam:Windows,fam:Windows,maj:Windows_10,maj:Windows_10,maj:Windows_10,leaf:Windows_10,leaf:Windows_10,leaf:Windows_10
7305,fam:Windows,fam:Windows,fam:Windows,maj:Windows_10,maj:Windows_10,maj:Windows_10,leaf:Windows_10,leaf:Windows_10,leaf:Windows_10
7306,fam:Windows,fam:Windows,fam:Windows,maj:Windows_10,maj:Windows_10,maj:Windows_10,leaf:Windows_10,leaf:Windows_10,leaf:Windows_10
7307,fam:Windows,fam:Windows,fam:Windows,maj:Windows_10,maj:Windows_10,maj:Windows_10,leaf:Windows_10,leaf:Windows_10,leaf:Windows_10
7309,fam:Windows,fam:Windows,fam:Windows,maj:Windows_10,maj:Windows_10,maj:Windows_10,leaf:Windows_10,leaf:Windows_10,leaf:Windows_10
7311,fam:Windows,fam:Windows,fam:Windows,maj:Windows_10,maj:Windows_10,maj:Windows_10,leaf:Windows_10,leaf:Windows_10,leaf:Windows_10
7312,fam:Windows,fam:Windows,fam:Windows,maj:Windows_10,maj:Windows_10,maj:Windows_10,leaf:Windows_10,leaf:Windows_10,leaf:Windows_10
7314,fam:Windows,fam:Windows,fam:Windows,maj:Windows_10,maj:Windows_10,maj:Windows_10,leaf:Windows_10,leaf:Windows_10,leaf:Windows_10
7318,fam:Windows,fam:Windows,fam:Windows,maj:Windows_10,maj:Windows_10,maj:Windows_10,leaf:Windows_10,leaf:Windows_10,leaf:Windows_10
7319,fam:Windows,fam:Windows,fam:Windows,maj:Windows_10,maj:Windows_7,maj:Windows_10|maj:Windows_7,leaf:Windows_10,leaf:Windows_10,leaf:Windows_10
7320,fam:Windows,fam:Windows,fam:Windows,maj:Windows_10,maj:Windows_10,maj:Windows_10,leaf:Windows_10,leaf:Windows_10,leaf:Windows_10
7325,fam:Windows,fam:Windows,fam:Windows,maj:Windows_10,maj:Windows_10,maj:Windows_10,leaf:Windows_10,leaf:Windows_10,leaf:Windows_10
7326,fam:Windows,fam:Windows,fam:Windows,maj:Windows_10,maj:Windows_10,maj:Windows_10,leaf:Windows_10,leaf:Windows_10,leaf:Windows_10
7330,fam:Windows,fam:Windows,fam:Windows,maj:Windows_10,maj:Windows_10,maj:Windows_10,leaf:Windows_10,leaf:Windows_10,leaf:Windows_10
7331,fam:Windows,fam:Windows,fam:Windows,maj:Windows_10,maj:Windows_10,maj:Windows_10,leaf:Windows_10,leaf:Windows_10,leaf:Windows_10
7333,fam:Windows,fam:Windows,fam:Windows,maj:Windows_10,maj:Windows_10,maj:Windows_10,leaf:Windows_10,leaf:Windows_10,leaf:Windows_10
7334,fam:Windows,fam:Windows,fam:Windows,maj:Windows_10,maj:Windows_10,maj:Windows_10,leaf:Windows_10,leaf:Windows_10,leaf:Windows_10
7335,fam:Windows,fam:Windows,fam:Windows,maj:Windows_10,maj:Windows_10,maj:Windows_10,leaf:Windows_10,leaf:Windows_10,leaf:Windows_10
7337,fam:Windows,fam:Windows,fam:Windows,maj:Windows_10,maj:Windows_7,maj:Windows_10|maj:Windows_7,leaf:Windows_10,leaf:Windows_10,leaf:Windows_10
7338,fam:Windows,fam:Windows,fam:Windows,maj:Windows_10,maj:Windows_10,maj:Windows_10,leaf:Windows_10,leaf:Windows_10,leaf:Windows_10
7341,fam:Windows,fam:Windows,fam:Windows,maj:Windows_10,maj:Windows_10,maj:Windows_10,leaf:Windows_10,leaf:Windows_10,leaf:Windows_10
7342,fam:Windows,fam:Windows,fam:Windows,maj:Windows_10,maj:Windows_10,maj:Windows_10,leaf:Windows_10,leaf:Windows_10,leaf:Windows_10
7344,fam:Windows,fam:Windows,fam:Windows,maj:Windows_10,maj:Windows_8,maj:Windows_8,leaf:Windows_10,leaf:Windows_8_1.0,leaf:Windows_10|leaf:Windows_8_1.0
7345,fam:Windows,fam:Windows,fam:Windows,maj:Windows_10,maj:Windows_10,maj:Windows_10,leaf:Windows_10,leaf:Windows_7,leaf:Windows_10|leaf:Windows_7
7346,fam:Windows,fam:Windows,fam:Windows,maj:Windows_10,maj:Windows_10,maj:Windows_10,leaf:Windows_10,leaf:Windows_10,leaf:Windows_10
7347,fam:Windows,fam:Windows,fam:Windows,maj:Windows_10,maj:Windows_10,maj:Windows_10,leaf:Windows_10,leaf:macOS_10_15.0,leaf:macOS_10_15.0
7348,fam:Windows,fam:Windows,fam:Windows,maj:Windows_10,maj:Windows_10,maj:Windows_10,leaf:Windows_10,leaf:Windows_10,leaf:Windows_10
7351,fam:Windows,fam:Windows,fam:Windows,maj:Windows_10,maj:Windows_10,maj:Windows_10,leaf:Windows_10,leaf:Windows_10,leaf:Windows_10
7352,fam:Windows,fam:Windows,fam:Windows,maj:Windows_10,maj:Windows_10,maj:Windows_10,leaf:Windows_10,leaf:Windows_10,leaf:Windows_10
7353,fam:Windows,fam:Windows,fam:Windows,maj:Windows_10,maj:Windows_8,maj:Windows_7|maj:Windows_8,leaf:Windows_10,leaf:Windows_8_1.0,leaf:Windows_8_1.0|leaf:Windows_8_OTHER
7355,fam:Windows,fam:Windows,fam:Windows,maj:Windows_10,maj:Windows_10,maj:Windows_10,leaf:Windows_10,leaf:Windows_10,leaf:Windows_10
7356,fam:Windows,fam:Windows,fam:Windows,maj:Windows_10,maj:Windows_10,maj:Windows_10,leaf:Windows_10,leaf:Windows_10,leaf:Windows_10
7358,fam:Windows,fam:Windows,fam:Windows,maj:Windows_10,maj:Windows_8,maj:Windows_10|maj:Windows_8,leaf:Windows_10,leaf:Windows_8_1.0,leaf:Windows_10|leaf:Windows_8_1.0
7359,fam:Windows,fam:Windows,fam:Windows,maj:Windows_10,maj:Windows_10,maj:Windows_10,leaf:Windows_10,leaf:Windows_10,leaf:Windows_10
7362,fam:Windows,fam:Windows,fam:Windows,maj:Windows_10,maj:Windows_10,maj:Windows_10,leaf:Windows_10,leaf:Windows_10,leaf:Windows_10
7363,fam:Windows,fam:Windows,fam:Windows,maj:Windows_10,maj:Windows_10,maj:Windows_10,leaf:Windows_10,leaf:Windows_10,leaf:Windows_10
7364,fam:Windows,fam:Windows,fam:Windows,maj:Windows_10,maj:Windows_10,maj:Windows_10,leaf:Windows_10,leaf:Windows_10,leaf:Windows_10
7366,fam:Windows,fam:Windows,fam:Windows,maj:Windows_10,maj:Windows_10,maj:Windows_10,leaf:Windows_10,leaf:Windows_10,leaf:Windows_10
7368,fam:Windows,fam:Android,,maj:Windows_10,maj:Android_9,maj:Android_9,leaf:Windows_10,leaf:Android_8_0.0,leaf:Android_8_0.0|leaf:Android_9
7371,fam:Windows,fam:Windows,fam:Windows,maj:Windows_10,maj:Windows_10,maj:Windows_10,leaf:Windows_10,leaf:Windows_10,leaf:Windows_10
7375,fam:Windows,fam:Windows,fam:Windows,maj:Windows_10,maj:Windows_10,maj:Windows_10,leaf:Windows_10,leaf:Windows_10,leaf:Windows_10
7376,fam:Windows,fam:Windows,fam:Windows,maj:Windows_10,maj:Windows_10,maj:Windows_10,leaf:Windows_10,leaf:Windows_10,leaf:Windows_10
7378,fam:Windows,fam:Windows,fam:Windows,maj:Windows_10,maj:Windows_10,maj:Windows_10,leaf:Windows_10,leaf:Windows_10,leaf:Windows_10
7379,fam:Windows,fam:Windows,fam:Windows,maj:Windows_10,maj:Windows_10,maj:Windows_10,leaf:Windows_10,leaf:Windows_10,leaf:Windows_10
7380,fam:Windows,fam:Windows,fam:Windows,maj:Windows_10,maj:Windows_10,maj:Windows_10,leaf:Windows_10,leaf:Windows_10,leaf:Windows_10
7382,fam:Windows,fam:Windows,fam:Windows,maj:Windows_10,maj:Windows_10,maj:Windows_10,leaf:Windows_10,leaf:Windows_10,leaf:Windows_10
7383,fam:Windows,fam:Windows,fam:Windows,maj:Windows_10,maj:Windows_10,maj:Windows_10,leaf:Windows_10,leaf:Windows_10,leaf:Windows_10
7384,fam:Windows,fam:Windows,fam:Windows,maj:Windows_10,maj:Windows_10,maj:Windows_10,leaf:Windows_10,leaf:Android_4_4.0,leaf:Android_4_4.0|leaf:Linux_OTHER
7385,fam:Windows,fam:Windows,fam:Windows,maj:Windows_10,maj:Windows_10,maj:Windows_10,leaf:Windows_10,leaf:Windows_10,leaf:Windows_10
7388,fam:Windows,fam:Windows,fam:Windows,maj:Windows_10,maj:Windows_10,maj:Windows_10,leaf:Windows_10,leaf:Windows_10,leaf:Windows_10
7392,fam:Windows,fam:Windows,fam:Windows,maj:Windows_10,maj:Windows_10,maj:Windows_10,leaf:Windows_10,leaf:Windows_10,leaf:Windows_10
7394,fam:Windows,fam:Windows,fam:Windows,maj:Windows_10,maj:Windows_10,maj:Windows_10,leaf:Windows_10,leaf:Windows_10,leaf:Windows_10
7395,fam:Windows,fam:Windows,fam:Windows,maj:Windows_10,maj:Windows_10,maj:Windows_10|maj:Windows_8,leaf:Windows_10,leaf:Windows_8_OTHER,leaf:Windows_10|leaf:Windows_8_OTHER
7397,fam:Windows,fam:Windows,fam:Windows,maj:Windows_10,maj:Windows_10,maj:Windows_10|maj:Windows_7,leaf:Windows_10,leaf:Windows_10,leaf:Windows_10
7403,fam:Windows,fam:Windows,fam:Windows,maj:Windows_10,maj:Windows_10,maj:Windows_10,leaf:Windows_10,leaf:Windows_10,leaf:Windows_10
7404,fam:Windows,fam:Windows,fam:Windows,maj:Windows_10,maj:Windows_10,maj:Windows_10,leaf:Windows_10,leaf:Windows_10,leaf:Windows_10
7410,fam:Windows,fam:Windows,fam:Windows,maj:Windows_10,maj:Windows_10,maj:Windows_10,leaf:Windows_10,leaf:Windows_10,leaf:Windows_10
7411,fam:Windows,fam:Windows,fam:Windows,maj:Windows_10,maj:Windows_10,maj:Windows_10,leaf:Windows_10,leaf:Windows_10,leaf:Windows_10
7415,fam:Windows,fam:Windows,fam:Windows,maj:Windows_10,maj:Windows_10,maj:Windows_10,leaf:Windows_10,leaf:Windows_10,leaf:Windows_10
7416,fam:Windows,fam:Windows,fam:Windows,maj:Windows_10,maj:Windows_10,maj:Windows_10,leaf:Windows_10,leaf:Windows_10,leaf:Windows_10
7418,fam:Windows,fam:Windows,fam:Windows,maj:Windows_10,maj:Windows_10,maj:Windows_10,leaf:Windows_10,leaf:Windows_10,leaf:Windows_10
7420,fam:Windows,fam:Windows,fam:Windows,maj:Windows_10,maj:Windows_10,maj:Windows_10,leaf:Windows_10,leaf:Windows_10,leaf:Windows_10
7421,fam:Windows,fam:Windows,fam:Windows,maj:Windows_10,maj:Windows_10,maj:Windows_10,leaf:Windows_10,leaf:Windows_10,leaf:Windows_10
7422,fam:Windows,fam:Windows,fam:Windows,maj:Windows_10,maj:Windows_8,maj:Windows_8,leaf:Windows_10,leaf:Windows_8_1.0,leaf:Windows_8_1.0|leaf:Windows_8_OTHER
7423,fam:Windows,fam:Linux,,maj:Windows_10,maj:Windows_10,maj:Windows_10|maj:Windows_7,leaf:Windows_10,leaf:Linux_OTHER,leaf:Linux_OTHER|leaf:Windows_10
7424,fam:Windows,fam:Windows,fam:Windows,maj:Windows_10,maj:Windows_10,maj:Windows_10,leaf:Windows_10,leaf:Windows_10,leaf:Windows_10
7429,fam:Windows,fam:Windows,fam:Windows,maj:Windows_10,maj:Windows_10,maj:Windows_10,leaf:Windows_10,leaf:Windows_10,leaf:Windows_10
7430,fam:Windows,fam:Windows,fam:Windows,maj:Windows_10,maj:Windows_10,maj:Windows_10,leaf:Windows_10,leaf:Windows_10,leaf:Windows_10
7435,fam:Windows,fam:Windows,fam:Windows,maj:Windows_10,maj:Windows_10,maj:Windows_10,leaf:Windows_10,leaf:Windows_10,leaf:Windows_10
7437,fam:Windows,fam:Windows,fam:Windows,maj:Windows_10,maj:Windows_10,maj:Windows_10,leaf:Windows_10,leaf:Windows_10,leaf:Windows_10
7439,fam:Windows,fam:Windows,fam:Windows,maj:Windows_10,maj:Windows_10,maj:Windows_10,leaf:Windows_10,leaf:Windows_10,leaf:Windows_10
7440,fam:Windows,fam:Windows,fam:Windows,maj:Windows_10,maj:Windows_10,maj:Windows_10,leaf:Windows_10,leaf:Windows_10,leaf:Windows_10
7441,fam:Windows,fam:Windows,fam:Windows,maj:Windows_10,maj:Windows_10,maj:Windows_10,leaf:Windows_10,leaf:Windows_10,leaf:Windows_10
7443,fam:Windows,fam:Windows,fam:Windows,maj:Windows_10,maj:Windows_10,maj:Windows_10,leaf:Windows_10,leaf:Windows_10,leaf:Windows_10
7444,fam:Windows,fam:Windows,fam:Windows,maj:Windows_10,maj:Windows_10,maj:Windows_10|maj:Windows_8,leaf:Windows_10,leaf:Windows_10,leaf:Windows_10|leaf:Windows_8_OTHER
7445,fam:Windows,fam:Windows,fam:Windows,maj:Windows_10,maj:Windows_10,maj:Windows_10,leaf:Windows_10,leaf:Windows_10,leaf:Windows_10
7448,fam:Windows,fam:Windows,fam:Windows,maj:Windows_10,maj:Windows_10,maj:Windows_10,leaf:Windows_10,leaf:Windows_10,leaf:Windows_10
7449,fam:Windows,fam:Windows,fam:Windows,maj:Windows_10,maj:Windows_10,maj:Windows_10,leaf:Windows_10,leaf:Windows_10,leaf:Windows_10
7450,fam:Windows,fam:Windows,fam:Windows,maj:Windows_10,maj:Windows_10,maj:Windows_10,leaf:Windows_10,leaf:Windows_10,leaf:Windows_10
7451,fam:Windows,fam:Windows,fam:Windows,maj:Windows_10,maj:Windows_10,maj:Windows_10,leaf:Windows_10,leaf:Windows_10,leaf:Windows_10
7453,fam:Windows,fam:Windows,fam:Windows,maj:Windows_10,maj:Windows_10,maj:Windows_10|maj:Windows_8,leaf:Windows_10,leaf:Windows_10,leaf:Windows_10|leaf:Windows_8_OTHER
7455,fam:Windows,fam:Windows,fam:Windows,maj:Windows_10,maj:Windows_10,maj:Windows_10,leaf:Windows_10,leaf:Windows_10,leaf:Windows_10
7456,fam:Windows,fam:Windows,fam:Windows,maj:Windows_10,maj:Windows_10,maj:Windows_10,leaf:Windows_10,leaf:Windows_10,leaf:Windows_10
7457,fam:Windows,fam:Windows,fam:Windows,maj:Windows_10,maj:Windows_10,maj:Windows_10,leaf:Windows_10,leaf:Windows_10,leaf:Windows_10
7458,fam:Windows,fam:Windows,fam:Windows,maj:Windows_10,maj:Windows_10,maj:Windows_10,leaf:Windows_10,leaf:Windows_10,leaf:Windows_10
7460,fam:Windows,fam:Windows,fam:Windows,maj:Windows_10,maj:Windows_10,maj:Windows_10,leaf:Windows_10,leaf:Windows_10,leaf:Windows_10
7462,fam:Windows,fam:Windows,fam:Windows,maj:Windows_10,maj:Windows_10,maj:Windows_10,leaf:Windows_10,leaf:Windows_10,leaf:Windows_10
7463,fam:Windows,fam:Windows,fam:Windows,maj:Windows_10,maj:Windows_10,maj:Windows_10,leaf:Windows_10,leaf:Windows_10,leaf:Windows_10
7465,fam:Windows,fam:Windows,fam:Windows,maj:Windows_10,maj:Windows_10,maj:Windows_10,leaf:Windows_10,leaf:Windows_10,leaf:Windows_10
7467,fam:Windows,fam:Windows,fam:Windows,maj:Windows_10,maj:Windows_10,maj:Windows_10,leaf:Windows_10,leaf:Windows_10,leaf:Windows_10
7469,fam:Windows,fam:Windows,fam:Windows,maj:Windows_10,maj:Windows_10,maj:Windows_10,leaf:Windows_10,leaf:Windows_10,leaf:Windows_10
7472,fam:Windows,fam:Windows,fam:Windows,maj:Windows_10,maj:Windows_10,maj:Windows_10,leaf:Windows_10,leaf:Windows_10,leaf:Windows_10
7476,fam:Windows,fam:Windows,fam:Windows,maj:Windows_10,maj:Windows_10,maj:Windows_10,leaf:Windows_10,leaf:Windows_10,leaf:Windows_10
7478,fam:Windows,fam:Windows,fam:Windows,maj:Windows_10,maj:Windows_10,maj:Windows_10,leaf:Windows_10,leaf:Windows_10,leaf:Windows_10
7480,fam:Windows,fam:Windows,fam:Windows,maj:Windows_10,maj:Windows_10,maj:Windows_10,leaf:Windows_10,leaf:Windows_10,leaf:Windows_10
7483,fam:Windows,fam:Windows,fam:Windows,maj:Windows_10,maj:Windows_10,maj:Windows_10,leaf:Windows_10,leaf:Windows_10,leaf:Windows_10
7486,fam:Windows,fam:Windows,fam:Windows,maj:Windows_10,maj:Windows_10,maj:Windows_10,leaf:Windows_10,leaf:Windows_10,leaf:Windows_10
7487,fam:Windows,fam:macOS,,maj:Windows_10,maj:macOS_10,maj:macOS_10,leaf:Windows_10,leaf:macOS_10_13.0,leaf:macOS_10_13.0
7488,fam:Windows,fam:Windows,fam:Windows,maj:Windows_10,maj:Windows_10,maj:Windows_10,leaf:Windows_10,leaf:Windows_10,leaf:Windows_10
7489,fam:Windows,fam:Windows,fam:Windows,maj:Windows_10,maj:Windows_10,maj:Windows_10,leaf:Windows_10,leaf:Windows_10,leaf:Windows_10
7490,fam:Windows,fam:Windows,fam:Windows,maj:Windows_10,maj:Windows_10,maj:Windows_10,leaf:Windows_10,leaf:Windows_10,leaf:Windows_10
7491,fam:Windows,fam:Windows,fam:Windows,maj:Windows_10,maj:Windows_10,maj:Windows_10,leaf:Windows_10,leaf:Windows_10,leaf:Windows_10
7492,fam:Windows,fam:Windows,fam:Windows,maj:Windows_10,maj:Windows_10,maj:Windows_10,leaf:Windows_10,leaf:Windows_10,leaf:Windows_10
7494,fam:Windows,fam:Windows,fam:Windows,maj:Windows_10,maj:Windows_10,maj:Windows_10,leaf:Windows_10,leaf:Windows_10,leaf:Windows_10
7497,fam:Windows,fam:Windows,fam:Windows,maj:Windows_10,maj:Windows_10,maj:Windows_10,leaf:Windows_10,leaf:Windows_10,leaf:Windows_10
7503,fam:Windows,fam:Windows,fam:Windows,maj:Windows_10,maj:Windows_10,maj:Windows_10,leaf:Windows_10,leaf:Windows_10,leaf:Windows_10
7504,fam:Windows,fam:Windows,fam:Windows,maj:Windows_10,maj:Windows_10,maj:Windows_10,leaf:Windows_10,leaf:Windows_10,leaf:Windows_10
7506,fam:Windows,fam:Windows,fam:Windows,maj:Windows_10,maj:Windows_10,maj:Windows_10,leaf:Windows_10,leaf:Windows_10,leaf:Windows_10
7508,fam:Windows,fam:Windows,fam:Windows,maj:Windows_10,maj:Windows_10,maj:Windows_10,leaf:Windows_10,leaf:Windows_10,leaf:Windows_10|leaf:Windows_8_OTHER
7511,fam:Windows,fam:Windows,fam:Windows,maj:Windows_10,maj:Windows_10,maj:Windows_10,leaf:Windows_10,leaf:Windows_10,leaf:Windows_10
7513,fam:Windows,fam:Windows,fam:Windows,maj:Windows_10,maj:Windows_10,maj:Windows_10,leaf:Windows_10,leaf:Windows_10,leaf:Windows_10
7517,fam:Windows,fam:Windows,fam:Windows,maj:Windows_10,maj:Windows_10,maj:Windows_10,leaf:Windows_10,leaf:Windows_10,leaf:Windows_10
7518,fam:Windows,fam:Windows,fam:Windows,maj:Windows_10,maj:Windows_10,maj:Windows_10,leaf:Windows_10,leaf:Windows_8_1.0,leaf:Windows_8_1.0
7520,fam:Windows,fam:Windows,fam:Windows,maj:Windows_10,maj:Windows_10,maj:Windows_10,leaf:Windows_10,leaf:Windows_10,leaf:Windows_10
7521,fam:Windows,fam:Windows,fam:Windows,maj:Windows_10,maj:Windows_10,maj:Windows_10,leaf:Windows_10,leaf:Windows_10,leaf:Windows_10
7522,fam:Windows,fam:Windows,fam:Windows,maj:Windows_10,maj:Windows_10,maj:Windows_10,leaf:Windows_10,leaf:Windows_10,leaf:Windows_10
7523,fam:Windows,fam:Windows,fam:Windows,maj:Windows_10,maj:Windows_10,maj:Windows_10,leaf:Windows_10,leaf:Windows_10,leaf:Windows_10
7525,fam:Windows,fam:Windows,fam:Windows,maj:Windows_10,maj:Windows_10,maj:Windows_10,leaf:Windows_10,leaf:Windows_10,leaf:Windows_10
7528,fam:Windows,fam:Windows,fam:Windows,maj:Windows_10,maj:Windows_10,maj:Windows_10,leaf:Windows_10,leaf:Windows_10,leaf:Windows_10
7530,fam:Windows,fam:Windows,fam:Windows,maj:Windows_10,maj:Windows_10,maj:Windows_10,leaf:Windows_10,leaf:Windows_10,leaf:Windows_10
7531,fam:Windows,fam:Windows,fam:Windows,maj:Windows_10,maj:Windows_10,maj:Windows_10,leaf:Windows_10,leaf:Windows_10,leaf:Windows_10
7532,fam:Windows,fam:Windows,fam:Windows,maj:Windows_10,maj:Windows_10,maj:Windows_10,leaf:Windows_10,leaf:Windows_10,leaf:Windows_10
7534,fam:Windows,fam:Windows,fam:Windows,maj:Windows_10,maj:Windows_10,maj:Windows_10,leaf:Windows_10,leaf:Windows_10,leaf:Windows_10
7535,fam:Windows,fam:Windows,fam:Windows,maj:Windows_10,maj:Windows_10,maj:Windows_10,leaf:Windows_10,leaf:Windows_10,leaf:Windows_10
7538,fam:Windows,fam:Windows,fam:Windows,maj:Windows_10,maj:Windows_10,maj:Windows_10,leaf:Windows_10,leaf:Windows_10,leaf:Windows_10
7539,fam:Windows,fam:Windows,fam:Windows,maj:Windows_10,maj:Windows_10,maj:Windows_10,leaf:Windows_10,leaf:Windows_10,leaf:Windows_10
7540,fam:Windows,fam:Windows,fam:Windows,maj:Windows_10,maj:Windows_10,maj:Windows_10,leaf:Windows_10,leaf:Windows_10,leaf:Windows_10
7544,fam:Windows,fam:Windows,fam:Windows,maj:Windows_10,maj:Windows_10,maj:Windows_10,leaf:Windows_10,leaf:Windows_10,leaf:Windows_10
7549,fam:Windows,fam:Windows,fam:Windows,maj:Windows_10,maj:Windows_10,maj:Windows_10,leaf:Windows_10,leaf:Windows_10,leaf:Windows_10
7550,fam:Windows,fam:Windows,fam:Windows,maj:Windows_10,maj:Windows_10,maj:Windows_10,leaf:Windows_10,leaf:Windows_10,leaf:Windows_10
7551,fam:Windows,fam:Windows,fam:Windows,maj:Windows_10,maj:Windows_10,maj:Windows_10,leaf:Windows_10,leaf:Windows_10,leaf:Windows_10
7552,fam:Windows,fam:Windows,fam:Windows,maj:Windows_10,maj:Windows_10,maj:Windows_10,leaf:Windows_10,leaf:Windows_10,leaf:Windows_10
7556,fam:Windows,fam:Windows,fam:Windows,maj:Windows_10,maj:Windows_10,maj:Windows_10,leaf:Windows_10,leaf:Windows_10,leaf:Windows_10
7558,fam:Windows,fam:Windows,fam:Windows,maj:Windows_10,maj:Windows_10,maj:Windows_10,leaf:Windows_10,leaf:Windows_10,leaf:Windows_10
7559,fam:Windows,fam:Windows,fam:Windows,maj:Windows_10,maj:Windows_10,maj:Windows_10,leaf:Windows_10,leaf:Windows_10,leaf:Windows_10
7560,fam:Windows,fam:Windows,fam:Windows,maj:Windows_10,maj:Windows_10,maj:Windows_10,leaf:Windows_10,leaf:Windows_10,leaf:Windows_10
7561,fam:Windows,fam:Windows,fam:Windows,maj:Windows_10,maj:Windows_10,maj:Windows_10,leaf:Windows_10,leaf:Windows_10,leaf:Windows_10
7562,fam:Windows,fam:Windows,fam:Windows,maj:Windows_10,maj:Windows_10,maj:Windows_10,leaf:Windows_10,leaf:Windows_10,leaf:Windows_10
7564,fam:Windows,fam:Windows,fam:Windows,maj:Windows_10,maj:Windows_10,maj:Windows_10,leaf:Windows_10,leaf:Windows_10,leaf:Windows_10
7565,fam:Windows,fam:Windows,fam:Windows,maj:Windows_10,maj:Windows_10,maj:Windows_10,leaf:Windows_10,leaf:Windows_10,leaf:Windows_10
7566,fam:Windows,fam:Windows,fam:Windows,maj:Windows_10,maj:Windows_10,maj:Windows_10,leaf:Windows_10,leaf:Windows_10,leaf:Windows_10
7570,fam:Windows,fam:Windows,fam:Windows,maj:Windows_10,maj:Windows_8,maj:Windows_7|maj:Windows_8,leaf:Windows_10,leaf:Windows_8_1.0,leaf:Windows_7|leaf:Windows_8_1.0
7572,fam:Windows,fam:Windows,fam:Windows,maj:Windows_10,maj:Windows_10,maj:Windows_10,leaf:Windows_10,leaf:Windows_10,leaf:Windows_10|leaf:Windows_7|leaf:Windows_8_1.0
7573,fam:Windows,fam:Windows,fam:Windows,maj:Windows_10,maj:Windows_10,maj:Windows_10,leaf:Windows_10,leaf:Windows_10,leaf:Windows_10
7574,fam:Windows,fam:Windows,fam:Windows,maj:Windows_10,maj:Windows_8,maj:Windows_8,leaf:Windows_10,leaf:Windows_8_1.0,leaf:Windows_8_1.0|leaf:Windows_8_OTHER
7575,fam:Windows,fam:Windows,fam:Windows,maj:Windows_10,maj:Windows_10,maj:Windows_10,leaf:Windows_10,leaf:Windows_10,leaf:Windows_10
7577,fam:Windows,fam:Windows,fam:Windows,maj:Windows_10,maj:Windows_10,maj:Windows_10,leaf:Windows_10,leaf:Windows_10,leaf:Windows_10
7578,fam:Windows,fam:Windows,fam:Windows,maj:Windows_10,maj:Windows_10,maj:Windows_10,leaf:Windows_10,leaf:Windows_10,leaf:Windows_10
7581,fam:Windows,fam:Windows,fam:Windows,maj:Windows_10,maj:Windows_10,maj:Windows_10,leaf:Windows_10,leaf:Windows_10,leaf:Windows_10
7582,fam:Windows,fam:Windows,fam:Windows,maj:Windows_10,maj:Windows_10,maj:Windows_10,leaf:Windows_10,leaf:Windows_10,leaf:Windows_10
7583,fam:Windows,fam:Windows,fam:Windows,maj:Windows_10,maj:Windows_10,maj:Windows_10,leaf:Windows_10,leaf:Windows_10,leaf:Windows_10
7584,fam:Windows,fam:Windows,fam:Windows,maj:Windows_10,maj:Windows_10,maj:Windows_10,leaf:Windows_10,leaf:Windows_10,leaf:Windows_10
7585,fam:Windows,fam:Windows,fam:Windows,maj:Windows_10,maj:Windows_10,maj:Windows_10,leaf:Windows_10,leaf:Windows_10,leaf:Windows_10
7586,fam:Windows,fam:Windows,fam:Windows,maj:Windows_10,maj:Windows_10,maj:Windows_10,leaf:Windows_10,leaf:Windows_10,leaf:Windows_10
7587,fam:Windows,fam:Windows,fam:Windows,maj:Windows_10,maj:Windows_10,maj:Windows_10,leaf:Windows_10,leaf:Windows_10,leaf:Windows_10
7588,fam:Windows,fam:Windows,fam:Windows,maj:Windows_10,maj:Windows_10,maj:Windows_10,leaf:Windows_10,leaf:Windows_7,leaf:Android_4_1.0|leaf:Windows_10|leaf:Windows_7
7589,fam:Windows,fam:Windows,fam:Windows,maj:Windows_10,maj:Windows_10,maj:Windows_10,leaf:Windows_10,leaf:Windows_10,leaf:Windows_10
7590,fam:Windows,fam:Windows,fam:Windows,maj:Windows_10,maj:Windows_10,maj:Windows_10,leaf:Windows_10,leaf:Windows_10,leaf:Windows_10
7591,fam:Windows,fam:Windows,fam:Windows,maj:Windows_10,maj:Windows_10,maj:Windows_10,leaf:Windows_10,leaf:Windows_10,leaf:Windows_10
7592,fam:Windows,fam:Windows,fam:Windows,maj:Windows_10,maj:Windows_10,maj:Windows_10,leaf:Windows_10,leaf:Windows_10,leaf:Windows_10
7593,fam:Windows,fam:Windows,fam:Windows,maj:Windows_10,maj:Windows_10,maj:Windows_10,leaf:Windows_10,leaf:Windows_10,leaf:Windows_10
7594,fam:Windows,fam:Windows,fam:Windows,maj:Windows_10,maj:Windows_10,maj:Windows_10,leaf:Windows_10,leaf:Windows_10,leaf:Windows_10
7598,fam:Windows,fam:Windows,fam:Windows,maj:Windows_10,maj:Windows_10,maj:Windows_10,leaf:Windows_10,leaf:Windows_10,leaf:Windows_10
7602,fam:Windows,fam:Windows,fam:Windows,maj:Windows_10,maj:Windows_10,maj:Windows_10,leaf:Windows_10,leaf:Windows_10,leaf:Windows_10
7603,fam:Windows,fam:Windows,fam:Windows,maj:Windows_10,maj:Windows_10,maj:Windows_10,leaf:Windows_10,leaf:Windows_10,leaf:Windows_10
7604,fam:Windows,fam:Windows,fam:Windows,maj:Windows_10,maj:Windows_10,maj:Windows_10,leaf:Windows_10,leaf:Windows_10,leaf:Windows_10
7606,fam:Windows,fam:Windows,fam:Windows,maj:Windows_10,maj:Windows_10,maj:Windows_10,leaf:Windows_10,leaf:Windows_10,leaf:Windows_10
7607,fam:Windows,fam:Windows,fam:Windows,maj:Windows_10,maj:Windows_10,maj:Windows_10,leaf:Windows_10,leaf:Windows_10,leaf:Windows_10
7609,fam:Windows,fam:Windows,fam:Windows,maj:Windows_10,maj:Windows_10,maj:Windows_10,leaf:Windows_10,leaf:Windows_10,leaf:Windows_10
7612,fam:Windows,fam:Windows,fam:Windows,maj:Windows_10,maj:Windows_10,maj:Windows_10,leaf:Windows_10,leaf:Windows_10,leaf:Windows_10
7618,fam:Windows,fam:Windows,fam:Windows,maj:Windows_10,maj:Windows_8,maj:Windows_10|maj:Windows_8,leaf:Windows_10,leaf:Windows_8_1.0,leaf:Windows_10|leaf:Windows_8_1.0
7622,fam:Windows,fam:Windows,fam:Windows,maj:Windows_10,maj:Windows_10,maj:Windows_10,leaf:Windows_10,leaf:Windows_10,leaf:Windows_10
7624,fam:Windows,fam:Windows,fam:Windows,maj:Windows_10,maj:Windows_10,maj:Windows_10,leaf:Windows_10,leaf:Linux_OTHER,leaf:Linux_OTHER|leaf:Linux_Ubuntu
7625,fam:Windows,fam:Windows,fam:Windows,maj:Windows_10,maj:Windows_10,maj:Windows_10,leaf:Windows_10,leaf:Windows_10,leaf:Windows_10
7626,fam:Windows,fam:Windows,fam:Windows,maj:Windows_10,maj:Windows_10,maj:Windows_10,leaf:Windows_10,leaf:Windows_10,leaf:Windows_10
7627,fam:Windows,fam:Windows,fam:Windows,maj:Windows_10,maj:Windows_10,maj:Windows_10,leaf:Windows_10,leaf:Windows_10,leaf:Windows_10
7628,fam:Windows,fam:Windows,fam:Windows,maj:Windows_10,maj:Windows_10,maj:Windows_10,leaf:Windows_10,leaf:Windows_10,leaf:Windows_10
7630,fam:Windows,fam:Windows,fam:Windows,maj:Windows_10,maj:Windows_10,maj:Windows_10,leaf:Windows_10,leaf:Windows_10,leaf:Windows_10
7631,fam:Windows,fam:Windows,fam:Windows,maj:Windows_10,maj:Windows_10,maj:Windows_10,leaf:Windows_10,leaf:Windows_10,leaf:Windows_10
7632,fam:Windows,fam:Windows,fam:Windows,maj:Windows_10,maj:Windows_10,maj:Windows_10,leaf:Windows_10,leaf:Windows_10,leaf:Windows_10
7635,fam:Windows,fam:Windows,fam:Windows,maj:Windows_10,maj:Windows_10,maj:Windows_10,leaf:Windows_10,leaf:Windows_10,leaf:Windows_10
7638,fam:Windows,fam:Windows,fam:Windows,maj:Windows_10,maj:Windows_8,maj:Windows_10|maj:Windows_8,leaf:Windows_10,leaf:Windows_8_1.0,leaf:Windows_10|leaf:Windows_8_1.0
7640,fam:Windows,fam:Windows,fam:Windows,maj:Windows_10,maj:Windows_10,maj:Windows_10,leaf:Windows_10,leaf:Windows_10,leaf:Windows_10
7641,fam:Windows,fam:Windows,fam:Windows,maj:Windows_10,maj:Windows_10,maj:Windows_10,leaf:Windows_10,leaf:Windows_10,leaf:Windows_10
7644,fam:Windows,fam:Windows,fam:Windows,maj:Windows_10,maj:Windows_10,maj:Windows_10,leaf:Windows_10,leaf:Windows_10,leaf:Windows_10
7646,fam:Windows,fam:Windows,fam:Windows,maj:Windows_10,maj:Windows_10,maj:Windows_10,leaf:Windows_10,leaf:Windows_10,leaf:Windows_10
7649,fam:Windows,fam:Windows,fam:Windows,maj:Windows_10,maj:Windows_10,maj:Windows_10,leaf:Windows_10,leaf:Windows_10,leaf:Windows_10
7657,fam:Windows,fam:Windows,fam:Windows,maj:Windows_10,maj:Windows_10,maj:Windows_10,leaf:Windows_10,leaf:Windows_10,leaf:Windows_10
7658,fam:Windows,fam:Windows,fam:Windows,maj:Windows_10,maj:Windows_10,maj:Windows_10,leaf:Windows_10,leaf:Windows_10,leaf:Windows_10
7659,fam:Windows,fam:Windows,fam:Windows,maj:Windows_10,maj:Windows_10,maj:Windows_10,leaf:Windows_10,leaf:Windows_10,leaf:Windows_10
7660,fam:Windows,fam:Windows,fam:Windows,maj:Windows_10,maj:Windows_10,maj:Windows_10,leaf:Windows_10,leaf:Windows_10,leaf:Windows_10
7663,fam:Windows,fam:Windows,fam:Windows,maj:Windows_10,maj:Windows_10,maj:Windows_10|maj:Windows_7,leaf:Windows_10,leaf:Windows_10,leaf:Windows_10|leaf:Windows_7
7664,fam:Windows,fam:Windows,fam:Windows,maj:Windows_10,maj:Windows_10,maj:Windows_10,leaf:Windows_10,leaf:Windows_10,leaf:Windows_10
7665,fam:Windows,fam:Windows,fam:Windows,maj:Windows_10,maj:Windows_10,maj:Windows_10,leaf:Windows_10,leaf:Windows_10,leaf:Windows_10
7666,fam:Windows,fam:Windows,fam:Windows,maj:Windows_10,maj:Windows_10,maj:Windows_10,leaf:Windows_10,leaf:Windows_10,leaf:Windows_10
7667,fam:Windows,fam:Windows,fam:Windows,maj:Windows_10,maj:Windows_10,maj:Windows_10,leaf:Windows_10,leaf:Windows_10,leaf:Windows_10
7671,fam:Windows,fam:Android,,maj:Windows_10,maj:Android_10,maj:Android_10,leaf:Windows_10,leaf:Android_8_0.0,leaf:Android_8_0.0|leaf:Android_9
7674,fam:Windows,fam:Windows,fam:Windows,maj:Windows_10,maj:Windows_10,maj:Windows_10,leaf:Windows_10,leaf:Windows_10,leaf:Windows_10
7678,fam:Windows,fam:Windows,fam:Windows,maj:Windows_10,maj:Windows_10,maj:Windows_10,leaf:Windows_10,leaf:Windows_10,leaf:Windows_10
7679,fam:Windows,fam:Windows,fam:Windows,maj:Windows_10,maj:Windows_10,maj:Windows_10,leaf:Windows_10,leaf:Windows_10,leaf:Windows_10
7682,fam:Windows,fam:Windows,,maj:Windows_10,maj:Android_9,maj:Android_9,leaf:Windows_10,leaf:Android_8_0.0,leaf:Android_8_0.0|leaf:Android_9
7683,fam:Windows,fam:Windows,fam:Windows,maj:Windows_10,maj:Windows_10,maj:Windows_10,leaf:Windows_10,leaf:Windows_10,leaf:Windows_10|leaf:Windows_8_OTHER
7687,fam:Windows,fam:Windows,fam:Windows,maj:Windows_10,maj:Windows_10,maj:Windows_10,leaf:Windows_10,leaf:Windows_10,leaf:Windows_10
7689,fam:Windows,fam:Windows,fam:Windows,maj:Windows_10,maj:Windows_10,maj:Windows_10,leaf:Windows_10,leaf:Windows_10,leaf:Windows_10|leaf:Windows_7
7693,fam:Windows,fam:Windows,fam:Windows,maj:Windows_10,maj:Windows_10,maj:Windows_10,leaf:Windows_10,leaf:Windows_10,leaf:Windows_10
7694,fam:Windows,fam:Windows,fam:Windows,maj:Windows_10,maj:Windows_10,maj:Windows_10,leaf:Windows_10,leaf:Windows_10,leaf:Windows_10
7695,fam:Windows,fam:Windows,fam:Windows,maj:Windows_10,maj:Windows_10,maj:Windows_10,leaf:Windows_10,leaf:Windows_10,leaf:Windows_10
7696,fam:Windows,fam:Windows,fam:Windows,maj:Windows_10,maj:Windows_10,maj:Windows_10,leaf:Windows_10,leaf:Windows_10,leaf:Windows_10
7697,fam:Windows,fam:Windows,fam:Windows,maj:Windows_10,maj:Windows_10,maj:Windows_10,leaf:Windows_10,leaf:Windows_10,leaf:Windows_10
7698,fam:Windows,fam:Windows,fam:Windows,maj:Windows_10,maj:Windows_10,maj:Windows_10,leaf:Windows_10,leaf:Windows_10,leaf:Windows_10|leaf:Windows_7
7699,fam:Windows,fam:Windows,fam:Windows,maj:Windows_10,maj:Windows_10,maj:Windows_10,leaf:Windows_10,leaf:Windows_10,leaf:Windows_10
7701,fam:Windows,fam:Windows,fam:Windows,maj:Windows_10,maj:Windows_10,maj:Windows_10,leaf:Windows_10,leaf:Windows_10,leaf:Windows_10
7702,fam:Windows,fam:Windows,fam:Windows,maj:Windows_10,maj:Windows_10,maj:Windows_10,leaf:Windows_10,leaf:Windows_10,leaf:Windows_10
7703,fam:Windows,fam:Windows,fam:Windows,maj:Windows_10,maj:Windows_10,maj:Windows_10,leaf:Windows_10,leaf:Windows_10,leaf:Windows_10
7704,fam:Windows,fam:Windows,fam:Windows,maj:Windows_10,maj:Windows_10,maj:Windows_10,leaf:Windows_10,leaf:Windows_10,leaf:Windows_10
7708,fam:Windows,fam:Windows,fam:Windows,maj:Windows_10,maj:Windows_10,maj:Windows_10,leaf:Windows_10,leaf:Windows_10,leaf:Windows_10
7709,fam:Windows,fam:Windows,fam:Windows,maj:Windows_10,maj:Windows_10,maj:Windows_10,leaf:Windows_10,leaf:Windows_10,leaf:Windows_10
7710,fam:Windows,fam:Windows,fam:Windows,maj:Windows_10,maj:Windows_10,maj:Windows_10,leaf:Windows_10,leaf:Windows_10,leaf:Windows_10
7711,fam:Windows,fam:Windows,fam:Windows,maj:Windows_10,maj:Windows_10,maj:Windows_10,leaf:Windows_10,leaf:Windows_10,leaf:Windows_10
7712,fam:Windows,fam:Windows,fam:Windows,maj:Windows_10,maj:Windows_10,maj:Windows_10,leaf:Windows_10,leaf:Windows_10,leaf:Windows_10
7714,fam:Windows,fam:Windows,fam:Windows,maj:Windows_10,maj:Windows_10,maj:Windows_10,leaf:Windows_10,leaf:Windows_10,leaf:Windows_10
7716,fam:Windows,fam:Windows,fam:Windows,maj:Windows_10,maj:Windows_10,maj:Windows_10,leaf:Windows_10,leaf:Windows_10,leaf:Windows_10
7719,fam:Windows,fam:Windows,fam:Windows,maj:Windows_10,maj:Windows_10,maj:Windows_10,leaf:Windows_10,leaf:Windows_10,leaf:Windows_10
7720,fam:Windows,fam:Windows,fam:Windows,maj:Windows_10,maj:Windows_10,maj:Windows_10,leaf:Windows_10,leaf:Windows_10,leaf:Windows_10
7721,fam:Windows,fam:Windows,fam:Windows,maj:Windows_10,maj:Windows_10,maj:Windows_10,leaf:Windows_10,leaf:Windows_10,leaf:Windows_10
7722,fam:Windows,fam:Windows,fam:Windows,maj:Windows_10,maj:Windows_10,maj:Windows_10,leaf:Windows_10,leaf:Windows_10,leaf:Windows_10
7726,fam:Windows,fam:Windows,fam:Windows,maj:Windows_10,maj:Windows_10,maj:Windows_10,leaf:Windows_10,leaf:Windows_10,leaf:Windows_10
7727,fam:Windows,fam:Windows,fam:Windows,maj:Windows_10,maj:Windows_10,maj:Windows_10,leaf:Windows_10,leaf:Windows_10,leaf:Windows_10
7728,fam:Windows,fam:Windows,fam:Windows,maj:Windows_10,maj:Windows_10,maj:Windows_10,leaf:Windows_10,leaf:Windows_10,leaf:Windows_10
7729,fam:Windows,fam:Windows,fam:Windows,maj:Windows_10,maj:Windows_10,maj:Windows_10,leaf:Windows_10,leaf:Windows_10,leaf:Windows_10
7730,fam:Windows,fam:Windows,fam:Windows,maj:Windows_10,maj:Windows_10,maj:Windows_10,leaf:Windows_10,leaf:Windows_7,leaf:Windows_10|leaf:Windows_7|leaf:Windows_8_1.0
7732,fam:Windows,fam:Windows,fam:Windows,maj:Windows_10,maj:Windows_8,maj:Windows_8,leaf:Windows_10,leaf:Windows_8_OTHER,leaf:Windows_10|leaf:Windows_8_OTHER
7734,fam:Windows,fam:Windows,fam:Windows,maj:Windows_10,maj:Windows_10,maj:Windows_10,leaf:Windows_10,leaf:Windows_10,leaf:Windows_10
7735,fam:Windows,fam:Windows,fam:Windows,maj:Windows_10,maj:Windows_10,maj:Windows_10,leaf:Windows_10,leaf:Windows_10,leaf:Windows_10
7736,fam:Windows,fam:Windows,fam:Windows,maj:Windows_10,maj:Windows_10,maj:Windows_10,leaf:Windows_10,leaf:Windows_10,leaf:Windows_10
7737,fam:Windows,fam:Windows,fam:Windows,maj:Windows_10,maj:Windows_10,maj:Windows_10,leaf:Windows_10,leaf:Windows_10,leaf:Windows_10
7742,fam:Windows,fam:Windows,fam:Windows,maj:Windows_10,maj:Windows_10,maj:Windows_10,leaf:Windows_10,leaf:Windows_10,leaf:Windows_10
7743,fam:Windows,fam:Windows,fam:Windows,maj:Windows_10,maj:Windows_10,maj:Windows_10,leaf:Windows_10,leaf:Windows_10,leaf:Windows_10
7744,fam:Windows,fam:Windows,fam:Windows,maj:Windows_10,maj:Windows_10,maj:Windows_10,leaf:Windows_10,leaf:Windows_10,leaf:Windows_10
7747,fam:Windows,fam:Windows,fam:Windows,maj:Windows_10,maj:Windows_10,maj:Windows_10,leaf:Windows_10,leaf:Windows_10,leaf:Windows_10
7749,fam:Windows,fam:Windows,fam:Windows,maj:Windows_10,maj:Windows_10,maj:Windows_10,leaf:Windows_10,leaf:Windows_10,leaf:Windows_10
7751,fam:Windows,fam:Windows,fam:Windows,maj:Windows_10,maj:Windows_8,maj:Windows_8,leaf:Windows_10,leaf:Windows_8_OTHER,leaf:Windows_8_1.0|leaf:Windows_8_OTHER
7753,fam:Windows,fam:Windows,fam:Windows,maj:Windows_10,maj:Windows_10,maj:Windows_10,leaf:Windows_10,leaf:Windows_10,leaf:Windows_10
7759,fam:Windows,fam:Windows,fam:Windows,maj:Windows_10,maj:Windows_10,maj:Windows_10,leaf:Windows_10,leaf:Windows_10,leaf:Windows_10
7760,fam:Windows,fam:Windows,fam:Windows,maj:Windows_10,maj:Windows_10,maj:Windows_10,leaf:Windows_10,leaf:Windows_10,leaf:Windows_10
7761,fam:Windows,fam:Windows,fam:Windows,maj:Windows_10,maj:Windows_10,maj:Windows_10,leaf:Windows_10,leaf:Windows_10,leaf:Windows_10
7763,fam:Windows,fam:Windows,fam:Windows,maj:Windows_10,maj:Windows_10,maj:Windows_10,leaf:Windows_10,leaf:Windows_10,leaf:Windows_10
7764,fam:Windows,fam:Windows,fam:Windows,maj:Windows_10,maj:Windows_10,maj:Windows_10,leaf:Windows_10,leaf:Windows_8_1.0,leaf:Windows_10|leaf:Windows_8_1.0
7766,fam:Windows,fam:Windows,fam:Windows,maj:Windows_10,maj:Windows_10,maj:Windows_10,leaf:Windows_10,leaf:Android_4_4.0,leaf:Android_4_4.0
7767,fam:Windows,fam:Windows,fam:Windows,maj:Windows_10,maj:Windows_10,maj:Windows_10,leaf:Windows_10,leaf:Windows_10,leaf:Windows_10
7774,fam:Windows,fam:Windows,fam:Windows,maj:Windows_10,maj:Windows_10,maj:Windows_10,leaf:Windows_10,leaf:Windows_10,leaf:Windows_10
7775,fam:Windows,fam:Windows,fam:Windows,maj:Windows_10,maj:Windows_10,maj:Windows_10,leaf:Windows_10,leaf:Windows_10,leaf:Windows_10
7776,fam:Windows,fam:Windows,fam:Windows,maj:Windows_10,maj:Windows_10,maj:Windows_10,leaf:Windows_10,leaf:Windows_10,leaf:Windows_10
7779,fam:Windows,fam:Windows,fam:Windows,maj:Windows_10,maj:Windows_10,maj:Windows_10,leaf:Windows_10,leaf:Windows_10,leaf:Windows_10
7780,fam:Windows,fam:Windows,fam:Windows,maj:Windows_10,maj:Windows_10,maj:Windows_10,leaf:Windows_10,leaf:Windows_10,leaf:Windows_10
7781,fam:Windows,fam:Windows,fam:Windows,maj:Windows_10,maj:Windows_10,maj:Windows_10,leaf:Windows_10,leaf:Windows_10,leaf:Windows_10
7782,fam:Windows,fam:Windows,fam:Windows,maj:Windows_10,maj:Windows_10,maj:Windows_10,leaf:Windows_10,leaf:Windows_10,leaf:Windows_10
7784,fam:Windows,fam:Windows,fam:Windows,maj:Windows_10,maj:Windows_10,maj:Windows_10,leaf:Windows_10,leaf:Windows_10,leaf:Windows_10
7785,fam:Windows,fam:Windows,fam:Windows,maj:Windows_10,maj:Windows_10,maj:Windows_10,leaf:Windows_10,leaf:Windows_10,leaf:Windows_10
7787,fam:Windows,fam:Windows,fam:Windows,maj:Windows_10,maj:Windows_10,maj:Windows_10,leaf:Windows_10,leaf:Windows_10,leaf:Windows_10
7788,fam:Windows,fam:Windows,fam:Windows,maj:Windows_10,maj:Windows_10,maj:Windows_10,leaf:Windows_10,leaf:Windows_10,leaf:Windows_10
7789,fam:Windows,fam:Windows,fam:Windows,maj:Windows_10,maj:Windows_10,maj:Windows_10,leaf:Windows_10,leaf:Windows_10,leaf:Windows_10
7791,fam:Windows,fam:Windows,fam:Windows,maj:Windows_10,maj:Windows_10,maj:Windows_10,leaf:Windows_10,leaf:Windows_10,leaf:Windows_10
7798,fam:Windows,fam:Windows,fam:Windows,maj:Windows_10,maj:Windows_10,maj:Windows_10,leaf:Windows_10,leaf:Windows_10,leaf:Windows_10
7800,fam:Windows,fam:Windows,fam:Windows,maj:Windows_10,maj:Windows_10,maj:Windows_10,leaf:Windows_10,leaf:Windows_10,leaf:Windows_10|leaf:Windows_8_OTHER
7801,fam:Windows,fam:Windows,fam:Windows,maj:Windows_10,maj:Windows_10,maj:Windows_10,leaf:Windows_10,leaf:Windows_10,leaf:Windows_10
7806,fam:Windows,fam:Windows,fam:Windows,maj:Windows_10,maj:Windows_10,maj:Windows_10,leaf:Windows_10,leaf:Windows_10,leaf:Windows_10
7807,fam:Windows,fam:Windows,fam:Windows,maj:Windows_10,maj:Windows_10,maj:Windows_10,leaf:Windows_10,leaf:Windows_10,leaf:Windows_10
7809,fam:Windows,fam:Windows,fam:Windows,maj:Windows_10,maj:Windows_10,maj:Windows_10,leaf:Windows_10,leaf:Windows_10,leaf:Windows_10
7812,fam:Windows,fam:Windows,,maj:Windows_10,maj:Windows_10,maj:Windows_10,leaf:Windows_10,leaf:Android_8_0.0,leaf:Android_8_0.0
7813,fam:Windows,fam:Windows,fam:Windows,maj:Windows_10,maj:Windows_10,maj:Windows_10,leaf:Windows_10,leaf:Windows_10,leaf:Windows_10
7814,fam:Windows,fam:Windows,fam:Windows,maj:Windows_10,maj:Windows_10,maj:Windows_10,leaf:Windows_10,leaf:Windows_10,leaf:Windows_10
7815,fam:Windows,fam:Windows,fam:Windows,maj:Windows_10,maj:Windows_10,maj:Windows_10,leaf:Windows_10,leaf:Windows_10,leaf:Windows_10
7816,fam:Windows,fam:Windows,fam:Windows,maj:Windows_10,maj:Windows_10,maj:Windows_10,leaf:Windows_10,leaf:Windows_10,leaf:Windows_10
7817,fam:Windows,fam:Windows,fam:Windows,maj:Windows_10,maj:Windows_10,maj:Windows_10,leaf:Windows_10,leaf:Windows_10,leaf:Windows_10
7820,fam:Windows,fam:Windows,fam:Windows,maj:Windows_10,maj:Windows_7,maj:Windows_7,leaf:Windows_10,leaf:Windows_7,leaf:Windows_7
7821,fam:Windows,fam:Windows,fam:Windows,maj:Windows_10,maj:Windows_8,maj:Windows_8,leaf:Windows_10,leaf:Windows_7,leaf:Windows_10|leaf:Windows_7|leaf:Windows_8_1.0
7826,fam:Windows,fam:Windows,fam:Windows,maj:Windows_10,maj:Windows_10,maj:Windows_10,leaf:Windows_10,leaf:Linux_OTHER,leaf:Android_4_4.0|leaf:Linux_OTHER|leaf:Windows_10
7827,fam:Windows,fam:Windows,fam:Windows,maj:Windows_10,maj:Windows_10,maj:Windows_10,leaf:Windows_10,leaf:Windows_10,leaf:Windows_10
7828,fam:Windows,fam:Windows,fam:Windows,maj:Windows_10,maj:Windows_10,maj:Windows_10,leaf:Windows_10,leaf:Windows_10,leaf:Windows_10
7829,fam:Windows,fam:Windows,fam:Windows,maj:Windows_10,maj:Windows_10,maj:Windows_10,leaf:Windows_10,leaf:Windows_10,leaf:Windows_10
7832,fam:Windows,fam:Windows,fam:Windows,maj:Windows_10,maj:Windows_10,maj:Windows_10,leaf:Windows_10,leaf:Windows_10,leaf:Windows_10
7833,fam:Windows,fam:Windows,fam:Windows,maj:Windows_10,maj:Windows_10,maj:Windows_10,leaf:Windows_10,leaf:Windows_10,leaf:Windows_10
7837,fam:Windows,fam:Windows,fam:Windows,maj:Windows_10,maj:Windows_10,maj:Windows_10,leaf:Windows_10,leaf:Windows_10,leaf:Windows_10
7838,fam:Windows,fam:Windows,fam:Windows,maj:Windows_10,maj:Windows_10,maj:Windows_10,leaf:Windows_10,leaf:Windows_10,leaf:Windows_10
7846,fam:Windows,fam:Windows,fam:Windows,maj:Windows_10,maj:Windows_10,maj:Windows_10,leaf:Windows_10,leaf:Windows_10,leaf:Windows_10
7847,fam:Windows,fam:Windows,,maj:Windows_10,maj:Windows_10,maj:Windows_10,leaf:Windows_10,leaf:Android_9,leaf:Android_9
7848,fam:Windows,fam:Windows,fam:Windows,maj:Windows_10,maj:Windows_10,maj:Windows_10,leaf:Windows_10,leaf:Windows_10,leaf:Windows_10
7849,fam:Windows,fam:Windows,fam:Windows,maj:Windows_10,maj:Windows_10,maj:Windows_10,leaf:Windows_10,leaf:Windows_10,leaf:Windows_10
7852,fam:Windows,fam:Windows,fam:Windows,maj:Windows_10,maj:Windows_10,maj:Windows_10,leaf:Windows_10,leaf:Windows_10,leaf:Windows_10
7853,fam:Windows,fam:Windows,fam:Windows,maj:Windows_10,maj:Windows_10,maj:Windows_10,leaf:Windows_10,leaf:Windows_10,leaf:Windows_10
7854,fam:Windows,fam:Windows,fam:Windows,maj:Windows_10,maj:Windows_10,maj:Windows_10,leaf:Windows_10,leaf:Windows_10,leaf:Windows_10
7855,fam:Windows,fam:Windows,fam:Windows,maj:Windows_10,maj:Windows_10,maj:Windows_10,leaf:Windows_10,leaf:Windows_10,leaf:Windows_10
7857,fam:Windows,fam:Windows,fam:Windows,maj:Windows_10,maj:Windows_10,maj:Windows_10,leaf:Windows_10,leaf:Windows_10,leaf:Windows_10
7858,fam:Windows,fam:Windows,fam:Windows,maj:Windows_10,maj:Windows_10,maj:Windows_10,leaf:Windows_10,leaf:Windows_10,leaf:Windows_10
7862,fam:Windows,fam:Windows,fam:Windows,maj:Windows_10,maj:Windows_10,maj:Windows_10,leaf:Windows_10,leaf:Windows_10,leaf:Windows_10
7864,fam:Windows,fam:Windows,fam:Windows,maj:Windows_10,maj:Windows_10,maj:Windows_10,leaf:Windows_10,leaf:Windows_10,leaf:Windows_10
7868,fam:Windows,fam:Windows,fam:Windows,maj:Windows_10,maj:Windows_10,maj:Windows_10,leaf:Windows_10,leaf:Windows_10,leaf:Windows_10
7869,fam:Windows,fam:Windows,fam:Windows,maj:Windows_10,maj:Windows_10,maj:Windows_10,leaf:Windows_10,leaf:Windows_10,leaf:Windows_10
7871,fam:Windows,fam:Windows,fam:Windows,maj:Windows_10,maj:Windows_10,maj:Windows_10,leaf:Windows_10,leaf:Windows_10,leaf:Windows_10
7875,fam:Windows,fam:Windows,fam:Windows,maj:Windows_10,maj:Windows_10,maj:Windows_10,leaf:Windows_10,leaf:Windows_10,leaf:Windows_10
7878,fam:Windows,fam:Windows,fam:Windows,maj:Windows_10,maj:Windows_10,maj:Windows_10,leaf:Windows_10,leaf:Windows_10,leaf:Windows_10
7879,fam:Windows,fam:Linux,,maj:Windows_10,maj:Linux_OTHER,maj:Linux_OTHER,leaf:Windows_10,leaf:Linux_OTHER,leaf:Linux_OTHER
7880,fam:Windows,fam:Windows,fam:Windows,maj:Windows_10,maj:Windows_10,maj:Windows_10,leaf:Windows_10,leaf:Windows_10,leaf:Windows_10
7881,fam:Windows,fam:Windows,fam:Windows,maj:Windows_10,maj:Windows_10,maj:Windows_10,leaf:Windows_10,leaf:Windows_10,leaf:Windows_10
7883,fam:Windows,fam:Windows,fam:Windows,maj:Windows_10,maj:Windows_10,maj:Windows_10,leaf:Windows_10,leaf:Windows_10,leaf:Windows_10
7887,fam:Windows,fam:Windows,fam:Windows,maj:Windows_10,maj:Windows_10,maj:Windows_10,leaf:Windows_10,leaf:Windows_10,leaf:Windows_10
7888,fam:Windows,fam:Windows,fam:Windows,maj:Windows_10,maj:Windows_10,maj:Windows_10,leaf:Windows_10,leaf:Windows_10,leaf:Windows_10
7890,fam:Windows,fam:Windows,fam:Windows,maj:Windows_10,maj:Windows_10,maj:Windows_10,leaf:Windows_10,leaf:Windows_10,leaf:Windows_10
7891,fam:Windows,fam:Windows,fam:Windows,maj:Windows_10,maj:Windows_10,maj:Windows_10,leaf:Windows_10,leaf:Windows_10,leaf:Windows_10
7892,fam:Windows,fam:Windows,fam:Windows,maj:Windows_10,maj:Windows_10,maj:Windows_10,leaf:Windows_10,leaf:Windows_10,leaf:Windows_10
7893,fam:Windows,fam:Windows,fam:Windows,maj:Windows_10,maj:Windows_10,maj:Windows_10,leaf:Windows_10,leaf:Windows_10,leaf:Windows_10
7894,fam:Windows,fam:Windows,fam:Windows,maj:Windows_10,maj:Windows_10,maj:Windows_10,leaf:Windows_10,leaf:Windows_10,leaf:Windows_10
7895,fam:Windows,fam:macOS,,maj:Windows_10,maj:Windows_8,maj:Windows_8|maj:macOS_10,leaf:Windows_10,leaf:macOS_10_13.0,leaf:macOS_10_13.0|leaf:macOS_10_8.0
7896,fam:Windows,fam:Windows,fam:Windows,maj:Windows_10,maj:Windows_10,maj:Windows_10,leaf:Windows_10,leaf:Windows_10,leaf:Windows_10
7898,fam:Windows,fam:Windows,fam:Windows,maj:Windows_10,maj:Windows_10,maj:Windows_10,leaf:Windows_10,leaf:Windows_10,leaf:Windows_10
7900,fam:Windows,fam:Windows,fam:Windows,maj:Windows_10,maj:Windows_10,maj:Windows_10,leaf:Windows_10,leaf:Windows_10,leaf:Windows_10
7902,fam:Windows,fam:Windows,fam:Windows,maj:Windows_10,maj:Windows_10,maj:Windows_10,leaf:Windows_10,leaf:Windows_10,leaf:Windows_10|leaf:Windows_Vista
7903,fam:Windows,fam:Windows,fam:Windows,maj:Windows_10,maj:Windows_10,maj:Windows_10,leaf:Windows_10,leaf:Windows_10,leaf:Windows_10
7906,fam:Windows,fam:Windows,fam:Windows,maj:Windows_10,maj:Windows_10,maj:Windows_10,leaf:Windows_10,leaf:Windows_10,leaf:Windows_10
7910,fam:Windows,fam:Windows,fam:Windows,maj:Windows_10,maj:Windows_10,maj:Windows_10,leaf:Windows_10,leaf:Windows_10,leaf:Windows_10
7914,fam:Windows,fam:Windows,fam:Windows,maj:Windows_10,maj:Windows_10,maj:Windows_10,leaf:Windows_10,leaf:Windows_10,leaf:Windows_10
7916,fam:Windows,fam:Windows,fam:Windows,maj:Windows_10,maj:Windows_10,maj:Windows_10,leaf:Windows_10,leaf:Windows_10,leaf:Windows_10
7917,fam:Windows,fam:Windows,fam:Windows,maj:Windows_10,maj:Windows_10,maj:Windows_10,leaf:Windows_10,leaf:Windows_10,leaf:Windows_10
7919,fam:Windows,fam:Windows,fam:Windows,maj:Windows_10,maj:Windows_10,maj:Windows_10,leaf:Windows_10,leaf:Windows_10,leaf:Android_4_4.0|leaf:Windows_10
7920,fam:Windows,fam:Windows,fam:Windows,maj:Windows_10,maj:Android_4,maj:Android_4|maj:Windows_10,leaf:Windows_10,leaf:Android_4_4.0,leaf:Android_4_4.0
7921,fam:Windows,fam:Windows,fam:Windows,maj:Windows_10,maj:Windows_10,maj:Windows_10,leaf:Windows_10,leaf:Windows_10,leaf:Windows_10
7924,fam:Windows,fam:Windows,fam:Windows,maj:Windows_10,maj:Windows_10,maj:Windows_10,leaf:Windows_10,leaf:Windows_10,leaf:Windows_10
7925,fam:Windows,fam:Windows,fam:Windows,maj:Windows_10,maj:Windows_8,maj:Windows_7|maj:Windows_8,leaf:Windows_10,leaf:Windows_8_1.0,leaf:Windows_8_1.0
7927,fam:Windows,fam:Windows,fam:Windows,maj:Windows_10,maj:Windows_10,maj:Windows_10,leaf:Windows_10,leaf:Windows_10,leaf:Windows_10
7928,fam:Windows,fam:Windows,fam:Windows,maj:Windows_10,maj:Windows_10,maj:Windows_10,leaf:Windows_10,leaf:Windows_10,leaf:Windows_10
7929,fam:Windows,fam:Windows,fam:Windows,maj:Windows_10,maj:Windows_10,maj:Windows_10,leaf:Windows_10,leaf:Windows_10,leaf:Windows_10
7932,fam:Windows,fam:Windows,fam:Windows,maj:Windows_10,maj:Windows_10,maj:Windows_10,leaf:Windows_10,leaf:Windows_10,leaf:Windows_10
7938,fam:Windows,fam:Windows,fam:Windows,maj:Windows_10,maj:Windows_10,maj:Windows_10,leaf:Windows_10,leaf:Windows_10,leaf:Windows_10
7940,fam:Windows,fam:Windows,fam:Windows,maj:Windows_10,maj:Windows_10,maj:Windows_10,leaf:Windows_10,leaf:Windows_10,leaf:Windows_10
7942,fam:Windows,fam:Windows,fam:Windows,maj:Windows_10,maj:Windows_10,maj:Windows_10,leaf:Windows_10,leaf:Windows_10,leaf:Windows_10
7943,fam:Windows,fam:Windows,fam:Windows,maj:Windows_10,maj:Windows_10,maj:Windows_10,leaf:Windows_10,leaf:Windows_10,leaf:Windows_10
7944,fam:Windows,fam:Windows,fam:Windows,maj:Windows_10,maj:Windows_10,maj:Windows_10,leaf:Windows_10,leaf:Windows_10,leaf:Windows_10
7946,fam:Windows,fam:Windows,fam:Windows,maj:Windows_10,maj:Windows_8,maj:Windows_8,leaf:Windows_10,leaf:Windows_8_1.0,leaf:Windows_8_1.0|leaf:Windows_8_OTHER
7949,fam:Windows,fam:Windows,fam:Windows,maj:Windows_10,maj:Windows_10,maj:Windows_10,leaf:Windows_10,leaf:Windows_10,leaf:Windows_10
7951,fam:Windows,fam:Windows,fam:Windows,maj:Windows_10,maj:Windows_10,maj:Windows_10,leaf:Windows_10,leaf:Windows_10,leaf:Windows_10
7958,fam:Windows,fam:Windows,fam:Windows,maj:Windows_10,maj:Windows_10,maj:Windows_10,leaf:Windows_10,leaf:Windows_10,leaf:Windows_10
7959,fam:Windows,fam:Windows,fam:Windows,maj:Windows_10,maj:Windows_10,maj:Windows_10,leaf:Windows_10,leaf:macOS_10_11.0,leaf:Android_4_1.0|leaf:macOS_10_11.0
7961,fam:Windows,fam:Windows,fam:Windows,maj:Windows_10,maj:Windows_10,maj:Windows_10,leaf:Windows_10,leaf:Windows_10,leaf:Windows_10
7962,fam:Windows,fam:Windows,fam:Windows,maj:Windows_10,maj:Windows_10,maj:Windows_10,leaf:Windows_10,leaf:Windows_10,leaf:Windows_10
7965,fam:Windows,fam:Windows,fam:Windows,maj:Windows_10,maj:Windows_10,maj:Windows_10,leaf:Windows_10,leaf:Windows_10,leaf:Windows_10
7967,fam:Windows,fam:Windows,fam:Windows,maj:Windows_10,maj:Windows_10,maj:Windows_10,leaf:Windows_10,leaf:Windows_10,leaf:Windows_10
7970,fam:Windows,fam:Windows,fam:Windows,maj:Windows_10,maj:Windows_10,maj:Windows_10,leaf:Windows_10,leaf:Windows_10,leaf:Windows_10
7971,fam:Windows,fam:Windows,fam:Windows,maj:Windows_10,maj:Windows_10,maj:Windows_10,leaf:Windows_10,leaf:Windows_10,leaf:Windows_10
7975,fam:Windows,fam:Windows,fam:Windows,maj:Windows_10,maj:Windows_7,maj:Windows_7,leaf:Windows_10,leaf:Windows_7,leaf:Windows_7
7976,fam:Windows,fam:Windows,fam:Windows,maj:Windows_10,maj:Windows_8,maj:Windows_8,leaf:Windows_10,leaf:Windows_8_OTHER,leaf:Windows_8_OTHER
7978,fam:Windows,fam:Windows,fam:Windows,maj:Windows_10,maj:Windows_10,maj:Windows_10,leaf:Windows_10,leaf:Windows_10,leaf:Windows_10
7980,fam:Windows,fam:Windows,fam:Windows,maj:Windows_10,maj:Windows_10,maj:Windows_10,leaf:Windows_10,leaf:Windows_10,leaf:Windows_10
7981,fam:Windows,fam:Windows,fam:Windows,maj:Windows_10,maj:Windows_7,maj:Windows_10|maj:Windows_7,leaf:Windows_10,leaf:Windows_7,leaf:Windows_7
7982,fam:Windows,fam:Windows,fam:Windows,maj:Windows_10,maj:Windows_10,maj:Windows_10,leaf:Windows_10,leaf:Windows_10,leaf:Windows_10
7984,fam:Windows,fam:Windows,fam:Windows,maj:Windows_10,maj:Windows_10,maj:Windows_10,leaf:Windows_10,leaf:Windows_10,leaf:Windows_10
7985,fam:Windows,fam:Windows,fam:Windows,maj:Windows_10,maj:Windows_10,maj:Windows_10,leaf:Windows_10,leaf:Windows_10,leaf:Windows_10
7986,fam:Windows,fam:Windows,fam:Windows,maj:Windows_10,maj:Windows_10,maj:Windows_10,leaf:Windows_10,leaf:Windows_10,leaf:Windows_10
7987,fam:Windows,fam:Windows,fam:Windows,maj:Windows_10,maj:Windows_10,maj:Windows_10,leaf:Windows_10,leaf:Windows_10,leaf:Windows_10
7988,fam:Windows,fam:Windows,fam:Windows,maj:Windows_10,maj:Windows_10,maj:Windows_10,leaf:Windows_10,leaf:Windows_10,leaf:Windows_10
7989,fam:Windows,fam:Windows,fam:Windows,maj:Windows_10,maj:Windows_10,maj:Windows_10,leaf:Windows_10,leaf:Windows_10,leaf:Windows_10
7991,fam:Windows,fam:Windows,fam:Windows,maj:Windows_10,maj:Windows_10,maj:Windows_10,leaf:Windows_10,leaf:Windows_10,leaf:Windows_10
7992,fam:Windows,fam:Windows,fam:Windows,maj:Windows_10,maj:Windows_10,maj:Windows_10,leaf:Windows_10,leaf:Windows_10,leaf:Windows_10
7994,fam:Windows,fam:Windows,fam:Windows,maj:Windows_10,maj:Windows_10,maj:Windows_10,leaf:Windows_10,leaf:Windows_10,leaf:Windows_10
7996,fam:Windows,fam:Windows,fam:Windows,maj:Windows_10,maj:Windows_10,maj:Windows_10,leaf:Windows_10,leaf:Windows_10,leaf:Windows_10
7997,fam:Windows,fam:Windows,fam:Windows,maj:Windows_10,maj:Windows_10,maj:Windows_10,leaf:Windows_10,leaf:Windows_10,leaf:Windows_10
7998,fam:Windows,fam:Windows,fam:Windows,maj:Windows_10,maj:Windows_10,maj:Windows_10,leaf:Windows_10,leaf:Windows_10,leaf:Windows_10
7999,fam:Windows,fam:Windows,fam:Windows,maj:Windows_10,maj:Windows_8,maj:Windows_8,leaf:Windows_10,leaf:Windows_10,leaf:Windows_10|leaf:Windows_7|leaf:Windows_8_1.0
8000,fam:Windows,fam:Windows,fam:Windows,maj:Windows_10,maj:Windows_10,maj:Windows_10,leaf:Windows_10,leaf:Windows_10,leaf:Windows_10
8005,fam:Windows,fam:Android,fam:Android,maj:Windows_10,maj:Android_9,maj:Android_9,leaf:Windows_10,leaf:Windows_10,leaf:Windows_10
8011,fam:Windows,fam:Windows,fam:Windows,maj:Windows_10,maj:Windows_7,maj:Windows_10|maj:Windows_7,leaf:Windows_10,leaf:Windows_7,leaf:Windows_10|leaf:Windows_7
8015,fam:Windows,fam:Android,,maj:Windows_10,maj:Windows_XP,maj:Android_6|maj:Windows_XP,leaf:Windows_10,leaf:Windows_XP,leaf:Android_6_0.0|leaf:Windows_XP
8016,fam:Windows,fam:Windows,fam:Windows,maj:Windows_10,maj:Windows_10,maj:Windows_10,leaf:Windows_10,leaf:Windows_10,leaf:Windows_10|leaf:Windows_8_OTHER
8018,fam:Windows,fam:Windows,fam:Windows,maj:Windows_10,maj:Windows_8,maj:Windows_8,leaf:Windows_10,leaf:Windows_7,leaf:Windows_7|leaf:Windows_8_1.0
8019,fam:Windows,fam:Windows,fam:Windows,maj:Windows_10,maj:Windows_10,maj:Windows_10,leaf:Windows_10,leaf:Windows_10,leaf:Windows_10
8021,fam:Windows,fam:Windows,fam:Windows,maj:Windows_10,maj:Windows_10,maj:Windows_10,leaf:Windows_10,leaf:Windows_10,leaf:Windows_10
8022,fam:Windows,fam:Windows,fam:Windows,maj:Windows_10,maj:Windows_10,maj:Windows_10,leaf:Windows_10,leaf:Windows_10,leaf:Windows_10
8023,fam:Windows,fam:Windows,fam:Windows,maj:Windows_10,maj:Windows_10,maj:Windows_10,leaf:Windows_10,leaf:Windows_10,leaf:Windows_10
8024,fam:Windows,fam:macOS,,maj:Windows_10,maj:macOS_OTHER,maj:macOS_OTHER,leaf:Windows_10,leaf:macOS_OTHER,leaf:macOS_OTHER
8025,fam:Windows,fam:Windows,fam:Windows,maj:Windows_10,maj:Windows_10,maj:Windows_10,leaf:Windows_10,leaf:Windows_7,leaf:Windows_10|leaf:Windows_7|leaf:Windows_8_1.0
8027,fam:Windows,fam:Windows,fam:Windows,maj:Windows_10,maj:Windows_10,maj:Windows_10,leaf:Windows_10,leaf:Windows_10,leaf:Windows_10
8028,fam:Windows,fam:Windows,fam:Windows,maj:Windows_10,maj:Windows_10,maj:Windows_10,leaf:Windows_10,leaf:Windows_10,leaf:Windows_10
8029,fam:Windows,fam:Windows,fam:Windows,maj:Windows_10,maj:Windows_10,maj:Windows_10,leaf:Windows_10,leaf:Windows_10,leaf:Windows_10|leaf:Windows_7
8031,fam:Windows,fam:Windows,fam:Windows,maj:Windows_10,maj:Windows_10,maj:Windows_10,leaf:Windows_10,leaf:Windows_10,leaf:Windows_10
8038,fam:Windows,fam:Windows,fam:Windows,maj:Windows_10,maj:Windows_10,maj:Windows_10,leaf:Windows_10,leaf:Windows_10,leaf:Windows_10
8039,fam:Windows,fam:Windows,fam:Windows,maj:Windows_10,maj:Windows_10,maj:Windows_10,leaf:Windows_10,leaf:Windows_10,leaf:Windows_10
8041,fam:Windows,fam:Windows,fam:Windows,maj:Windows_10,maj:Windows_10,maj:Windows_10,leaf:Windows_10,leaf:Windows_10,leaf:Windows_10|leaf:Windows_7
8042,fam:Windows,fam:Windows,fam:Windows,maj:Windows_10,maj:Windows_10,maj:Windows_10,leaf:Windows_10,leaf:Windows_10,leaf:Windows_10
8046,fam:Windows,fam:Windows,fam:Windows,maj:Windows_10,maj:Windows_10,maj:Windows_10,leaf:Windows_10,leaf:Windows_10,leaf:Windows_10
8047,fam:Windows,fam:Windows,,maj:Windows_10,maj:Windows_10,maj:Linux_OTHER|maj:Windows_10,leaf:Windows_10,leaf:Windows_10,leaf:Linux_OTHER|leaf:Windows_10
8048,fam:Windows,fam:Windows,fam:Windows,maj:Windows_10,maj:Windows_10,maj:Windows_10,leaf:Windows_10,leaf:Windows_10,leaf:Windows_10
8049,fam:Windows,fam:Windows,fam:Windows,maj:Windows_10,maj:Windows_10,maj:Windows_10,leaf:Windows_10,leaf:Windows_10,leaf:Windows_10
8050,fam:Windows,fam:Windows,fam:Windows,maj:Windows_10,maj:Windows_10,maj:Windows_10,leaf:Windows_10,leaf:Windows_10,leaf:Windows_10
8052,fam:Windows,fam:Windows,fam:Windows,maj:Windows_10,maj:Windows_10,maj:Windows_10|maj:Windows_8,leaf:Windows_10,leaf:Windows_8_OTHER,leaf:Windows_10|leaf:Windows_8_OTHER
8054,fam:Windows,fam:Windows,fam:Windows,maj:Windows_10,maj:Windows_10,maj:Windows_10,leaf:Windows_10,leaf:Windows_10,leaf:Windows_10
8057,fam:Windows,fam:Windows,fam:Windows,maj:Windows_10,maj:Windows_10,maj:Windows_10,leaf:Windows_10,leaf:Windows_10,leaf:Windows_10
8059,fam:Windows,fam:Windows,fam:Windows,maj:Windows_10,maj:Windows_10,maj:Windows_10,leaf:Windows_10,leaf:Windows_10,leaf:Windows_10
8060,fam:Windows,fam:Android,fam:Android,maj:Windows_10,maj:Android_6,maj:Android_6,leaf:Windows_10,leaf:Android_6_0.0,leaf:Android_6_0.0|leaf:Android_7_0.0
8064,fam:Windows,fam:Windows,fam:Windows,maj:Windows_10,maj:Windows_10,maj:Windows_10|maj:Windows_8,leaf:Windows_10,leaf:Windows_10,leaf:Windows_10|leaf:Windows_8_OTHER
8065,fam:Windows,fam:Windows,fam:Windows,maj:Windows_10,maj:Windows_10,maj:Windows_10,leaf:Windows_10,leaf:Windows_10,leaf:Windows_10
8066,fam:Windows,fam:Windows,fam:Windows,maj:Windows_10,maj:Windows_10,maj:Windows_10,leaf:Windows_10,leaf:Windows_10,leaf:Windows_10
8067,fam:Windows,fam:Windows,fam:Windows,maj:Windows_10,maj:Windows_10,maj:Windows_10,leaf:Windows_10,leaf:Windows_10,leaf:Windows_10
8069,fam:Windows,fam:Windows,fam:Windows,maj:Windows_10,maj:Windows_10,maj:Windows_10,leaf:Windows_10,leaf:Windows_10,leaf:Windows_10
8072,fam:Windows,fam:Windows,fam:Windows,maj:Windows_10,maj:Windows_10,maj:Windows_10,leaf:Windows_10,leaf:Windows_10,leaf:Windows_10
8077,fam:Windows,fam:Windows,fam:Windows,maj:Windows_10,maj:Windows_10,maj:Windows_10,leaf:Windows_10,leaf:Windows_10,leaf:Windows_10
8078,fam:Windows,fam:Windows,fam:Windows,maj:Windows_10,maj:Windows_10,maj:Windows_10,leaf:Windows_10,leaf:Windows_10,leaf:Windows_10
8079,fam:Windows,fam:Windows,fam:Windows,maj:Windows_10,maj:Windows_10,maj:Windows_10,leaf:Windows_10,leaf:Windows_10,leaf:Windows_10
8080,fam:Windows,fam:Windows,fam:Windows,maj:Windows_10,maj:Windows_10,maj:Windows_10,leaf:Windows_10,leaf:Windows_10,leaf:Windows_10
8082,fam:Windows,fam:Windows,fam:Windows,maj:Windows_10,maj:Windows_10,maj:Windows_10,leaf:Windows_10,leaf:Windows_10,leaf:Windows_10
8083,fam:Windows,fam:Windows,fam:Windows,maj:Windows_10,maj:Windows_10,maj:Windows_10,leaf:Windows_10,leaf:Windows_10,leaf:Windows_10
8084,fam:Windows,fam:Windows,fam:Windows,maj:Windows_10,maj:Windows_10,maj:Windows_10,leaf:Windows_10,leaf:Windows_10,leaf:Windows_10
8088,fam:Windows,fam:Windows,fam:Windows,maj:Windows_10,maj:Windows_10,maj:Windows_10,leaf:Windows_10,leaf:Windows_10,leaf:Windows_10
8089,fam:Windows,fam:Windows,fam:Windows,maj:Windows_10,maj:Windows_10,maj:Windows_10,leaf:Windows_10,leaf:Windows_10,leaf:Windows_10
8090,fam:Windows,fam:Windows,fam:Windows,maj:Windows_10,maj:Windows_10,maj:Windows_10,leaf:Windows_10,leaf:Windows_10,leaf:Windows_10
8092,fam:Windows,fam:Windows,fam:Windows,maj:Windows_10,maj:Windows_7,maj:Windows_10|maj:Windows_7,leaf:Windows_10,leaf:Windows_10,leaf:Windows_10
8093,fam:Windows,fam:Windows,fam:Windows,maj:Windows_10,maj:Windows_10,maj:Windows_10,leaf:Windows_10,leaf:Windows_10,leaf:Windows_10
8094,fam:Windows,fam:Windows,fam:Windows,maj:Windows_10,maj:Windows_10,maj:Windows_10,leaf:Windows_10,leaf:Windows_10,leaf:Windows_10
8098,fam:Windows,fam:Windows,fam:Windows,maj:Windows_7,maj:Windows_7,maj:Windows_7,leaf:Windows_7,leaf:Windows_7,leaf:Windows_7
8101,fam:Windows,fam:Windows,fam:Windows,maj:Windows_7,maj:Windows_7,maj:Windows_7,leaf:Windows_7,leaf:Windows_7,leaf:Windows_7
8106,fam:Windows,fam:Windows,fam:Windows,maj:Windows_7,maj:Windows_7,maj:Windows_7,leaf:Windows_7,leaf:Windows_7,leaf:Windows_7
8107,fam:Windows,fam:Windows,fam:Windows,maj:Windows_7,maj:Windows_7,maj:Windows_7,leaf:Windows_7,leaf:Windows_7,leaf:Windows_7
8108,fam:Windows,fam:Windows,fam:Windows,maj:Windows_7,maj:Windows_7,maj:Windows_7,leaf:Windows_7,leaf:Windows_7,leaf:Windows_7
8109,fam:Windows,fam:Windows,fam:Windows,maj:Windows_7,maj:Windows_7,maj:Windows_7,leaf:Windows_7,leaf:Windows_7,leaf:Windows_7
8110,fam:Windows,fam:Windows,fam:Windows,maj:Windows_7,maj:Windows_7,maj:Windows_7,leaf:Windows_7,leaf:Windows_7,leaf:Windows_7
8111,fam:Windows,fam:Windows,fam:Windows,maj:Windows_7,maj:Windows_7,maj:Windows_7,leaf:Windows_7,leaf:Windows_7,leaf:Windows_7
8112,fam:Windows,fam:Windows,fam:Windows,maj:Windows_7,maj:Windows_7,maj:Windows_7,leaf:Windows_7,leaf:Windows_7,leaf:Windows_7
8115,fam:Windows,fam:Windows,fam:Windows,maj:Windows_7,maj:Windows_7,maj:Windows_7,leaf:Windows_7,leaf:Windows_7,leaf:Windows_7
8116,fam:Windows,fam:Windows,fam:Windows,maj:Windows_7,maj:Windows_7,maj:Windows_7,leaf:Windows_7,leaf:Windows_8_1.0,leaf:Windows_7|leaf:Windows_8_1.0
8119,fam:Windows,fam:Windows,fam:Windows,maj:Windows_7,maj:Windows_7,maj:Windows_7,leaf:Windows_7,leaf:Windows_7,leaf:Windows_7
8124,fam:Windows,fam:Windows,fam:Windows,maj:Windows_7,maj:Windows_7,maj:Windows_7,leaf:Windows_7,leaf:Windows_7,leaf:Windows_7
8125,fam:Windows,fam:Windows,fam:Windows,maj:Windows_7,maj:Windows_7,maj:Windows_7,leaf:Windows_7,leaf:Windows_7,leaf:Windows_7
8129,fam:Windows,fam:Windows,fam:Windows,maj:Windows_7,maj:Windows_8,maj:Windows_8,leaf:Windows_7,leaf:Windows_8_1.0,leaf:Windows_8_1.0
8130,fam:Windows,fam:Windows,fam:Windows,maj:Windows_7,maj:Windows_7,maj:Windows_7,leaf:Windows_7,leaf:Windows_7,leaf:Windows_7
8131,fam:Windows,fam:Windows,fam:Windows,maj:Windows_7,maj:Windows_7,maj:Windows_7,leaf:Windows_7,leaf:Windows_7,leaf:Windows_7
8134,fam:Windows,fam:Windows,fam:Windows,maj:Windows_7,maj:Windows_8,maj:Windows_8,leaf:Windows_7,leaf:Windows_8_1.0,leaf:Windows_8_1.0|leaf:Windows_8_OTHER
8135,fam:Windows,fam:Windows,fam:Windows,maj:Windows_7,maj:Windows_7,maj:Windows_7,leaf:Windows_7,leaf:Windows_7,leaf:Windows_7
8136,fam:Windows,fam:Windows,fam:Windows,maj:Windows_7,maj:Windows_7,maj:Windows_7,leaf:Windows_7,leaf:Windows_7,leaf:Windows_7
8137,fam:Windows,fam:Windows,,maj:Windows_7,maj:Windows_8,maj:Windows_7|maj:Windows_8,leaf:Windows_7,leaf:Windows_7,leaf:Windows_7
8139,fam:Windows,fam:Windows,fam:Windows,maj:Windows_7,maj:Windows_7,maj:Windows_7,leaf:Windows_7,leaf:Windows_7,leaf:Windows_7
8141,fam:Windows,fam:Windows,fam:Windows,maj:Windows_7,maj:Windows_7,maj:Windows_7,leaf:Windows_7,leaf:Windows_7,leaf:Windows_7
8142,fam:Windows,fam:Windows,fam:Windows,maj:Windows_7,maj:Windows_7,maj:Windows_7,leaf:Windows_7,leaf:Windows_7,leaf:Windows_7
8144,fam:Windows,fam:Windows,fam:Windows,maj:Windows_7,maj:Windows_7,maj:Windows_7,leaf:Windows_7,leaf:Windows_7,leaf:Windows_7
8146,fam:Windows,fam:Windows,fam:Windows,maj:Windows_7,maj:Windows_7,maj:Windows_7,leaf:Windows_7,leaf:Windows_7,leaf:Windows_7
8147,fam:Windows,fam:Windows,fam:Windows,maj:Windows_7,maj:Windows_7,maj:Windows_7|maj:Windows_8,leaf:Windows_7,leaf:Windows_8_1.0,leaf:Windows_7|leaf:Windows_8_1.0
8151,fam:Windows,fam:Android,,maj:Windows_7,maj:Windows_7,maj:Windows_7,leaf:Windows_7,leaf:Linux_OTHER,leaf:Linux_OTHER|leaf:Windows_7|leaf:macOS_10_15.0
8156,fam:Windows,fam:Windows,fam:Windows,maj:Windows_7,maj:Windows_7,maj:Windows_7,leaf:Windows_7,leaf:Windows_7,leaf:Windows_7
8158,fam:Windows,fam:Windows,fam:Windows,maj:Windows_7,maj:Windows_7,maj:Windows_7,leaf:Windows_7,leaf:Windows_7,leaf:Windows_7
8161,fam:Windows,fam:Windows,fam:Windows,maj:Windows_7,maj:Windows_8,maj:Windows_7|maj:Windows_8,leaf:Windows_7,leaf:Windows_8_1.0,leaf:Windows_7|leaf:Windows_8_1.0|leaf:Windows_8_OTHER
8162,fam:Windows,fam:Windows,fam:Windows,maj:Windows_7,maj:Windows_7,maj:Windows_7,leaf:Windows_7,leaf:Windows_7,leaf:Windows_7
8163,fam:Windows,fam:Linux,,maj:Windows_7,maj:iOS_12,maj:iOS_12|maj:macOS_10,leaf:Windows_7,leaf:Windows_Vista,leaf:Windows_Vista
8166,fam:Windows,fam:Windows,fam:Windows,maj:Windows_7,maj:Windows_8,maj:Windows_7|maj:Windows_8,leaf:Windows_7,leaf:Windows_8_1.0,leaf:Windows_7|leaf:Windows_8_1.0
8168,fam:Windows,fam:Windows,fam:Windows,maj:Windows_7,maj:Windows_7,maj:Windows_7,leaf:Windows_7,leaf:Windows_7,leaf:Windows_7
8169,fam:Windows,fam:Windows,fam:Windows,maj:Windows_7,maj:Windows_7,maj:Windows_7,leaf:Windows_7,leaf:Windows_7,leaf:Windows_7|leaf:macOS_10_9.0
8170,fam:Windows,fam:Windows,fam:Windows,maj:Windows_7,maj:Windows_7,maj:Windows_7,leaf:Windows_7,leaf:Windows_7,leaf:Windows_7
8171,fam:Windows,fam:Windows,fam:Windows,maj:Windows_7,maj:Windows_7,maj:Windows_7,leaf:Windows_7,leaf:Windows_7,leaf:Windows_7
8172,fam:Windows,fam:Windows,fam:Windows,maj:Windows_7,maj:Windows_7,maj:Windows_7,leaf:Windows_7,leaf:Windows_7,leaf:Windows_7
8173,fam:Windows,fam:Windows,fam:Windows,maj:Windows_7,maj:Windows_8,maj:Windows_8,leaf:Windows_7,leaf:Windows_8_1.0,leaf:Windows_7|leaf:Windows_8_1.0
8175,fam:Windows,fam:Windows,fam:Windows,maj:Windows_7,maj:Windows_8,maj:Windows_7|maj:Windows_8,leaf:Windows_7,leaf:Windows_8_1.0,leaf:Windows_8_1.0|leaf:Windows_8_OTHER
8177,fam:Windows,fam:Windows,fam:Windows,maj:Windows_7,maj:Windows_7,maj:Windows_7,leaf:Windows_7,leaf:Windows_7,leaf:Windows_7
8181,fam:Windows,fam:Windows,fam:Windows,maj:Windows_7,maj:Windows_7,maj:Windows_7,leaf:Windows_7,leaf:Windows_7,leaf:Windows_7
8182,fam:Windows,fam:Windows,fam:Windows,maj:Windows_7,maj:Windows_7,maj:Windows_7,leaf:Windows_7,leaf:Windows_7,leaf:Windows_7
8185,fam:Windows,fam:Windows,fam:Windows,maj:Windows_7,maj:Windows_7,maj:Windows_7,leaf:Windows_7,leaf:Windows_7,leaf:Windows_7
8186,fam:Windows,fam:macOS,,maj:Windows_7,maj:Windows_8,maj:Windows_8,leaf:Windows_7,leaf:macOS_10_13.0,leaf:macOS_10_13.0|leaf:macOS_10_8.0
8189,fam:Windows,fam:Windows,fam:Windows,maj:Windows_7,maj:Windows_7,maj:Windows_7,leaf:Windows_7,leaf:Windows_7,leaf:Windows_7
8190,fam:Windows,fam:Windows,fam:Windows,maj:Windows_7,maj:Windows_7,maj:Windows_7,leaf:Windows_7,leaf:Windows_7,leaf:Windows_7
8192,fam:Windows,fam:Windows,fam:Windows,maj:Windows_7,maj:Windows_7,maj:Windows_7,leaf:Windows_7,leaf:Windows_7,leaf:Windows_7
8194,fam:Windows,fam:Windows,fam:Windows,maj:Windows_7,maj:Windows_8,maj:Windows_7|maj:Windows_8,leaf:Windows_7,leaf:Windows_8_1.0,leaf:Windows_8_1.0
8196,fam:Windows,fam:Windows,fam:Windows,maj:Windows_7,maj:Windows_7,maj:Windows_7,leaf:Windows_7,leaf:Windows_7,leaf:Windows_7
8198,fam:Windows,fam:Windows,fam:Windows,maj:Windows_7,maj:Windows_7,maj:Windows_7,leaf:Windows_7,leaf:Windows_7,leaf:Windows_7
8199,fam:Windows,fam:Windows,fam:Windows,maj:Windows_7,maj:Windows_7,maj:Windows_7,leaf:Windows_7,leaf:Windows_7,leaf:Windows_7
8200,fam:Windows,fam:Windows,fam:Windows,maj:Windows_7,maj:Windows_7,maj:Windows_7,leaf:Windows_7,leaf:Windows_7,leaf:Windows_7
8202,fam:Windows,fam:Windows,fam:Windows,maj:Windows_7,maj:Windows_7,maj:Windows_7,leaf:Windows_7,leaf:Windows_7,leaf:Windows_7
8204,fam:Windows,fam:Windows,,maj:Windows_7,maj:Windows_7,maj:Windows_10|maj:Windows_7,leaf:Windows_7,leaf:Linux_OTHER,leaf:Linux_OTHER|leaf:Windows_10
8205,fam:Windows,fam:Windows,fam:Windows,maj:Windows_7,maj:Windows_7,maj:Windows_7,leaf:Windows_7,leaf:Windows_7,leaf:Windows_7
8206,fam:Windows,fam:Windows,fam:Windows,maj:Windows_7,maj:Windows_7,maj:Windows_7,leaf:Windows_7,leaf:Windows_7,leaf:Windows_7|leaf:Windows_8_1.0
8209,fam:Windows,fam:Windows,fam:Windows,maj:Windows_7,maj:Windows_7,maj:Windows_7,leaf:Windows_7,leaf:Windows_7,leaf:Windows_7
8210,fam:Windows,fam:Windows,fam:Windows,maj:Windows_7,maj:Windows_7,maj:Windows_7,leaf:Windows_7,leaf:Windows_7,leaf:Windows_7
8213,fam:Windows,fam:Windows,fam:Windows,maj:Windows_7,maj:Windows_8,maj:Windows_8,leaf:Windows_7,leaf:Windows_8_1.0,leaf:Windows_10|leaf:Windows_8_1.0
8214,fam:Windows,fam:Windows,fam:Windows,maj:Windows_7,maj:Windows_7,maj:Windows_7,leaf:Windows_7,leaf:Windows_7,leaf:Windows_7
8215,fam:Windows,fam:Windows,fam:Windows,maj:Windows_7,maj:Windows_7,maj:Windows_7,leaf:Windows_7,leaf:Windows_7,leaf:Windows_7
8216,fam:Windows,fam:Windows,fam:Windows,maj:Windows_7,maj:Windows_7,maj:Windows_7,leaf:Windows_7,leaf:Windows_7,leaf:Windows_7
8225,fam:Windows,fam:Windows,,maj:Windows_7,maj:Linux_OTHER,maj:Linux_OTHER|maj:Windows_7,leaf:Windows_7,leaf:Linux_OTHER,leaf:Linux_OTHER
8226,fam:Windows,fam:macOS,,maj:Windows_7,maj:Linux_OTHER,maj:Linux_OTHER|maj:Windows_7,leaf:Windows_7,leaf:Windows_7,leaf:Windows_7|leaf:macOS_10_9.0
8228,fam:Windows,fam:Windows,fam:Windows,maj:Windows_7,maj:Windows_7,maj:Windows_7,leaf:Windows_7,leaf:Windows_7,leaf:Windows_7
8229,fam:Windows,fam:Windows,fam:Windows,maj:Windows_7,maj:Windows_7,maj:Windows_7,leaf:Windows_7,leaf:Windows_7,leaf:Windows_7
8230,fam:Windows,fam:Windows,fam:Windows,maj:Windows_7,maj:Windows_7,maj:Windows_7,leaf:Windows_7,leaf:Windows_7,leaf:Windows_7
8231,fam:Windows,fam:Windows,fam:Windows,maj:Windows_7,maj:Windows_7,maj:Windows_7,leaf:Windows_7,leaf:Windows_7,leaf:Windows_7
8232,fam:Windows,fam:Windows,fam:Windows,maj:Windows_7,maj:Windows_7,maj:Windows_7,leaf:Windows_7,leaf:Windows_7,leaf:Windows_7
8233,fam:Windows,fam:Windows,fam:Windows,maj:Windows_7,maj:Windows_7,maj:Windows_7,leaf:Windows_7,leaf:Windows_7,leaf:Windows_7
8235,fam:Windows,fam:Windows,fam:Windows,maj:Windows_7,maj:Windows_7,maj:Windows_7,leaf:Windows_7,leaf:Windows_7,leaf:Windows_7
8237,fam:Windows,fam:Windows,fam:Windows,maj:Windows_7,maj:Windows_7,maj:Windows_7,leaf:Windows_7,leaf:Windows_7,leaf:Windows_7
8238,fam:Windows,fam:Windows,fam:Windows,maj:Windows_7,maj:Windows_7,maj:Windows_7|maj:Windows_8,leaf:Windows_7,leaf:Windows_8_1.0,leaf:Windows_7|leaf:Windows_8_1.0
8239,fam:Windows,fam:Windows,fam:Windows,maj:Windows_7,maj:Windows_7,maj:Windows_7,leaf:Windows_7,leaf:Windows_7,leaf:Windows_7
8241,fam:Windows,fam:Windows,fam:Windows,maj:Windows_7,maj:Windows_10,maj:Windows_10,leaf:Windows_7,leaf:Windows_10,leaf:Windows_10
8243,fam:Windows,fam:Windows,fam:Windows,maj:Windows_7,maj:Windows_7,maj:Windows_7,leaf:Windows_7,leaf:Windows_7,leaf:Windows_7
8247,fam:Windows,fam:Windows,fam:Windows,maj:Windows_7,maj:Windows_7,maj:Windows_7,leaf:Windows_7,leaf:Windows_7,leaf:Windows_7
8251,fam:Windows,fam:Windows,fam:Windows,maj:Windows_7,maj:Windows_7,maj:Windows_7,leaf:Windows_7,leaf:Windows_7,leaf:Windows_7
8252,fam:Windows,fam:Windows,fam:Windows,maj:Windows_7,maj:Windows_7,maj:Windows_7,leaf:Windows_7,leaf:Windows_7,leaf:Windows_7
8253,fam:Windows,fam:Windows,fam:Windows,maj:Windows_7,maj:Windows_7,maj:Windows_7,leaf:Windows_7,leaf:Windows_7,leaf:Windows_7
8255,fam:Windows,fam:Windows,fam:Windows,maj:Windows_7,maj:Windows_7,maj:Windows_7,leaf:Windows_7,leaf:Windows_7,leaf:Windows_7
8257,fam:Windows,fam:Windows,fam:Windows,maj:Windows_7,maj:Windows_7,maj:Windows_7,leaf:Windows_7,leaf:Windows_7,leaf:Windows_7
8258,fam:Windows,fam:Windows,fam:Windows,maj:Windows_7,maj:Windows_7,maj:Windows_7,leaf:Windows_7,leaf:Windows_7,leaf:Windows_7
8259,fam:Windows,fam:Windows,fam:Windows,maj:Windows_7,maj:Windows_7,maj:Windows_7,leaf:Windows_7,leaf:Windows_7,leaf:Windows_7
8260,fam:Windows,fam:Windows,fam:Windows,maj:Windows_7,maj:Windows_7,maj:Windows_7,leaf:Windows_7,leaf:Windows_7,leaf:Windows_7
8261,fam:Windows,fam:Windows,fam:Windows,maj:Windows_7,maj:Windows_7,maj:Windows_7,leaf:Windows_7,leaf:Windows_7,leaf:Windows_7
8262,fam:Windows,fam:Windows,fam:Windows,maj:Windows_7,maj:Windows_7,maj:Windows_7,leaf:Windows_7,leaf:Windows_Vista,leaf:Windows_Vista
8264,fam:Windows,fam:Windows,fam:Windows,maj:Windows_7,maj:Windows_8,maj:Windows_8,leaf:Windows_7,leaf:Windows_8_1.0,leaf:Windows_7|leaf:Windows_8_1.0
8265,fam:Windows,fam:Windows,fam:Windows,maj:Windows_7,maj:Windows_7,maj:Windows_7,leaf:Windows_7,leaf:Windows_7,leaf:Windows_10|leaf:Windows_7
8268,fam:Windows,fam:Windows,fam:Windows,maj:Windows_7,maj:Windows_7,maj:Windows_7,leaf:Windows_7,leaf:Windows_7,leaf:Windows_7
8270,fam:Windows,fam:Windows,fam:Windows,maj:Windows_7,maj:Windows_7,maj:Windows_7,leaf:Windows_7,leaf:Windows_7,leaf:Windows_7
8271,fam:Windows,fam:Windows,fam:Windows,maj:Windows_7,maj:Windows_7,maj:Windows_7,leaf:Windows_7,leaf:Windows_7,leaf:Windows_7
8272,fam:Windows,fam:Windows,fam:Windows,maj:Windows_7,maj:Windows_7,maj:Windows_7,leaf:Windows_7,leaf:Windows_7,leaf:Windows_7
8274,fam:Windows,fam:Windows,fam:Windows,maj:Windows_7,maj:Windows_8,maj:Windows_8,leaf:Windows_7,leaf:Windows_8_1.0,leaf:Windows_7|leaf:Windows_8_1.0
8275,fam:Windows,fam:Windows,fam:Windows,maj:Windows_7,maj:Windows_8,maj:Windows_8,leaf:Windows_7,leaf:Windows_8_1.0,leaf:Windows_8_1.0|leaf:Windows_8_OTHER
8278,fam:Windows,fam:Windows,fam:Windows,maj:Windows_7,maj:Windows_8,maj:Windows_7|maj:Windows_8,leaf:Windows_7,leaf:Windows_8_1.0,leaf:Windows_7|leaf:Windows_8_1.0
8279,fam:Windows,fam:Windows,fam:Windows,maj:Windows_7,maj:Windows_7,maj:Windows_7,leaf:Windows_7,leaf:Windows_7,leaf:Windows_7
8281,fam:Windows,fam:Windows,fam:Windows,maj:Windows_7,maj:Windows_7,maj:Windows_7,leaf:Windows_7,leaf:Windows_7,leaf:Windows_7
8282,fam:Windows,fam:Windows,fam:Windows,maj:Windows_7,maj:Windows_8,maj:Windows_8,leaf:Windows_7,leaf:Windows_8_1.0,leaf:Windows_7|leaf:Windows_8_1.0
8287,fam:Windows,fam:Windows,fam:Windows,maj:Windows_7,maj:Windows_7,maj:Windows_7,leaf:Windows_7,leaf:Windows_7,leaf:Windows_7
8289,fam:Windows,fam:Windows,fam:Windows,maj:Windows_7,maj:Windows_8,maj:Windows_7|maj:Windows_8,leaf:Windows_7,leaf:Windows_8_1.0,leaf:Windows_7|leaf:Windows_8_1.0|leaf:Windows_8_OTHER
8290,fam:Windows,fam:Windows,fam:Windows,maj:Windows_7,maj:Windows_7,maj:Windows_7,leaf:Windows_7,leaf:Windows_7,leaf:Windows_7
8292,fam:Windows,fam:Windows,fam:Windows,maj:Windows_7,maj:Windows_7,maj:Windows_7,leaf:Windows_7,leaf:Windows_7,leaf:Windows_7
8294,fam:Windows,fam:Windows,fam:Windows,maj:Windows_7,maj:Windows_8,maj:Windows_8,leaf:Windows_7,leaf:Windows_8_1.0,leaf:Windows_8_1.0
8296,fam:Windows,fam:Windows,fam:Windows,maj:Windows_7,maj:Windows_7,maj:Windows_7,leaf:Windows_7,leaf:Windows_7,leaf:Windows_7
8298,fam:Windows,fam:Windows,fam:Windows,maj:Windows_7,maj:Windows_7,maj:Windows_7,leaf:Windows_7,leaf:Windows_7,leaf:Windows_7
8300,fam:Windows,fam:Windows,fam:Windows,maj:Windows_7,maj:Windows_7,maj:Windows_7|maj:Windows_8,leaf:Windows_7,leaf:Windows_8_OTHER,leaf:Windows_7|leaf:Windows_8_1.0|leaf:Windows_8_OTHER
8302,fam:Windows,fam:Windows,fam:Windows,maj:Windows_7,maj:Windows_7,maj:Windows_7,leaf:Windows_7,leaf:Windows_7,leaf:Windows_7
8306,fam:Windows,fam:Windows,fam:Windows,maj:Windows_7,maj:Windows_7,maj:Windows_7,leaf:Windows_7,leaf:Windows_7,leaf:Windows_7
8310,fam:Windows,fam:Windows,fam:Windows,maj:Windows_7,maj:Windows_7,maj:Windows_7,leaf:Windows_7,leaf:Windows_7,leaf:Windows_7
8313,fam:Windows,fam:Windows,fam:Windows,maj:Windows_7,maj:Windows_7,maj:Windows_7,leaf:Windows_7,leaf:Windows_7,leaf:Windows_7
8319,fam:Windows,fam:Windows,fam:Windows,maj:Windows_7,maj:Windows_7,maj:Windows_7,leaf:Windows_7,leaf:Windows_7,leaf:Windows_7
8321,fam:Windows,fam:Windows,fam:Windows,maj:Windows_7,maj:Windows_8,maj:Windows_8,leaf:Windows_7,leaf:Windows_8_1.0,leaf:Windows_7|leaf:Windows_8_1.0
8329,fam:Windows,fam:Windows,fam:Windows,maj:Windows_7,maj:Windows_7,maj:Windows_7,leaf:Windows_7,leaf:Windows_7,leaf:Windows_7
8331,fam:Windows,fam:Windows,fam:Windows,maj:Windows_7,maj:Windows_7,maj:Windows_7,leaf:Windows_7,leaf:Windows_7,leaf:Windows_7
8332,fam:Windows,fam:Windows,fam:Windows,maj:Windows_7,maj:Windows_8,maj:Windows_8,leaf:Windows_7,leaf:Windows_8_1.0,leaf:Windows_7|leaf:Windows_8_1.0
8333,fam:Windows,fam:Windows,fam:Windows,maj:Windows_7,maj:Windows_7,maj:Windows_7,leaf:Windows_7,leaf:Windows_7,leaf:Windows_7|leaf:Windows_8_1.0
8335,fam:Windows,fam:Windows,fam:Windows,maj:Windows_7,maj:Windows_8,maj:Windows_8,leaf:Windows_7,leaf:Windows_8_1.0,leaf:Windows_8_1.0|leaf:Windows_8_OTHER
8337,fam:Windows,fam:Windows,fam:Windows,maj:Windows_7,maj:Windows_7,maj:Windows_7,leaf:Windows_7,leaf:Windows_7,leaf:Windows_7
8342,fam:Windows,fam:Windows,fam:Windows,maj:Windows_7,maj:Windows_7,maj:Windows_7,leaf:Windows_7,leaf:Windows_7,leaf:Windows_7
8344,fam:Windows,fam:Windows,fam:Windows,maj:Windows_7,maj:Windows_8,maj:Windows_8,leaf:Windows_7,leaf:Windows_8_1.0,leaf:Windows_8_1.0
8345,fam:Windows,fam:Windows,fam:Windows,maj:Windows_7,maj:Windows_8,maj:Windows_8,leaf:Windows_7,leaf:Windows_7,leaf:Windows_7|leaf:Windows_8_1.0
8350,fam:Windows,fam:Windows,fam:Windows,maj:Windows_7,maj:Windows_7,maj:Windows_7,leaf:Windows_7,leaf:Windows_7,leaf:Windows_7
8351,fam:Windows,fam:Windows,fam:Windows,maj:Windows_7,maj:Windows_7,maj:Windows_7,leaf:Windows_7,leaf:Windows_7,leaf:Windows_7
8352,fam:Windows,fam:Windows,fam:Windows,maj:Windows_7,maj:Windows_7,maj:Windows_7,leaf:Windows_7,leaf:Windows_7,leaf:Windows_7
8354,fam:Windows,fam:Windows,fam:Windows,maj:Windows_7,maj:Windows_7,maj:Windows_7,leaf:Windows_7,leaf:Windows_7,leaf:Windows_7
8356,fam:Windows,fam:Windows,fam:Windows,maj:Windows_7,maj:Windows_7,maj:Windows_7,leaf:Windows_7,leaf:Windows_7,leaf:Windows_7|leaf:Windows_8_1.0
8364,fam:Windows,fam:Windows,fam:Windows,maj:Windows_7,maj:Windows_7,maj:Windows_7,leaf:Windows_7,leaf:Windows_7,leaf:Windows_7
8368,fam:Windows,fam:Windows,fam:Windows,maj:Windows_7,maj:Windows_7,maj:Windows_7,leaf:Windows_7,leaf:Windows_7,leaf:Windows_7|leaf:Windows_8_1.0
8370,fam:Windows,fam:Windows,fam:Windows,maj:Windows_7,maj:Windows_7,maj:Windows_7,leaf:Windows_7,leaf:Windows_7,leaf:Windows_7
8373,fam:Windows,fam:Windows,fam:Windows,maj:Windows_7,maj:Windows_7,maj:Windows_7,leaf:Windows_7,leaf:Windows_7,leaf:Windows_7
8377,fam:Windows,fam:Windows,fam:Windows,maj:Windows_7,maj:Windows_7,maj:Windows_7,leaf:Windows_7,leaf:Windows_7,leaf:Windows_7
8379,fam:Windows,fam:Linux,fam:Linux,maj:Windows_7,maj:Linux_Ubuntu,maj:Linux_Ubuntu,leaf:Windows_7,leaf:Linux_Ubuntu,leaf:Linux_OTHER|leaf:Linux_Ubuntu
8399,fam:Windows,fam:Windows,fam:Windows,maj:Windows_7,maj:Windows_8,maj:Windows_7|maj:Windows_8,leaf:Windows_7,leaf:Windows_8_1.0,leaf:Windows_7|leaf:Windows_8_1.0
8401,fam:Windows,fam:Windows,fam:Windows,maj:Windows_7,maj:Windows_7,maj:Windows_7,leaf:Windows_7,leaf:Windows_7,leaf:Windows_7
8403,fam:Windows,fam:Windows,fam:Windows,maj:Windows_7,maj:Windows_7,maj:Windows_7,leaf:Windows_7,leaf:Windows_7,leaf:Windows_7
8404,fam:Windows,fam:Windows,fam:Windows,maj:Windows_7,maj:Windows_7,maj:Windows_7,leaf:Windows_7,leaf:Windows_7,leaf:Windows_7
8407,fam:Windows,fam:Windows,fam:Windows,maj:Windows_7,maj:Windows_7,maj:Windows_7,leaf:Windows_7,leaf:Windows_7,leaf:Windows_7
8409,fam:Windows,fam:Windows,fam:Windows,maj:Windows_7,maj:Windows_7,maj:Windows_7,leaf:Windows_7,leaf:Windows_7,leaf:Windows_7
8412,fam:Windows,fam:Windows,fam:Windows,maj:Windows_7,maj:Windows_7,maj:Windows_7,leaf:Windows_7,leaf:Windows_7,leaf:Windows_7
8413,fam:Windows,fam:Windows,fam:Windows,maj:Windows_7,maj:Windows_7,maj:Windows_7,leaf:Windows_7,leaf:Windows_7,leaf:Windows_7
8416,fam:Windows,fam:Windows,fam:Windows,maj:Windows_7,maj:Windows_7,maj:Windows_7,leaf:Windows_7,leaf:Windows_7,leaf:Windows_7
8417,fam:Windows,fam:Windows,fam:Windows,maj:Windows_7,maj:Windows_7,maj:Windows_7,leaf:Windows_7,leaf:Windows_7,leaf:Windows_7
8419,fam:Windows,fam:Windows,fam:Windows,maj:Windows_7,maj:Windows_7,maj:Windows_7,leaf:Windows_7,leaf:Windows_7,leaf:Windows_7
8421,fam:Windows,fam:Windows,fam:Windows,maj:Windows_7,maj:Windows_7,maj:Windows_7,leaf:Windows_7,leaf:Windows_7,leaf:Windows_7
8422,fam:Windows,fam:Windows,fam:Windows,maj:Windows_7,maj:Windows_7,maj:Windows_7,leaf:Windows_7,leaf:Windows_7,leaf:Windows_7
8424,fam:Windows,fam:Windows,fam:Windows,maj:Windows_7,maj:Windows_10,maj:Windows_10,leaf:Windows_7,leaf:Windows_10,leaf:Windows_10
8425,fam:Windows,fam:Windows,fam:Windows,maj:Windows_7,maj:Windows_7,maj:Windows_7,leaf:Windows_7,leaf:Windows_7,leaf:Windows_7
8429,fam:Windows,fam:Windows,fam:Windows,maj:Windows_7,maj:Windows_8,maj:Windows_8,leaf:Windows_7,leaf:Windows_8_1.0,leaf:Windows_8_1.0|leaf:Windows_8_OTHER
8432,fam:Windows,fam:Windows,fam:Windows,maj:Windows_7,maj:Windows_7,maj:Windows_7,leaf:Windows_7,leaf:Windows_7,leaf:Windows_7|leaf:Windows_8_1.0
8433,fam:Windows,fam:Windows,fam:Windows,maj:Windows_7,maj:Windows_7,maj:Windows_7,leaf:Windows_7,leaf:Windows_7,leaf:Windows_7
8434,fam:Windows,fam:Linux,,maj:Windows_7,maj:Linux_OTHER,maj:Linux_OTHER|maj:Windows_7|maj:Windows_XP,leaf:Windows_7,leaf:macOS_10_10.0,leaf:macOS_10_10.0
8435,fam:Windows,fam:Android,,maj:Windows_7,maj:Android_6,maj:Android_6|maj:Windows_8,leaf:Windows_7,leaf:Windows_XP,leaf:Windows_8_OTHER|leaf:Windows_XP
8436,fam:Windows,fam:Windows,fam:Windows,maj:Windows_7,maj:Windows_7,maj:Windows_7,leaf:Windows_7,leaf:Windows_7,leaf:Windows_7
8438,fam:Windows,fam:Windows,fam:Windows,maj:Windows_7,maj:Windows_7,maj:Windows_7,leaf:Windows_7,leaf:Windows_7,leaf:Windows_7
8442,fam:Windows,fam:Windows,fam:Windows,maj:Windows_7,maj:Windows_7,maj:Windows_7,leaf:Windows_7,leaf:Windows_7,leaf:Windows_7
8443,fam:Windows,fam:Windows,fam:Windows,maj:Windows_7,maj:Windows_7,maj:Windows_7,leaf:Windows_7,leaf:Windows_7,leaf:Windows_7
8444,fam:Windows,fam:Windows,,maj:Windows_7,maj:Windows_7,maj:Linux_Ubuntu|maj:Windows_7,leaf:Windows_7,leaf:Linux_OTHER,leaf:Linux_OTHER|leaf:Windows_10|leaf:Windows_7
8445,fam:Windows,fam:Windows,fam:Windows,maj:Windows_7,maj:Windows_7,maj:Windows_7,leaf:Windows_7,leaf:Windows_7,leaf:Windows_7
8448,fam:Windows,fam:Windows,fam:Windows,maj:Windows_7,maj:Windows_7,maj:Windows_7,leaf:Windows_7,leaf:Windows_7,leaf:Windows_7
8450,fam:Windows,fam:Windows,fam:Windows,maj:Windows_7,maj:Windows_7,maj:Windows_7,leaf:Windows_7,leaf:Windows_7,leaf:Windows_7
8451,fam:Windows,fam:Windows,fam:Windows,maj:Windows_7,maj:Windows_7,maj:Windows_7,leaf:Windows_7,leaf:Windows_7,leaf:Windows_7
8455,fam:Windows,fam:Windows,fam:Windows,maj:Windows_7,maj:Windows_7,maj:Windows_7,leaf:Windows_7,leaf:Windows_7,leaf:Windows_7
8457,fam:Windows,fam:Windows,fam:Windows,maj:Windows_7,maj:Windows_7,maj:Windows_7,leaf:Windows_7,leaf:Windows_7,leaf:Windows_7
8459,fam:Windows,fam:Windows,fam:Windows,maj:Windows_7,maj:Windows_7,maj:Windows_7,leaf:Windows_7,leaf:Windows_7,leaf:Windows_7
8465,fam:Windows,fam:Windows,fam:Windows,maj:Windows_7,maj:Windows_7,maj:Windows_7,leaf:Windows_7,leaf:Windows_7,leaf:Windows_7
8470,fam:Windows,fam:Windows,fam:Windows,maj:Windows_7,maj:Windows_7,maj:Windows_7,leaf:Windows_7,leaf:Windows_7,leaf:Windows_7
8475,fam:Windows,fam:Windows,fam:Windows,maj:Windows_7,maj:Windows_7,maj:Windows_7,leaf:Windows_7,leaf:Windows_7,leaf:Android_4_1.0|leaf:Windows_7
8476,fam:Windows,fam:Windows,fam:Windows,maj:Windows_7,maj:Windows_7,maj:Windows_7|maj:Windows_8,leaf:Windows_7,leaf:Windows_8_OTHER,leaf:Windows_7|leaf:Windows_8_1.0|leaf:Windows_8_OTHER
8477,fam:Windows,fam:Windows,fam:Windows,maj:Windows_7,maj:Windows_7,maj:Windows_7,leaf:Windows_7,leaf:Windows_7,leaf:Windows_7
8478,fam:Windows,fam:Windows,fam:Windows,maj:Windows_7,maj:Windows_8,maj:Windows_8,leaf:Windows_7,leaf:Windows_8_1.0,leaf:Windows_7|leaf:Windows_8_1.0
8479,fam:Windows,fam:Windows,fam:Windows,maj:Windows_7,maj:Windows_8,maj:Windows_7|maj:Windows_8,leaf:Windows_7,leaf:Windows_7,leaf:Windows_10|leaf:Windows_7|leaf:Windows_8_1.0
8481,fam:Windows,fam:Windows,fam:Windows,maj:Windows_7,maj:Windows_7,maj:Windows_7,leaf:Windows_7,leaf:Windows_7,leaf:Windows_7
8482,fam:Windows,fam:Windows,fam:Windows,maj:Windows_7,maj:Windows_7,maj:Windows_7,leaf:Windows_7,leaf:Windows_7,leaf:Windows_7
8483,fam:Windows,fam:Windows,fam:Windows,maj:Windows_7,maj:Windows_7,maj:Windows_7,leaf:Windows_7,leaf:Windows_7,leaf:Windows_7
8484,fam:Windows,fam:Windows,fam:Windows,maj:Windows_7,maj:Windows_7,maj:Windows_7,leaf:Windows_7,leaf:Windows_7,leaf:Windows_7
8486,fam:Windows,fam:Windows,fam:Windows,maj:Windows_7,maj:Windows_8,maj:Windows_8,leaf:Windows_7,leaf:Windows_8_1.0,leaf:Windows_7|leaf:Windows_8_1.0
8488,fam:Windows,fam:Windows,fam:Windows,maj:Windows_7,maj:Windows_7,maj:Windows_7,leaf:Windows_7,leaf:Windows_7,leaf:Windows_7
8489,fam:Windows,fam:Windows,fam:Windows,maj:Windows_7,maj:Windows_7,maj:Windows_7,leaf:Windows_7,leaf:Windows_7,leaf:Windows_7
8491,fam:Windows,fam:Windows,fam:Windows,maj:Windows_7,maj:Windows_7,maj:Windows_7,leaf:Windows_7,leaf:Windows_7,leaf:Windows_7
8492,fam:Windows,fam:Windows,fam:Windows,maj:Windows_7,maj:Windows_8,maj:Windows_7|maj:Windows_8,leaf:Windows_7,leaf:Windows_8_1.0,leaf:Windows_7|leaf:Windows_8_1.0
8496,fam:Windows,fam:Windows,fam:Windows,maj:Windows_7,maj:Windows_8,maj:Windows_7|maj:Windows_8,leaf:Windows_7,leaf:Windows_8_1.0,leaf:Windows_7|leaf:Windows_8_1.0|leaf:Windows_8_OTHER
8498,fam:Windows,fam:Windows,fam:Windows,maj:Windows_7,maj:Windows_7,maj:Windows_7,leaf:Windows_7,leaf:Windows_7,leaf:Windows_7
8499,fam:Windows,fam:Windows,fam:Windows,maj:Windows_7,maj:Windows_7,maj:Windows_7,leaf:Windows_7,leaf:Windows_7,leaf:Windows_7
8500,fam:Windows,fam:Windows,fam:Windows,maj:Windows_7,maj:Windows_7,maj:Windows_7,leaf:Windows_7,leaf:Windows_7,leaf:Windows_7
8501,fam:Windows,fam:Windows,fam:Windows,maj:Windows_7,maj:Windows_7,maj:Windows_7,leaf:Windows_7,leaf:Windows_7,leaf:Windows_7
8502,fam:Windows,fam:Windows,fam:Windows,maj:Windows_7,maj:Windows_7,maj:Windows_7,leaf:Windows_7,leaf:Windows_7,leaf:Windows_7
8507,fam:Windows,fam:Windows,fam:Windows,maj:Windows_7,maj:Windows_7,maj:Windows_7,leaf:Windows_7,leaf:Windows_7,leaf:Windows_7
8508,fam:Windows,fam:Windows,fam:Windows,maj:Windows_7,maj:Windows_7,maj:Windows_7,leaf:Windows_7,leaf:Windows_7,leaf:Windows_7
8509,fam:Windows,fam:Windows,fam:Windows,maj:Windows_7,maj:Windows_8,maj:Windows_7|maj:Windows_8,leaf:Windows_7,leaf:Windows_7,leaf:Windows_7|leaf:Windows_8_1.0|leaf:Windows_8_OTHER
8511,fam:Windows,fam:Windows,fam:Windows,maj:Windows_7,maj:Windows_7,maj:Windows_7,leaf:Windows_7,leaf:Windows_7,leaf:Windows_7
8512,fam:Windows,fam:Linux,fam:Linux,maj:Windows_7,maj:Linux_Ubuntu,maj:Linux_Ubuntu,leaf:Windows_7,leaf:Linux_Ubuntu,leaf:Linux_OTHER|leaf:Linux_Ubuntu
8514,fam:Windows,fam:Windows,fam:Windows,maj:Windows_7,maj:Windows_7,maj:Windows_7,leaf:Windows_7,leaf:Windows_7,leaf:Windows_7
8520,fam:Windows,fam:Windows,fam:Windows,maj:Windows_7,maj:Windows_7,maj:Windows_7,leaf:Windows_7,leaf:Windows_7,leaf:Windows_7
8523,fam:Windows,fam:Linux,fam:Linux,maj:Windows_7,maj:Linux_Ubuntu,maj:Linux_Ubuntu,leaf:Windows_7,leaf:Linux_OTHER,leaf:Linux_OTHER|leaf:Linux_Ubuntu
8526,fam:Windows,fam:Windows,fam:Windows,maj:Windows_7,maj:Windows_7,maj:Windows_7,leaf:Windows_7,leaf:Windows_7,leaf:Windows_7
8527,fam:Windows,fam:Windows,fam:Windows,maj:Windows_7,maj:Windows_7,maj:Windows_7,leaf:Windows_7,leaf:Windows_7,leaf:Windows_7
8530,fam:Windows,fam:Windows,fam:Windows,maj:Windows_7,maj:Windows_7,maj:Windows_7,leaf:Windows_7,leaf:Windows_7,leaf:Windows_7
8532,fam:Windows,fam:Windows,fam:Windows,maj:Windows_7,maj:Windows_7,maj:Windows_7,leaf:Windows_7,leaf:Windows_7,leaf:Windows_7
8534,fam:Windows,fam:Windows,fam:Windows,maj:Windows_7,maj:Windows_7,maj:Windows_7,leaf:Windows_7,leaf:Windows_7,leaf:Windows_7
8535,fam:Windows,fam:Windows,fam:Windows,maj:Windows_7,maj:Windows_7,maj:Windows_7,leaf:Windows_7,leaf:Windows_7,leaf:Windows_7
8537,fam:Windows,fam:macOS,,maj:Windows_7,maj:macOS_10,maj:macOS_10,leaf:Windows_7,leaf:macOS_10_13.0,leaf:macOS_10_13.0
8539,fam:Windows,fam:Windows,fam:Windows,maj:Windows_7,maj:Windows_7,maj:Windows_7,leaf:Windows_7,leaf:Windows_7,leaf:Windows_7
8540,fam:Windows,fam:Windows,fam:Windows,maj:Windows_7,maj:Windows_8,maj:Windows_7|maj:Windows_8,leaf:Windows_7,leaf:Windows_7,leaf:Windows_7|leaf:Windows_8_1.0
8542,fam:Windows,fam:Windows,fam:Windows,maj:Windows_7,maj:Windows_7,maj:Windows_7,leaf:Windows_7,leaf:Windows_7,leaf:Windows_7
8545,fam:Windows,fam:Windows,fam:Windows,maj:Windows_7,maj:Windows_7,maj:Windows_7,leaf:Windows_7,leaf:Windows_7,leaf:Windows_7
8546,fam:Windows,fam:Windows,fam:Windows,maj:Windows_7,maj:Windows_7,maj:Windows_7,leaf:Windows_7,leaf:Windows_7,leaf:Windows_7
8550,fam:Windows,fam:Windows,,maj:Windows_7,maj:Windows_7,maj:Android_7|maj:Windows_7,leaf:Windows_7,leaf:Windows_7,leaf:Windows_7
8551,fam:Windows,fam:Linux,,maj:Windows_7,maj:Android_8,maj:Android_8|maj:Android_9,leaf:Windows_7,leaf:Android_8_0.0,leaf:Android_8_0.0|leaf:Android_9
8553,fam:Windows,fam:Windows,fam:Windows,maj:Windows_7,maj:Windows_7,maj:Windows_7,leaf:Windows_7,leaf:Windows_7,leaf:Windows_7
8554,fam:Windows,fam:Windows,fam:Windows,maj:Windows_7,maj:Windows_7,maj:Windows_7,leaf:Windows_7,leaf:Windows_7,leaf:Windows_7
8558,fam:Windows,fam:Windows,fam:Windows,maj:Windows_7,maj:Windows_7,maj:Windows_7,leaf:Windows_7,leaf:Windows_7,leaf:Windows_7
8560,fam:Windows,fam:Windows,fam:Windows,maj:Windows_7,maj:Windows_7,maj:Windows_7,leaf:Windows_7,leaf:Windows_7,leaf:Windows_7
8561,fam:Windows,fam:Windows,fam:Windows,maj:Windows_7,maj:Windows_7,maj:Windows_7,leaf:Windows_7,leaf:Windows_7,leaf:Windows_7
8564,fam:Windows,fam:Windows,fam:Windows,maj:Windows_7,maj:Windows_7,maj:Windows_7,leaf:Windows_7,leaf:Windows_7,leaf:Windows_7
8567,fam:Windows,fam:Windows,fam:Windows,maj:Windows_7,maj:Windows_7,maj:Windows_7,leaf:Windows_7,leaf:Windows_7,leaf:Windows_7
8568,fam:Windows,fam:Windows,fam:Windows,maj:Windows_7,maj:Windows_7,maj:Windows_7,leaf:Windows_7,leaf:Windows_7,leaf:Windows_7
8573,fam:Windows,fam:iOS,fam:iOS,maj:Windows_7,maj:iOS_13,maj:iOS_13,leaf:Windows_7,leaf:iOS_13_3.0,leaf:iOS_13_3.0|leaf:iOS_13_5.0
8574,fam:Windows,fam:Windows,fam:Windows,maj:Windows_7,maj:Windows_7,maj:Windows_7,leaf:Windows_7,leaf:Windows_7,leaf:Windows_7
8576,fam:Windows,fam:Windows,fam:Windows,maj:Windows_7,maj:Windows_7,maj:Windows_7,leaf:Windows_7,leaf:Windows_7,leaf:Windows_7
8577,fam:Windows,fam:Windows,fam:Windows,maj:Windows_7,maj:Windows_7,maj:Windows_7,leaf:Windows_7,leaf:Windows_7,leaf:Windows_7
8578,fam:Windows,fam:Windows,fam:Windows,maj:Windows_7,maj:Windows_7,maj:Windows_7,leaf:Windows_7,leaf:Windows_7,leaf:Windows_7
8580,fam:Windows,fam:Windows,fam:Windows,maj:Windows_7,maj:Windows_7,maj:Windows_7,leaf:Windows_7,leaf:Windows_7,leaf:Windows_7
8581,fam:Windows,fam:Windows,,maj:Windows_7,maj:Windows_10,maj:Windows_10,leaf:Windows_7,leaf:Android_4_1.0,leaf:Android_4_1.0
8584,fam:Windows,fam:Windows,fam:Windows,maj:Windows_7,maj:Windows_7,maj:Windows_10|maj:Windows_7,leaf:Windows_7,leaf:Windows_7,leaf:Windows_10|leaf:Windows_7
8585,fam:Windows,fam:Windows,fam:Windows,maj:Windows_7,maj:Windows_7,maj:Windows_7,leaf:Windows_7,leaf:Windows_7,leaf:Windows_7
8586,fam:Windows,fam:macOS,,maj:Windows_7,maj:macOS_10,maj:macOS_10,leaf:Windows_7,leaf:macOS_10_13.0,leaf:macOS_10_13.0
8587,fam:Windows,fam:Windows,fam:Windows,maj:Windows_7,maj:Windows_8,maj:Windows_7|maj:Windows_8,leaf:Windows_7,leaf:Windows_8_1.0,leaf:Windows_8_1.0
8591,fam:Windows,fam:Windows,fam:Windows,maj:Windows_7,maj:Windows_7,maj:Windows_7|maj:Windows_8,leaf:Windows_7,leaf:Windows_7,leaf:Windows_7|leaf:Windows_8_1.0
8592,fam:Windows,fam:Windows,fam:Windows,maj:Windows_7,maj:Windows_8,maj:Windows_8,leaf:Windows_7,leaf:Windows_8_1.0,leaf:Windows_7|leaf:Windows_8_1.0|leaf:Windows_8_OTHER
8597,fam:Windows,fam:Windows,fam:Windows,maj:Windows_7,maj:Windows_7,maj:Windows_7,leaf:Windows_7,leaf:Windows_7,leaf:Windows_7
8600,fam:Windows,fam:Windows,fam:Windows,maj:Windows_7,maj:Windows_7,maj:Windows_7,leaf:Windows_7,leaf:Windows_7,leaf:Windows_7
8603,fam:Windows,fam:Windows,fam:Windows,maj:Windows_7,maj:Windows_7,maj:Windows_7,leaf:Windows_7,leaf:Windows_7,leaf:Windows_7
8604,fam:Windows,fam:Windows,fam:Windows,maj:Windows_7,maj:Windows_7,maj:Windows_7,leaf:Windows_7,leaf:Windows_7,leaf:Windows_7
8608,fam:Windows,fam:Windows,fam:Windows,maj:Windows_7,maj:Windows_7,maj:Windows_7,leaf:Windows_7,leaf:Windows_7,leaf:Windows_7
8612,fam:Windows,fam:Windows,fam:Windows,maj:Windows_7,maj:Windows_7,maj:Windows_7,leaf:Windows_7,leaf:Windows_7,leaf:Windows_7
8614,fam:Windows,fam:Android,,maj:Windows_7,maj:Windows_7,maj:Android_9|maj:Windows_7,leaf:Windows_7,leaf:Android_8_0.0,leaf:Android_8_0.0
8617,fam:Windows,fam:Windows,fam:Windows,maj:Windows_7,maj:Windows_7,maj:Windows_7,leaf:Windows_7,leaf:Windows_7,leaf:Windows_7
8618,fam:Windows,fam:Windows,fam:Windows,maj:Windows_7,maj:Windows_7,maj:Windows_7|maj:Windows_8,leaf:Windows_7,leaf:Windows_8_1.0,leaf:Windows_7|leaf:Windows_8_1.0
8621,fam:Windows,fam:Windows,fam:Windows,maj:Windows_7,maj:Windows_8,maj:Windows_7|maj:Windows_8,leaf:Windows_7,leaf:Windows_7,leaf:Windows_7|leaf:Windows_8_1.0|leaf:Windows_8_OTHER
8624,fam:Windows,fam:Windows,fam:Windows,maj:Windows_7,maj:Windows_7,maj:Windows_7,leaf:Windows_7,leaf:Windows_7,leaf:Windows_7
8627,fam:Windows,fam:Windows,fam:Windows,maj:Windows_7,maj:Windows_7,maj:Windows_7,leaf:Windows_7,leaf:Windows_7,leaf:Windows_7
8628,fam:Windows,fam:Windows,fam:Windows,maj:Windows_7,maj:Windows_7,maj:Windows_7,leaf:Windows_7,leaf:Windows_7,leaf:Windows_7
8629,fam:Windows,fam:Windows,fam:Windows,maj:Windows_7,maj:Windows_7,maj:Windows_7,leaf:Windows_7,leaf:Windows_7,leaf:Windows_7
8631,fam:Windows,fam:Windows,fam:Windows,maj:Windows_7,maj:Windows_7,maj:Windows_7,leaf:Windows_7,leaf:Windows_7,leaf:Windows_7
8633,fam:Windows,fam:Windows,fam:Windows,maj:Windows_7,maj:Windows_7,maj:Windows_7,leaf:Windows_7,leaf:Windows_7,leaf:Windows_7
8636,fam:Windows,fam:Windows,fam:Windows,maj:Windows_7,maj:Windows_7,maj:Windows_7,leaf:Windows_7,leaf:Windows_7,leaf:Windows_7
8637,fam:Windows,fam:Windows,fam:Windows,maj:Windows_7,maj:Windows_7,maj:Windows_7,leaf:Windows_7,leaf:Windows_7,leaf:Windows_7
8638,fam:Windows,fam:Linux,,maj:Windows_7,maj:Windows_Vista,maj:Windows_Vista,leaf:Windows_7,leaf:Windows_Vista,leaf:Windows_Vista
8640,fam:Windows,fam:Windows,fam:Windows,maj:Windows_7,maj:Windows_7,maj:Windows_7,leaf:Windows_7,leaf:Windows_7,leaf:Windows_7
8641,fam:Windows,fam:Windows,fam:Windows,maj:Windows_7,maj:Windows_7,maj:Windows_7,leaf:Windows_7,leaf:Windows_8_1.0,leaf:Windows_7|leaf:Windows_8_1.0
8642,fam:Windows,fam:Windows,fam:Windows,maj:Windows_7,maj:Windows_7,maj:Windows_7,leaf:Windows_7,leaf:Windows_7,leaf:Windows_7
8643,fam:Windows,fam:Windows,fam:Windows,maj:Windows_7,maj:Windows_7,maj:Windows_7,leaf:Windows_7,leaf:Windows_7,leaf:Windows_7
8649,fam:Windows,fam:Windows,fam:Windows,maj:Windows_7,maj:Windows_7,maj:Windows_7,leaf:Windows_7,leaf:Windows_7,leaf:Windows_7
8650,fam:Windows,fam:Windows,fam:Windows,maj:Windows_7,maj:Windows_7,maj:Windows_7,leaf:Windows_7,leaf:Windows_7,leaf:Windows_7
8654,fam:Windows,fam:Windows,fam:Windows,maj:Windows_7,maj:Windows_7,maj:Windows_7,leaf:Windows_7,leaf:Windows_7,leaf:Windows_7
8655,fam:Windows,fam:Windows,fam:Windows,maj:Windows_7,maj:Windows_7,maj:Windows_7|maj:Windows_8,leaf:Windows_7,leaf:Windows_8_1.0,leaf:Windows_8_1.0|leaf:Windows_8_OTHER
8657,fam:Windows,fam:Windows,fam:Windows,maj:Windows_7,maj:Windows_7,maj:Windows_7,leaf:Windows_7,leaf:Windows_7,leaf:Windows_7|leaf:Windows_8_1.0
8659,fam:Windows,fam:Windows,fam:Windows,maj:Windows_7,maj:Windows_7,maj:Windows_7,leaf:Windows_7,leaf:Windows_7,leaf:Windows_7
8660,fam:Windows,fam:Windows,fam:Windows,maj:Windows_7,maj:Windows_7,maj:Windows_7,leaf:Windows_7,leaf:Linux_OTHER,leaf:Linux_OTHER|leaf:Windows_7
8663,fam:Windows,fam:Windows,fam:Windows,maj:Windows_7,maj:Windows_7,maj:Windows_7,leaf:Windows_7,leaf:Windows_7,leaf:Windows_7
8664,fam:Windows,fam:Windows,fam:Windows,maj:Windows_7,maj:Windows_7,maj:Windows_7,leaf:Windows_7,leaf:Windows_7,leaf:Windows_7
8665,fam:Windows,fam:Windows,fam:Windows,maj:Windows_7,maj:Windows_7,maj:Windows_7|maj:Windows_8,leaf:Windows_7,leaf:Windows_7,leaf:Windows_7|leaf:Windows_8_1.0|leaf:Windows_8_OTHER
8666,fam:Windows,fam:Windows,fam:Windows,maj:Windows_7,maj:Windows_7,maj:Windows_7,leaf:Windows_7,leaf:Windows_7,leaf:Windows_7
8667,fam:Windows,fam:Windows,fam:Windows,maj:Windows_7,maj:Windows_7,maj:Windows_7,leaf:Windows_7,leaf:Windows_7,leaf:Windows_7
8673,fam:Windows,fam:Windows,fam:Windows,maj:Windows_7,maj:Windows_8,maj:Windows_8,leaf:Windows_7,leaf:Windows_8_1.0,leaf:Windows_8_1.0
8674,fam:Windows,fam:Windows,fam:Windows,maj:Windows_7,maj:Windows_7,maj:Windows_7,leaf:Windows_7,leaf:Android_4_4.0,leaf:Android_4_4.0
8675,fam:Windows,fam:Windows,fam:Windows,maj:Windows_7,maj:Windows_7,maj:Windows_7,leaf:Windows_7,leaf:Windows_7,leaf:Windows_7
8677,fam:Windows,fam:Windows,fam:Windows,maj:Windows_7,maj:Windows_8,maj:Windows_7|maj:Windows_8,leaf:Windows_7,leaf:Windows_8_1.0,leaf:Windows_8_1.0|leaf:Windows_8_OTHER
8678,fam:Windows,fam:Windows,fam:Windows,maj:Windows_7,maj:Windows_7,maj:Windows_7,leaf:Windows_7,leaf:Windows_7,leaf:Windows_7
8679,fam:Windows,fam:Windows,fam:Windows,maj:Windows_7,maj:Windows_7,maj:Windows_7,leaf:Windows_7,leaf:Windows_7,leaf:Windows_7
8681,fam:Windows,fam:Windows,fam:Windows,maj:Windows_7,maj:Windows_7,maj:Windows_7,leaf:Windows_7,leaf:Windows_7,leaf:Windows_7
8684,fam:Windows,fam:Windows,fam:Windows,maj:Windows_7,maj:Windows_7,maj:Windows_7|maj:Windows_8,leaf:Windows_7,leaf:Windows_8_1.0,leaf:Windows_7|leaf:Windows_8_1.0
8686,fam:Windows,fam:Windows,fam:Windows,maj:Windows_7,maj:Windows_7,maj:Windows_7,leaf:Windows_7,leaf:Windows_7,leaf:Windows_7
8689,fam:Windows,fam:Windows,fam:Windows,maj:Windows_7,maj:Windows_7,maj:Windows_7,leaf:Windows_7,leaf:Windows_7,leaf:Windows_7
8692,fam:Windows,fam:Windows,fam:Windows,maj:Windows_7,maj:Windows_7,maj:Windows_7,leaf:Windows_7,leaf:Windows_7,leaf:Windows_7
8693,fam:Windows,fam:Windows,fam:Windows,maj:Windows_7,maj:Windows_7,maj:Windows_7,leaf:Windows_7,leaf:Windows_7,leaf:Windows_7
8697,fam:Windows,fam:Windows,fam:Windows,maj:Windows_7,maj:Windows_8,maj:Windows_7|maj:Windows_8,leaf:Windows_7,leaf:Windows_8_1.0,leaf:Windows_7|leaf:Windows_8_1.0
8698,fam:Windows,fam:Windows,fam:Windows,maj:Windows_7,maj:Windows_8,maj:Windows_8,leaf:Windows_7,leaf:Windows_8_1.0,leaf:Windows_7|leaf:Windows_8_1.0
8701,fam:Windows,fam:Windows,fam:Windows,maj:Windows_7,maj:Windows_7,maj:Windows_7,leaf:Windows_7,leaf:Windows_7,leaf:Windows_7
8703,fam:Windows,fam:Windows,fam:Windows,maj:Windows_7,maj:Windows_7,maj:Windows_7,leaf:Windows_7,leaf:Windows_7,leaf:Windows_7
8704,fam:Windows,fam:Windows,fam:Windows,maj:Windows_7,maj:Windows_7,maj:Windows_7,leaf:Windows_7,leaf:Windows_7,leaf:Windows_7
8705,fam:Windows,fam:Windows,fam:Windows,maj:Windows_7,maj:Windows_7,maj:Windows_7,leaf:Windows_7,leaf:Windows_7,leaf:Windows_7
8706,fam:Windows,fam:macOS,,maj:Windows_7,maj:Windows_8,maj:Windows_8|maj:macOS_10,leaf:Windows_7,leaf:macOS_10_13.0,leaf:macOS_10_13.0|leaf:macOS_10_8.0
8712,fam:Windows,fam:Windows,fam:Windows,maj:Windows_7,maj:Windows_7,maj:Windows_7,leaf:Windows_7,leaf:Windows_7,leaf:Windows_7
8713,fam:Windows,fam:Windows,fam:Windows,maj:Windows_7,maj:Windows_7,maj:Windows_10|maj:Windows_7,leaf:Windows_7,leaf:Windows_10,leaf:Windows_10|leaf:Windows_7
8714,fam:Windows,fam:Windows,fam:Windows,maj:Windows_7,maj:Windows_7,maj:Windows_7,leaf:Windows_7,leaf:Windows_7,leaf:Windows_7
8716,fam:Windows,fam:Windows,fam:Windows,maj:Windows_7,maj:Windows_7,maj:Windows_7,leaf:Windows_7,leaf:Windows_7,leaf:Windows_7
8718,fam:Windows,fam:Windows,fam:Windows,maj:Windows_7,maj:Windows_7,maj:Windows_7,leaf:Windows_7,leaf:Windows_7,leaf:Windows_7
8720,fam:Windows,fam:Windows,fam:Windows,maj:Windows_7,maj:Windows_7,maj:Windows_7,leaf:Windows_7,leaf:Windows_7,leaf:Windows_7|leaf:Windows_8_OTHER
8722,fam:Windows,fam:Windows,fam:Windows,maj:Windows_7,maj:Windows_7,maj:Windows_7,leaf:Windows_7,leaf:Windows_7,leaf:Windows_7
8723,fam:Windows,fam:Windows,fam:Windows,maj:Windows_7,maj:Windows_7,maj:Windows_7,leaf:Windows_7,leaf:Windows_7,leaf:Windows_7
8727,fam:Windows,fam:Windows,fam:Windows,maj:Windows_7,maj:Windows_7,maj:Windows_7,leaf:Windows_7,leaf:Windows_7,leaf:Windows_7
8728,fam:Windows,fam:Windows,fam:Windows,maj:Windows_7,maj:Windows_7,maj:Windows_7,leaf:Windows_7,leaf:Windows_7,leaf:Windows_7
8729,fam:Windows,fam:Windows,fam:Windows,maj:Windows_7,maj:Windows_7,maj:Windows_7,leaf:Windows_7,leaf:Windows_7,leaf:Windows_7
8730,fam:Windows,fam:Windows,fam:Windows,maj:Windows_7,maj:Windows_8,maj:Windows_7|maj:Windows_8,leaf:Windows_7,leaf:Windows_7,leaf:Windows_10|leaf:Windows_7
8731,fam:Windows,fam:Windows,fam:Windows,maj:Windows_7,maj:Windows_7,maj:Windows_7,leaf:Windows_7,leaf:Windows_7,leaf:Windows_7
8732,fam:Windows,fam:Windows,fam:Windows,maj:Windows_7,maj:Windows_7,maj:Windows_7,leaf:Windows_7,leaf:Windows_7,leaf:Windows_7
8733,fam:Windows,fam:Windows,fam:Windows,maj:Windows_7,maj:Windows_7,maj:Windows_7,leaf:Windows_7,leaf:Windows_7,leaf:Windows_7
8734,fam:Windows,fam:Android,,maj:Windows_7,maj:Android_9,maj:Android_9,leaf:Windows_7,leaf:Linux_OTHER,leaf:Android_8_0.0|leaf:Linux_OTHER
8735,fam:Windows,fam:Windows,fam:Windows,maj:Windows_7,maj:Windows_7,maj:Windows_7,leaf:Windows_7,leaf:Windows_7,leaf:Windows_7
8736,fam:Windows,fam:Windows,fam:Windows,maj:Windows_7,maj:Windows_7,maj:Windows_7,leaf:Windows_7,leaf:Windows_7,leaf:Windows_7
8740,fam:Windows,fam:Windows,fam:Windows,maj:Windows_7,maj:Windows_7,maj:Windows_7,leaf:Windows_7,leaf:Windows_7,leaf:Windows_7
8742,fam:Windows,fam:Windows,fam:Windows,maj:Windows_7,maj:Windows_7,maj:Windows_7,leaf:Windows_7,leaf:Windows_7,leaf:Windows_7
8743,fam:Windows,fam:Windows,fam:Windows,maj:Windows_7,maj:Windows_7,maj:Windows_7,leaf:Windows_7,leaf:Windows_7,leaf:Windows_7
8744,fam:Windows,fam:Windows,fam:Windows,maj:Windows_7,maj:Windows_7,maj:Windows_7,leaf:Windows_7,leaf:Windows_7,leaf:Windows_7
8749,fam:Windows,fam:Windows,fam:Windows,maj:Windows_7,maj:Windows_8,maj:Windows_8,leaf:Windows_7,leaf:Windows_8_1.0,leaf:Windows_7|leaf:Windows_8_1.0
8751,fam:Windows,fam:Windows,fam:Windows,maj:Windows_7,maj:Windows_7,maj:Windows_7,leaf:Windows_7,leaf:Windows_7,leaf:Windows_7
8753,fam:Windows,fam:Windows,fam:Windows,maj:Windows_7,maj:Windows_7,maj:Windows_7,leaf:Windows_7,leaf:Windows_7,leaf:Windows_7
8755,fam:Windows,fam:Windows,fam:Windows,maj:Windows_7,maj:Windows_7,maj:Windows_7,leaf:Windows_7,leaf:Windows_7,leaf:Windows_7
8756,fam:Windows,fam:Windows,fam:Windows,maj:Windows_7,maj:Windows_7,maj:Windows_7,leaf:Windows_7,leaf:Windows_7,leaf:Windows_7
8758,fam:Windows,fam:Windows,fam:Windows,maj:Windows_7,maj:Windows_7,maj:Windows_7,leaf:Windows_7,leaf:Windows_7,leaf:Windows_7
8759,fam:Windows,fam:Windows,fam:Windows,maj:Windows_7,maj:Windows_7,maj:Windows_7,leaf:Windows_7,leaf:Windows_7,leaf:Windows_7
8762,fam:Windows,fam:Windows,fam:Windows,maj:Windows_7,maj:Windows_7,maj:Windows_7,leaf:Windows_7,leaf:Windows_7,leaf:Windows_7
8763,fam:Windows,fam:Windows,fam:Windows,maj:Windows_7,maj:Windows_7,maj:Windows_7,leaf:Windows_7,leaf:Windows_7,leaf:Windows_7
8767,fam:Windows,fam:Windows,fam:Windows,maj:Windows_7,maj:Windows_7,maj:Windows_7,leaf:Windows_7,leaf:Windows_7,leaf:Windows_7
8769,fam:Windows,fam:Windows,fam:Windows,maj:Windows_7,maj:Windows_7,maj:Windows_7,leaf:Windows_7,leaf:Windows_7,leaf:Windows_7
8770,fam:Windows,fam:Windows,fam:Windows,maj:Windows_7,maj:Windows_7,maj:Windows_7,leaf:Windows_7,leaf:Windows_7,leaf:Windows_7
8772,fam:Windows,fam:Windows,fam:Windows,maj:Windows_7,maj:Windows_7,maj:Windows_7,leaf:Windows_7,leaf:Windows_7,leaf:Windows_7
8773,fam:Windows,fam:Windows,fam:Windows,maj:Windows_7,maj:Windows_7,maj:Windows_7,leaf:Windows_7,leaf:Windows_7,leaf:Windows_7
8775,fam:Windows,fam:Windows,fam:Windows,maj:Windows_7,maj:Windows_7,maj:Windows_7,leaf:Windows_7,leaf:Windows_7,leaf:Windows_7
8776,fam:Windows,fam:Windows,fam:Windows,maj:Windows_7,maj:Windows_7,maj:Windows_7,leaf:Windows_7,leaf:Windows_7,leaf:Windows_7
8777,fam:Windows,fam:Windows,fam:Windows,maj:Windows_7,maj:Windows_7,maj:Windows_7,leaf:Windows_7,leaf:Windows_7,leaf:Windows_7
8778,fam:Windows,fam:Linux,,maj:Windows_7,maj:iOS_12,maj:iOS_12|maj:macOS_10,leaf:Windows_7,leaf:Windows_Vista,leaf:Windows_Vista
8781,fam:Windows,fam:Windows,fam:Windows,maj:Windows_7,maj:Windows_7,maj:Windows_7,leaf:Windows_7,leaf:Windows_7,leaf:Windows_7
8782,fam:Windows,fam:Windows,fam:Windows,maj:Windows_7,maj:Windows_8,maj:Windows_8,leaf:Windows_7,leaf:Windows_8_1.0,leaf:Windows_7|leaf:Windows_8_1.0
8783,fam:Windows,fam:Windows,fam:Windows,maj:Windows_7,maj:Windows_8,maj:Windows_7|maj:Windows_8,leaf:Windows_7,leaf:Windows_8_1.0,leaf:Windows_7|leaf:Windows_8_1.0
8784,fam:Windows,fam:Windows,fam:Windows,maj:Windows_7,maj:Windows_7,maj:Windows_7,leaf:Windows_7,leaf:Windows_7,leaf:Windows_7
8785,fam:Windows,fam:Windows,fam:Windows,maj:Windows_7,maj:Windows_7,maj:Windows_7,leaf:Windows_7,leaf:Windows_7,leaf:Windows_7
8787,fam:Windows,fam:Windows,fam:Windows,maj:Windows_7,maj:Windows_8,maj:Windows_8,leaf:Windows_7,leaf:Windows_8_1.0,leaf:Windows_8_1.0
8788,fam:Windows,fam:Windows,fam:Windows,maj:Windows_7,maj:Windows_7,maj:Windows_7,leaf:Windows_7,leaf:Windows_7,leaf:Windows_7
8792,fam:Windows,fam:Windows,fam:Windows,maj:Windows_7,maj:Windows_7,maj:Windows_7,leaf:Windows_7,leaf:Windows_7,leaf:Windows_7
8794,fam:Windows,fam:Windows,,maj:Windows_7,maj:Windows_10,maj:Windows_10,leaf:Windows_7,leaf:Linux_OTHER,leaf:Linux_OTHER|leaf:Windows_10
8796,fam:Windows,fam:Windows,fam:Windows,maj:Windows_7,maj:Windows_7,maj:Windows_7,leaf:Windows_7,leaf:Windows_7,leaf:Windows_7
8800,fam:Windows,fam:Windows,fam:Windows,maj:Windows_7,maj:Windows_8,maj:Windows_8,leaf:Windows_7,leaf:Windows_8_1.0,leaf:Windows_7|leaf:Windows_8_1.0
8803,fam:Windows,fam:Windows,fam:Windows,maj:Windows_7,maj:Windows_7,maj:Windows_7,leaf:Windows_7,leaf:Windows_7,leaf:Windows_7
8804,fam:Windows,fam:Windows,fam:Windows,maj:Windows_7,maj:Windows_7,maj:Windows_7,leaf:Windows_7,leaf:Windows_7,leaf:Windows_7
8805,fam:Windows,fam:Windows,fam:Windows,maj:Windows_7,maj:Windows_7,maj:Windows_7,leaf:Windows_7,leaf:Windows_7,leaf:Windows_7
8807,fam:Windows,fam:Windows,fam:Windows,maj:Windows_7,maj:Windows_7,maj:Windows_7,leaf:Windows_7,leaf:Windows_7,leaf:Windows_7
8809,fam:Windows,fam:Windows,fam:Windows,maj:Windows_7,maj:Windows_7,maj:Windows_7,leaf:Windows_7,leaf:Windows_7,leaf:Windows_7
8816,fam:Windows,fam:Windows,fam:Windows,maj:Windows_7,maj:Windows_7,maj:Windows_7,leaf:Windows_7,leaf:Windows_7,leaf:Windows_7
8817,fam:Windows,fam:Linux,,maj:Windows_7,maj:Linux_OTHER,maj:Linux_OTHER|maj:Windows_7,leaf:Windows_7,leaf:Linux_OTHER,leaf:Linux_OTHER|leaf:Windows_7
8822,fam:Windows,fam:Windows,fam:Windows,maj:Windows_7,maj:Windows_7,maj:Windows_7,leaf:Windows_7,leaf:Windows_7,leaf:Windows_7
8823,fam:Windows,fam:Windows,fam:Windows,maj:Windows_7,maj:Windows_8,maj:Windows_7|maj:Windows_8,leaf:Windows_7,leaf:Windows_8_OTHER,leaf:Windows_7|leaf:Windows_8_1.0|leaf:Windows_8_OTHER
8824,fam:Windows,fam:Windows,fam:Windows,maj:Windows_7,maj:Windows_7,maj:Windows_7,leaf:Windows_7,leaf:Windows_7,leaf:Windows_7
8825,fam:Windows,fam:Linux,,maj:Windows_7,maj:Windows_7,maj:Windows_7|maj:Windows_XP,leaf:Windows_7,leaf:macOS_10_10.0,leaf:macOS_10_10.0
8826,fam:Windows,fam:Windows,fam:Windows,maj:Windows_7,maj:macOS_10,maj:macOS_10,leaf:Windows_7,leaf:Windows_7,leaf:Windows_7
8827,fam:Windows,fam:Windows,fam:Windows,maj:Windows_7,maj:Windows_7,maj:Windows_7,leaf:Windows_7,leaf:Windows_7,leaf:Windows_7
8831,fam:Windows,fam:Windows,fam:Windows,maj:Windows_7,maj:Windows_8,maj:Windows_7|maj:Windows_8,leaf:Windows_7,leaf:Windows_8_1.0,leaf:Windows_8_1.0|leaf:Windows_8_OTHER
8834,fam:Windows,fam:Windows,fam:Windows,maj:Windows_7,maj:Windows_7,maj:Windows_7,leaf:Windows_7,leaf:Windows_7,leaf:Windows_7
8837,fam:Windows,fam:Windows,fam:Windows,maj:Windows_7,maj:Windows_7,maj:Windows_7,leaf:Windows_7,leaf:Windows_7,leaf:Windows_7
8839,fam:Windows,fam:Windows,fam:Windows,maj:Windows_7,maj:Windows_7,maj:Windows_7,leaf:Windows_7,leaf:Windows_7,leaf:Windows_7
8840,fam:Windows,fam:Windows,fam:Windows,maj:Windows_7,maj:Windows_7,maj:Windows_7|maj:Windows_8,leaf:Windows_7,leaf:Windows_7,leaf:Windows_7|leaf:Windows_8_1.0|leaf:Windows_8_OTHER
8842,fam:Windows,fam:Windows,fam:Windows,maj:Windows_7,maj:Windows_8,maj:Windows_7|maj:Windows_8,leaf:Windows_7,leaf:Windows_8_1.0,leaf:Windows_7|leaf:Windows_8_1.0|leaf:Windows_8_OTHER
8847,fam:Windows,fam:Windows,fam:Windows,maj:Windows_7,maj:Windows_7,maj:Windows_7,leaf:Windows_7,leaf:Windows_7,leaf:Windows_7
8848,fam:Windows,fam:Windows,fam:Windows,maj:Windows_7,maj:Windows_7,maj:Windows_7,leaf:Windows_7,leaf:Windows_7,leaf:Windows_7
8852,fam:Windows,fam:Windows,fam:Windows,maj:Windows_7,maj:Windows_7,maj:Windows_7,leaf:Windows_7,leaf:Windows_7,leaf:Linux_OTHER|leaf:Windows_10|leaf:Windows_7
8853,fam:Windows,fam:Windows,fam:Windows,maj:Windows_7,maj:Windows_7,maj:Windows_7,leaf:Windows_7,leaf:Windows_8_1.0,leaf:Windows_7|leaf:Windows_8_1.0
8854,fam:Windows,fam:Windows,fam:Windows,maj:Windows_7,maj:Windows_7,maj:Windows_7,leaf:Windows_7,leaf:Windows_7,leaf:Windows_7
8855,fam:Windows,fam:Windows,fam:Windows,maj:Windows_7,maj:Windows_7,maj:Windows_7,leaf:Windows_7,leaf:Windows_7,leaf:Windows_7
8857,fam:Windows,fam:Android,,maj:Windows_7,maj:Android_9,maj:Android_8|maj:Android_9,leaf:Windows_7,leaf:Android_7_0.0,leaf:Android_7_0.0
8859,fam:Windows,fam:Windows,,maj:Windows_7,maj:Android_4,maj:Android_4,leaf:Windows_7,leaf:Android_4_1.0,leaf:Android_4_1.0
8860,fam:Windows,fam:Windows,fam:Windows,maj:Windows_7,maj:Windows_7,maj:Windows_7,leaf:Windows_7,leaf:Windows_7,leaf:Windows_7
8865,fam:Windows,fam:Windows,fam:Windows,maj:Windows_7,maj:Windows_7,maj:Windows_7,leaf:Windows_7,leaf:Windows_7,leaf:Windows_7
8869,fam:Windows,fam:Windows,fam:Windows,maj:Windows_7,maj:Windows_7,maj:Windows_7,leaf:Windows_7,leaf:Windows_7,leaf:Windows_7
8870,fam:Windows,fam:Windows,fam:Windows,maj:Windows_7,maj:Windows_8,maj:Windows_8,leaf:Windows_7,leaf:Windows_7,leaf:Windows_7|leaf:Windows_8_1.0
8871,fam:Windows,fam:Windows,fam:Windows,maj:Windows_7,maj:Windows_7,maj:Windows_7,leaf:Windows_7,leaf:Windows_7,leaf:Windows_7
8873,fam:Windows,fam:Windows,fam:Windows,maj:Windows_7,maj:Windows_7,maj:Windows_7,leaf:Windows_7,leaf:Windows_7,leaf:Windows_7
8875,fam:Windows,fam:Windows,,maj:Windows_7,maj:Android_7,maj:Android_7|maj:Windows_7,leaf:Windows_7,leaf:Windows_7,leaf:Android_7_1.0|leaf:Windows_7
8878,fam:Windows,fam:Windows,fam:Windows,maj:Windows_7,maj:Windows_7,maj:Windows_7,leaf:Windows_7,leaf:Windows_7,leaf:Windows_7
8881,fam:Windows,fam:Windows,fam:Windows,maj:Windows_7,maj:Windows_7,maj:Windows_7,leaf:Windows_7,leaf:Windows_7,leaf:Windows_7
8884,fam:Windows,fam:Windows,fam:Windows,maj:Windows_7,maj:Windows_7,maj:Windows_7,leaf:Windows_7,leaf:Windows_7,leaf:Windows_7
8886,fam:Windows,fam:macOS,,maj:Windows_7,maj:Windows_7,maj:Windows_7|maj:Windows_8,leaf:Windows_7,leaf:macOS_10_10.0,leaf:macOS_10_10.0
8894,fam:Windows,fam:Windows,fam:Windows,maj:Windows_7,maj:Windows_7,maj:Windows_7,leaf:Windows_7,leaf:Windows_7,leaf:Windows_7
8899,fam:Windows,fam:Windows,fam:Windows,maj:Windows_7,maj:Windows_7,maj:Windows_7,leaf:Windows_7,leaf:Windows_7,leaf:Windows_7
8902,fam:Windows,fam:Windows,fam:Windows,maj:Windows_7,maj:Windows_7,maj:Windows_7,leaf:Windows_7,leaf:Windows_7,leaf:Windows_7
8904,fam:Windows,fam:Windows,fam:Windows,maj:Windows_7,maj:Windows_7,maj:Windows_7,leaf:Windows_7,leaf:Windows_7,leaf:Windows_7
8907,fam:Windows,fam:Windows,fam:Windows,maj:Windows_7,maj:Windows_7,maj:Windows_7,leaf:Windows_7,leaf:Windows_7,leaf:Windows_7
8908,fam:Windows,fam:Windows,fam:Windows,maj:Windows_7,maj:Windows_7,maj:Windows_7,leaf:Windows_7,leaf:Windows_7,leaf:Windows_7
8909,fam:Windows,fam:Windows,fam:Windows,maj:Windows_7,maj:Windows_8,maj:Windows_8,leaf:Windows_7,leaf:Windows_8_1.0,leaf:Windows_7|leaf:Windows_8_1.0
8912,fam:Windows,fam:Windows,fam:Windows,maj:Windows_7,maj:Windows_7,maj:Windows_7,leaf:Windows_7,leaf:Windows_7,leaf:Windows_7
8914,fam:Windows,fam:Windows,fam:Windows,maj:Windows_7,maj:Windows_7,maj:Windows_7,leaf:Windows_7,leaf:Windows_7,leaf:Windows_7
8915,fam:Windows,fam:Windows,,maj:Windows_7,maj:Windows_7,maj:Android_7|maj:Windows_10|maj:Windows_7,leaf:Windows_7,leaf:Windows_10,leaf:Windows_10
8918,fam:Windows,fam:Windows,fam:Windows,maj:Windows_7,maj:Windows_8,maj:Windows_7|maj:Windows_8,leaf:Windows_7,leaf:Windows_8_1.0,leaf:Windows_7|leaf:Windows_8_1.0
8919,fam:Windows,fam:macOS,,maj:Windows_7,maj:Windows_7,maj:Windows_7|maj:macOS_10,leaf:Windows_7,leaf:macOS_10_10.0,leaf:macOS_10_10.0
8920,fam:Windows,fam:Windows,fam:Windows,maj:Windows_7,maj:Windows_7,maj:Windows_7,leaf:Windows_7,leaf:Windows_7,leaf:Windows_7
8921,fam:Windows,fam:Windows,fam:Windows,maj:Windows_7,maj:Windows_7,maj:Windows_7,leaf:Windows_7,leaf:Windows_7,leaf:Windows_7
8922,fam:Windows,fam:Windows,fam:Windows,maj:Windows_7,maj:Windows_7,maj:Windows_7,leaf:Windows_7,leaf:Windows_7,leaf:Windows_7|leaf:Windows_8_1.0
8925,fam:Windows,fam:Windows,fam:Windows,maj:Windows_7,maj:Windows_7,maj:Windows_7,leaf:Windows_7,leaf:Windows_7,leaf:Windows_7
8926,fam:Windows,fam:Windows,fam:Windows,maj:Windows_7,maj:Windows_7,maj:Windows_7,leaf:Windows_7,leaf:Windows_7,leaf:Windows_7
8927,fam:Windows,fam:Windows,fam:Windows,maj:Windows_7,maj:Windows_7,maj:Windows_7,leaf:Windows_7,leaf:Windows_7,leaf:Windows_7
8928,fam:Windows,fam:Windows,fam:Windows,maj:Windows_7,maj:Windows_7,maj:Windows_7,leaf:Windows_7,leaf:Windows_7,leaf:Windows_7
8930,fam:Windows,fam:Windows,fam:Windows,maj:Windows_7,maj:Windows_7,maj:Windows_7,leaf:Windows_7,leaf:Windows_7,leaf:Windows_7
8932,fam:Windows,fam:Windows,fam:Windows,maj:Windows_7,maj:Windows_7,maj:Windows_7,leaf:Windows_7,leaf:Windows_7,leaf:Windows_7
8933,fam:Windows,fam:Windows,fam:Windows,maj:Windows_7,maj:Windows_7,maj:Windows_7,leaf:Windows_7,leaf:Windows_7,leaf:Windows_7
8934,fam:Windows,fam:Windows,fam:Windows,maj:Windows_7,maj:Windows_7,maj:Windows_7,leaf:Windows_7,leaf:Windows_7,leaf:Windows_7
8938,fam:Windows,fam:Windows,fam:Windows,maj:Windows_7,maj:Windows_7,maj:Windows_7,leaf:Windows_7,leaf:Windows_7,leaf:Windows_7
8939,fam:Windows,fam:Windows,fam:Windows,maj:Windows_7,maj:Windows_7,maj:Windows_7,leaf:Windows_7,leaf:Windows_7,leaf:Windows_7
8941,fam:Windows,fam:Windows,fam:Windows,maj:Windows_7,maj:Windows_7,maj:Windows_7,leaf:Windows_7,leaf:Windows_7,leaf:Windows_7
8942,fam:Windows,fam:Windows,fam:Windows,maj:Windows_7,maj:Windows_7,maj:Windows_7,leaf:Windows_7,leaf:Windows_7,leaf:Windows_7
8943,fam:Windows,fam:Windows,fam:Windows,maj:Windows_7,maj:Windows_7,maj:Windows_7|maj:Windows_8,leaf:Windows_7,leaf:Windows_8_1.0,leaf:Windows_7|leaf:Windows_8_1.0
8944,fam:Windows,fam:Windows,fam:Windows,maj:Windows_7,maj:Windows_7,maj:Windows_7,leaf:Windows_7,leaf:Windows_7,leaf:Linux_OTHER|leaf:Windows_7|leaf:Windows_8_1.0
8946,fam:Windows,fam:Windows,fam:Windows,maj:Windows_7,maj:Windows_8,maj:Windows_7|maj:Windows_8,leaf:Windows_7,leaf:Windows_8_1.0,leaf:Windows_8_1.0
8947,fam:Windows,fam:Windows,fam:Windows,maj:Windows_7,maj:Windows_8,maj:Windows_8,leaf:Windows_7,leaf:Windows_8_1.0,leaf:Windows_7|leaf:Windows_8_1.0
8948,fam:Windows,fam:Windows,fam:Windows,maj:Windows_7,maj:Windows_7,maj:Windows_7,leaf:Windows_7,leaf:Windows_7,leaf:Windows_7
8950,fam:Windows,fam:Windows,fam:Windows,maj:Windows_7,maj:Windows_8,maj:Windows_8,leaf:Windows_7,leaf:Windows_8_1.0,leaf:Windows_8_1.0
8952,fam:Windows,fam:Windows,fam:Windows,maj:Windows_7,maj:Windows_8,maj:Windows_7|maj:Windows_8,leaf:Windows_7,leaf:Windows_8_1.0,leaf:Windows_8_1.0
8954,fam:Windows,fam:Windows,fam:Windows,maj:Windows_7,maj:Windows_7,maj:Windows_7,leaf:Windows_7,leaf:Windows_7,leaf:Windows_7|leaf:Windows_8_OTHER
8955,fam:Windows,fam:Windows,fam:Windows,maj:Windows_7,maj:Windows_7,maj:Windows_7,leaf:Windows_7,leaf:Windows_7,leaf:Windows_7
8957,fam:Windows,fam:Windows,fam:Windows,maj:Windows_7,maj:Windows_7,maj:Windows_7,leaf:Windows_7,leaf:Windows_7,leaf:Windows_7
8958,fam:Windows,fam:Windows,fam:Windows,maj:Windows_7,maj:Windows_7,maj:Windows_7,leaf:Windows_7,leaf:Windows_7,leaf:Windows_7
8959,fam:Windows,fam:Windows,fam:Windows,maj:Windows_7,maj:Windows_7,maj:Windows_7,leaf:Windows_7,leaf:Windows_7,leaf:Windows_7|leaf:Windows_8_1.0
8964,fam:Windows,fam:Windows,fam:Windows,maj:Windows_7,maj:Windows_7,maj:Windows_7,leaf:Windows_7,leaf:Windows_7,leaf:Windows_7|leaf:Windows_8_1.0
8966,fam:Windows,fam:Windows,fam:Windows,maj:Windows_7,maj:Windows_7,maj:Windows_7,leaf:Windows_7,leaf:Windows_7,leaf:Windows_7
8969,fam:Windows,fam:Windows,fam:Windows,maj:Windows_7,maj:Windows_7,maj:Windows_7,leaf:Windows_7,leaf:Windows_7,leaf:Windows_7
8970,fam:Windows,fam:Windows,fam:Windows,maj:Windows_7,maj:Windows_7,maj:Windows_7,leaf:Windows_7,leaf:Windows_7,leaf:Windows_7
8971,fam:Windows,fam:Windows,fam:Windows,maj:Windows_7,maj:Windows_7,maj:Windows_7,leaf:Windows_7,leaf:Windows_7,leaf:Windows_7
8974,fam:Windows,fam:Windows,fam:Windows,maj:Windows_7,maj:Windows_7,maj:Windows_7,leaf:Windows_7,leaf:Windows_7,leaf:Windows_7
8979,fam:Windows,fam:Windows,fam:Windows,maj:Windows_7,maj:Windows_7,maj:Windows_7,leaf:Windows_7,leaf:Windows_7,leaf:Windows_7
8980,fam:Windows,fam:Windows,fam:Windows,maj:Windows_7,maj:Windows_8,maj:Windows_8,leaf:Windows_7,leaf:Windows_8_1.0,leaf:Windows_8_1.0
8981,fam:Windows,fam:Windows,fam:Windows,maj:Windows_7,maj:Windows_7,maj:Windows_7,leaf:Windows_7,leaf:Windows_7,leaf:Windows_7|leaf:Windows_8_OTHER
8982,fam:Windows,fam:Windows,fam:Windows,maj:Windows_7,maj:Windows_8,maj:Windows_8,leaf:Windows_7,leaf:Windows_8_1.0,leaf:Windows_8_1.0
8983,fam:Windows,fam:Windows,fam:Windows,maj:Windows_7,maj:Windows_7,maj:Windows_7,leaf:Windows_7,leaf:Windows_7,leaf:Windows_7
8986,fam:Windows,fam:Windows,fam:Windows,maj:Windows_7,maj:Windows_7,maj:Windows_7,leaf:Windows_7,leaf:Windows_7,leaf:Windows_7
8988,fam:Windows,fam:macOS,,maj:Windows_7,maj:Windows_7,maj:Windows_7|maj:macOS_10,leaf:Windows_7,leaf:macOS_10_9.0,leaf:Windows_7|leaf:macOS_10_9.0
8990,fam:Windows,fam:Windows,fam:Windows,maj:Windows_7,maj:Windows_7,maj:Windows_7,leaf:Windows_7,leaf:Windows_7,leaf:Windows_7
8991,fam:Windows,fam:Windows,fam:Windows,maj:Windows_7,maj:Windows_7,maj:Windows_7,leaf:Windows_7,leaf:Windows_7,leaf:Windows_7
8992,fam:Windows,fam:Windows,fam:Windows,maj:Windows_7,maj:Windows_7,maj:Windows_7,leaf:Windows_7,leaf:Windows_7,leaf:Windows_7
8994,fam:Windows,fam:Windows,fam:Windows,maj:Windows_7,maj:Windows_7,maj:Windows_7,leaf:Windows_7,leaf:Windows_7,leaf:Windows_7
8995,fam:Windows,fam:Windows,fam:Windows,maj:Windows_7,maj:Windows_8,maj:Windows_7|maj:Windows_8,leaf:Windows_7,leaf:Windows_8_1.0,leaf:Windows_7|leaf:Windows_8_1.0|leaf:Windows_8_OTHER
8998,fam:Windows,fam:Windows,fam:Windows,maj:Windows_7,maj:Windows_8,maj:Windows_8,leaf:Windows_7,leaf:Windows_8_1.0,leaf:Windows_7|leaf:Windows_8_1.0
9002,fam:Windows,fam:Windows,fam:Windows,maj:Windows_7,maj:Windows_7,maj:Windows_7,leaf:Windows_7,leaf:Windows_7,leaf:Windows_7|leaf:Windows_8_1.0
9003,fam:Windows,fam:Windows,fam:Windows,maj:Windows_7,maj:Windows_7,maj:Windows_7,leaf:Windows_7,leaf:Windows_7,leaf:Windows_7
9004,fam:Windows,fam:Windows,fam:Windows,maj:Windows_7,maj:Windows_8,maj:Windows_7|maj:Windows_8,leaf:Windows_7,leaf:Windows_8_1.0,leaf:Linux_OTHER|leaf:Windows_10|leaf:Windows_8_1.0
9007,fam:Windows,fam:Windows,fam:Windows,maj:Windows_7,maj:Windows_7,maj:Windows_7,leaf:Windows_7,leaf:Windows_7,leaf:Windows_7|leaf:Windows_8_1.0
9009,fam:Windows,fam:Windows,fam:Windows,maj:Windows_7,maj:Windows_7,maj:Windows_7,leaf:Windows_7,leaf:Windows_7,leaf:Windows_7
9010,fam:Windows,fam:Windows,fam:Windows,maj:Windows_7,maj:Windows_7,maj:Windows_7,leaf:Windows_7,leaf:Windows_7,leaf:Windows_7
9014,fam:Windows,fam:Windows,fam:Windows,maj:Windows_7,maj:Windows_7,maj:Windows_7,leaf:Windows_7,leaf:Windows_7,leaf:Windows_7
9018,fam:Windows,fam:Windows,fam:Windows,maj:Windows_7,maj:Windows_8,maj:Windows_7|maj:Windows_8,leaf:Windows_7,leaf:Windows_8_1.0,leaf:Windows_8_1.0|leaf:Windows_8_OTHER
9021,fam:Windows,fam:Windows,fam:Windows,maj:Windows_7,maj:Windows_10,maj:Windows_10|maj:Windows_7,leaf:Windows_7,leaf:Windows_10,leaf:Windows_10
9022,fam:Windows,fam:Windows,fam:Windows,maj:Windows_7,maj:Windows_7,maj:Windows_7,leaf:Windows_7,leaf:Windows_7,leaf:Windows_7
9023,fam:Windows,fam:Windows,fam:Windows,maj:Windows_7,maj:Windows_7,maj:Windows_7,leaf:Windows_7,leaf:Windows_7,leaf:Windows_7
9024,fam:Windows,fam:Windows,fam:Windows,maj:Windows_7,maj:Windows_7,maj:Windows_7,leaf:Windows_7,leaf:Windows_7,leaf:Windows_7
9030,fam:Windows,fam:Windows,fam:Windows,maj:Windows_7,maj:Windows_7,maj:Windows_7,leaf:Windows_7,leaf:Windows_7,leaf:Windows_7
9032,fam:Windows,fam:Windows,fam:Windows,maj:Windows_7,maj:Windows_7,maj:Windows_7,leaf:Windows_7,leaf:Windows_7,leaf:Windows_7
9033,fam:Windows,fam:Windows,fam:Windows,maj:Windows_7,maj:Windows_7,maj:Windows_7,leaf:Windows_7,leaf:Windows_7,leaf:Windows_7
9034,fam:Windows,fam:Windows,fam:Windows,maj:Windows_7,maj:Windows_7,maj:Windows_7,leaf:Windows_7,leaf:Windows_7,leaf:Windows_7
9038,fam:Windows,fam:Windows,,maj:Windows_7,maj:Android_4,maj:Android_4,leaf:Windows_7,leaf:Android_4_1.0,leaf:Android_4_1.0
9041,fam:Windows,fam:Windows,fam:Windows,maj:Windows_7,maj:Windows_7,maj:Windows_7,leaf:Windows_7,leaf:Windows_7,leaf:Windows_7
9045,fam:Windows,fam:Windows,fam:Windows,maj:Windows_7,maj:Windows_7,maj:Windows_7,leaf:Windows_7,leaf:Windows_7,leaf:Windows_7
9046,fam:Windows,fam:Windows,fam:Windows,maj:Windows_7,maj:Windows_7,maj:Windows_7,leaf:Windows_7,leaf:Windows_7,leaf:Windows_7
9048,fam:Windows,fam:Windows,fam:Windows,maj:Windows_7,maj:Windows_8,maj:Windows_8,leaf:Windows_7,leaf:Windows_8_1.0,leaf:Windows_8_1.0
9050,fam:Windows,fam:Windows,fam:Windows,maj:Windows_7,maj:Windows_7,maj:Windows_7,leaf:Windows_7,leaf:Windows_7,leaf:Windows_7
9051,fam:Windows,fam:macOS,,maj:Windows_7,maj:macOS_10,maj:macOS_10,leaf:Windows_7,leaf:macOS_10_13.0,leaf:macOS_10_13.0
9054,fam:Windows,fam:Windows,fam:Windows,maj:Windows_7,maj:Windows_7,maj:Windows_7,leaf:Windows_7,leaf:Windows_7,leaf:Windows_7
9055,fam:Windows,fam:Windows,fam:Windows,maj:Windows_7,maj:Windows_8,maj:Windows_8,leaf:Windows_7,leaf:Windows_8_1.0,leaf:Windows_8_1.0|leaf:Windows_8_OTHER
9058,fam:Windows,fam:Windows,fam:Windows,maj:Windows_7,maj:Windows_7,maj:Windows_7,leaf:Windows_7,leaf:Windows_7,leaf:Windows_7
9060,fam:Windows,fam:Windows,fam:Windows,maj:Windows_7,maj:Windows_7,maj:Windows_7,leaf:Windows_7,leaf:Windows_7,leaf:Windows_7
9062,fam:Windows,fam:Windows,fam:Windows,maj:Windows_7,maj:Windows_7,maj:Windows_7,leaf:Windows_7,leaf:Windows_7,leaf:Windows_7
9064,fam:Windows,fam:Windows,fam:Windows,maj:Windows_7,maj:Windows_8,maj:Windows_8,leaf:Windows_7,leaf:Windows_8_1.0,leaf:Windows_7|leaf:Windows_8_1.0
9065,fam:Windows,fam:Windows,fam:Windows,maj:Windows_7,maj:Windows_7,maj:Windows_7,leaf:Windows_7,leaf:Windows_7,leaf:Windows_7
9066,fam:Windows,fam:Windows,fam:Windows,maj:Windows_7,maj:Windows_8,maj:Windows_8,leaf:Windows_7,leaf:Windows_8_1.0,leaf:Windows_8_1.0
9068,fam:Windows,fam:Windows,fam:Windows,maj:Windows_7,maj:Windows_7,maj:Windows_7,leaf:Windows_7,leaf:Windows_7,leaf:Windows_7
9070,fam:Windows,fam:Windows,fam:Windows,maj:Windows_7,maj:Windows_7,maj:Windows_7,leaf:Windows_7,leaf:Windows_7,leaf:Windows_7
9072,fam:Windows,fam:Windows,fam:Windows,maj:Windows_7,maj:Windows_7,maj:Windows_7,leaf:Windows_7,leaf:Windows_7,leaf:Windows_7
9073,fam:Windows,fam:Windows,fam:Windows,maj:Windows_7,maj:Windows_7,maj:Windows_7,leaf:Windows_7,leaf:Windows_7,leaf:Windows_7
9075,fam:Windows,fam:Windows,fam:Windows,maj:Windows_7,maj:Windows_7,maj:Windows_7,leaf:Windows_7,leaf:Windows_7,leaf:Windows_7
9077,fam:Windows,fam:Windows,fam:Windows,maj:Windows_7,maj:Windows_7,maj:Windows_7,leaf:Windows_7,leaf:Windows_7,leaf:Windows_7
9078,fam:Windows,fam:Windows,fam:Windows,maj:Windows_7,maj:Windows_7,maj:Windows_7,leaf:Windows_7,leaf:Windows_7,leaf:Windows_7
9080,fam:Windows,fam:Windows,fam:Windows,maj:Windows_7,maj:Windows_7,maj:Windows_7,leaf:Windows_7,leaf:Windows_7,leaf:Windows_10|leaf:Windows_7
9081,fam:Windows,fam:Windows,fam:Windows,maj:Windows_7,maj:Windows_8,maj:Windows_7|maj:Windows_8,leaf:Windows_7,leaf:Windows_8_OTHER,leaf:Windows_7|leaf:Windows_8_1.0|leaf:Windows_8_OTHER
9083,fam:Windows,fam:Windows,fam:Windows,maj:Windows_7,maj:Windows_7,maj:Windows_7,leaf:Windows_7,leaf:Windows_7,leaf:Windows_7
9084,fam:Windows,fam:Windows,fam:Windows,maj:Windows_7,maj:Windows_7,maj:Windows_7,leaf:Windows_7,leaf:Windows_7,leaf:Windows_7
9085,fam:Windows,fam:Windows,fam:Windows,maj:Windows_7,maj:Windows_7,maj:Windows_7,leaf:Windows_7,leaf:Windows_7,leaf:Windows_7
9086,fam:Windows,fam:Windows,,maj:Windows_7,maj:Windows_10,maj:Android_4|maj:Windows_10,leaf:Windows_7,leaf:Android_4_4.0,leaf:Android_4_4.0
9088,fam:Windows,fam:Windows,fam:Windows,maj:Windows_7,maj:Windows_7,maj:Windows_7,leaf:Windows_7,leaf:Windows_7,leaf:Windows_7
9090,fam:Windows,fam:Windows,fam:Windows,maj:Windows_7,maj:Windows_7,maj:Windows_7,leaf:Windows_7,leaf:Windows_7,leaf:Windows_7
9091,fam:Windows,fam:Windows,fam:Windows,maj:Windows_7,maj:Windows_7,maj:Windows_7,leaf:Windows_7,leaf:Windows_7,leaf:Windows_7
9092,fam:Windows,fam:Windows,fam:Windows,maj:Windows_7,maj:Windows_7,maj:Windows_7,leaf:Windows_7,leaf:Windows_7,leaf:Windows_7
9095,fam:Windows,fam:Windows,fam:Windows,maj:Windows_7,maj:Windows_8,maj:Windows_8,leaf:Windows_7,leaf:Windows_8_1.0,leaf:Windows_8_1.0
9100,fam:Windows,fam:Linux,,maj:Windows_7,maj:Linux_OTHER,maj:Linux_OTHER|maj:macOS_10,leaf:Windows_7,leaf:Linux_OTHER,leaf:Linux_OTHER
9104,fam:Windows,fam:Windows,fam:Windows,maj:Windows_7,maj:Windows_7,maj:Windows_7,leaf:Windows_7,leaf:Windows_7,leaf:Windows_7
9105,fam:Windows,fam:Windows,fam:Windows,maj:Windows_7,maj:Windows_7,maj:Windows_7,leaf:Windows_7,leaf:Windows_7,leaf:Android_5_1.0|leaf:Windows_7
9107,fam:Windows,fam:Windows,fam:Windows,maj:Windows_7,maj:Windows_8,maj:Windows_8,leaf:Windows_7,leaf:Windows_8_1.0,leaf:Windows_8_1.0|leaf:Windows_8_OTHER
9111,fam:Windows,fam:Windows,fam:Windows,maj:Windows_7,maj:Windows_7,maj:Windows_7,leaf:Windows_7,leaf:Windows_7,leaf:Windows_10|leaf:Windows_7
9113,fam:Windows,fam:Windows,fam:Windows,maj:Windows_7,maj:Windows_7,maj:Windows_7,leaf:Windows_7,leaf:Windows_7,leaf:Windows_7
9115,fam:Windows,fam:Windows,fam:Windows,maj:Windows_7,maj:Windows_7,maj:Windows_7,leaf:Windows_7,leaf:Windows_7,leaf:Windows_7
9116,fam:Windows,fam:Windows,fam:Windows,maj:Windows_7,maj:Windows_7,maj:Windows_7,leaf:Windows_7,leaf:Windows_7,leaf:Windows_7
9119,fam:Windows,fam:Windows,fam:Windows,maj:Windows_7,maj:Windows_7,maj:Windows_7,leaf:Windows_7,leaf:Windows_7,leaf:Windows_7
9122,fam:Windows,fam:Windows,fam:Windows,maj:Windows_7,maj:Windows_7,maj:Windows_7,leaf:Windows_7,leaf:Windows_7,leaf:Windows_7
9123,fam:Windows,fam:Windows,fam:Windows,maj:Windows_7,maj:Windows_7,maj:Windows_7,leaf:Windows_7,leaf:Windows_7,leaf:Windows_7|leaf:Windows_8_1.0
9124,fam:Windows,fam:Windows,fam:Windows,maj:Windows_7,maj:Windows_7,maj:Windows_7,leaf:Windows_7,leaf:Windows_7,leaf:Windows_7
9125,fam:Windows,fam:Windows,fam:Windows,maj:Windows_7,maj:Windows_7,maj:Windows_7,leaf:Windows_7,leaf:Windows_7,leaf:Windows_7
9126,fam:Windows,fam:Windows,fam:Windows,maj:Windows_7,maj:Windows_7,maj:Windows_7,leaf:Windows_7,leaf:Windows_7,leaf:Windows_7
9127,fam:Windows,fam:Windows,fam:Windows,maj:Windows_7,maj:Windows_7,maj:Windows_7,leaf:Windows_7,leaf:Windows_7,leaf:Windows_7
9128,fam:Windows,fam:Windows,fam:Windows,maj:Windows_7,maj:Windows_7,maj:Windows_7,leaf:Windows_7,leaf:Windows_7,leaf:Windows_7
9129,fam:Windows,fam:Windows,fam:Windows,maj:Windows_7,maj:Windows_7,maj:Windows_7,leaf:Windows_7,leaf:Windows_7,leaf:Windows_7
9130,fam:Windows,fam:Windows,fam:Windows,maj:Windows_7,maj:Windows_7,maj:Windows_7,leaf:Windows_7,leaf:Windows_7,leaf:Windows_7
9132,fam:Windows,fam:Windows,fam:Windows,maj:Windows_7,maj:Windows_7,maj:Windows_7,leaf:Windows_7,leaf:Windows_7,leaf:Windows_7
9133,fam:Windows,fam:Windows,fam:Windows,maj:Windows_7,maj:Windows_8,maj:Windows_7|maj:Windows_8,leaf:Windows_7,leaf:Windows_7,leaf:Windows_7|leaf:Windows_8_1.0
9134,fam:Windows,fam:Windows,fam:Windows,maj:Windows_7,maj:Windows_7,maj:Windows_7,leaf:Windows_7,leaf:Windows_7,leaf:Windows_7
9136,fam:Windows,fam:Windows,fam:Windows,maj:Windows_7,maj:Windows_7,maj:Windows_7,leaf:Windows_7,leaf:Windows_8_1.0,leaf:Windows_7|leaf:Windows_8_1.0|leaf:Windows_8_OTHER
9137,fam:Windows,fam:Windows,fam:Windows,maj:Windows_7,maj:Windows_7,maj:Windows_7,leaf:Windows_7,leaf:Windows_7,leaf:Windows_7
9139,fam:Windows,fam:Windows,fam:Windows,maj:Windows_7,maj:Windows_7,maj:Windows_7,leaf:Windows_7,leaf:Windows_7,leaf:Windows_7
9143,fam:Windows,fam:Windows,fam:Windows,maj:Windows_7,maj:Windows_7,maj:Windows_7,leaf:Windows_7,leaf:Windows_7,leaf:Windows_7
9144,fam:Windows,fam:Windows,fam:Windows,maj:Windows_7,maj:Windows_8,maj:Windows_8,leaf:Windows_7,leaf:Windows_8_1.0,leaf:Windows_7|leaf:Windows_8_1.0
9150,fam:Windows,fam:Linux,fam:Linux,maj:Windows_7,maj:Linux_Ubuntu,maj:Linux_Ubuntu,leaf:Windows_7,leaf:Linux_Ubuntu,leaf:Linux_OTHER|leaf:Linux_Ubuntu
9151,fam:Windows,fam:Windows,fam:Windows,maj:Windows_7,maj:Windows_8,maj:Windows_8,leaf:Windows_7,leaf:Windows_8_1.0,leaf:Windows_7|leaf:Windows_8_1.0
9153,fam:Windows,fam:Windows,fam:Windows,maj:Windows_7,maj:Windows_7,maj:Windows_7,leaf:Windows_7,leaf:Windows_7,leaf:Windows_7|leaf:Windows_8_1.0
9154,fam:Windows,fam:Windows,fam:Windows,maj:Windows_7,maj:Windows_8,maj:Windows_8,leaf:Windows_7,leaf:Windows_7,leaf:Windows_7|leaf:Windows_8_1.0
9155,fam:Windows,fam:Windows,fam:Windows,maj:Windows_7,maj:Windows_7,maj:Windows_7,leaf:Windows_7,leaf:Windows_7,leaf:Windows_7
9156,fam:Windows,fam:Windows,fam:Windows,maj:Windows_7,maj:Windows_7,maj:Windows_7,leaf:Windows_7,leaf:Windows_7,leaf:Windows_7
9158,fam:Windows,fam:Windows,fam:Windows,maj:Windows_7,maj:Windows_8,maj:Windows_7|maj:Windows_8,leaf:Windows_7,leaf:Windows_8_1.0,leaf:Windows_7|leaf:Windows_8_1.0|leaf:Windows_8_OTHER
9160,fam:Windows,fam:Windows,fam:Windows,maj:Windows_7,maj:Windows_7,maj:Windows_7,leaf:Windows_7,leaf:Windows_7,leaf:Windows_7
9163,fam:Windows,fam:Windows,fam:Windows,maj:Windows_7,maj:Windows_7,maj:Windows_7,leaf:Windows_7,leaf:Windows_7,leaf:Windows_7
9165,fam:Windows,fam:Windows,fam:Windows,maj:Windows_7,maj:Windows_7,maj:Windows_7,leaf:Windows_7,leaf:Windows_7,leaf:Windows_7
9167,fam:Windows,fam:Windows,fam:Windows,maj:Windows_7,maj:Windows_7,maj:Windows_7,leaf:Windows_7,leaf:Windows_7,leaf:Windows_7
9168,fam:Windows,fam:Windows,fam:Windows,maj:Windows_7,maj:Windows_7,maj:Windows_7,leaf:Windows_7,leaf:Windows_7,leaf:Windows_7
9172,fam:Windows,fam:Windows,fam:Windows,maj:Windows_7,maj:Windows_7,maj:Windows_7,leaf:Windows_7,leaf:Windows_7,leaf:Windows_7
9173,fam:Windows,fam:Windows,fam:Windows,maj:Windows_7,maj:Windows_7,maj:Windows_7,leaf:Windows_7,leaf:Windows_7,leaf:Windows_7
9178,fam:Windows,fam:Windows,fam:Windows,maj:Windows_7,maj:Windows_7,maj:Windows_7,leaf:Windows_7,leaf:Windows_7,leaf:Windows_7
9179,fam:Windows,fam:macOS,,maj:Windows_7,maj:Linux_OTHER,maj:Linux_OTHER|maj:Windows_7,leaf:Windows_7,leaf:Windows_7,leaf:Windows_7|leaf:macOS_10_9.0
9180,fam:Windows,fam:Windows,fam:Windows,maj:Windows_7,maj:Windows_8,maj:Windows_8,leaf:Windows_7,leaf:Windows_8_1.0,leaf:Windows_7|leaf:Windows_8_1.0
9182,fam:Windows,fam:Windows,fam:Windows,maj:Windows_7,maj:Windows_7,maj:Windows_7,leaf:Windows_7,leaf:Windows_7,leaf:Windows_7
9183,fam:Windows,fam:Windows,fam:Windows,maj:Windows_7,maj:Windows_7,maj:Windows_7,leaf:Windows_7,leaf:Windows_7,leaf:Windows_7
9184,fam:Windows,fam:Windows,fam:Windows,maj:Windows_7,maj:Windows_7,maj:Windows_7,leaf:Windows_7,leaf:Windows_7,leaf:Windows_7
9187,fam:Windows,fam:Linux,fam:Linux,maj:Windows_7,maj:Linux_Ubuntu,maj:Linux_Ubuntu,leaf:Windows_7,leaf:Linux_Ubuntu,leaf:Linux_Ubuntu
9188,fam:Windows,fam:Windows,fam:Windows,maj:Windows_7,maj:Windows_7,maj:Windows_7,leaf:Windows_7,leaf:Windows_7,leaf:Windows_7
9189,fam:Windows,fam:Windows,fam:Windows,maj:Windows_7,maj:Windows_7,maj:Windows_7,leaf:Windows_7,leaf:Windows_7,leaf:Windows_7
9191,fam:Windows,fam:Windows,fam:Windows,maj:Windows_7,maj:Windows_7,maj:Windows_7,leaf:Windows_7,leaf:Windows_7,leaf:Windows_7
9193,fam:Windows,fam:Windows,fam:Windows,maj:Windows_7,maj:Windows_8,maj:Windows_8,leaf:Windows_7,leaf:Windows_8_1.0,leaf:Windows_7|leaf:Windows_8_1.0
9194,fam:Windows,fam:Windows,fam:Windows,maj:Windows_7,maj:Windows_7,maj:Windows_7,leaf:Windows_7,leaf:Windows_7,leaf:Windows_7
9196,fam:Windows,fam:Windows,fam:Windows,maj:Windows_7,maj:Windows_7,maj:Windows_7,leaf:Windows_7,leaf:Windows_7,leaf:Windows_7
9198,fam:Windows,fam:Windows,fam:Windows,maj:Windows_7,maj:Windows_8,maj:Windows_8,leaf:Windows_7,leaf:Windows_8_1.0,leaf:Windows_8_1.0
9200,fam:Windows,fam:Windows,fam:Windows,maj:Windows_7,maj:Windows_8,maj:Windows_8,leaf:Windows_7,leaf:Windows_8_1.0,leaf:Windows_8_1.0
9204,fam:Windows,fam:Windows,fam:Windows,maj:Windows_7,maj:Windows_7,maj:Windows_7,leaf:Windows_7,leaf:Windows_7,leaf:Windows_7
9206,fam:Windows,fam:Windows,fam:Windows,maj:Windows_7,maj:Windows_7,maj:Windows_7,leaf:Windows_7,leaf:Windows_7,leaf:Windows_7
9208,fam:Windows,fam:Windows,fam:Windows,maj:Windows_7,maj:Windows_8,maj:Windows_8,leaf:Windows_7,leaf:Windows_8_1.0,leaf:Windows_8_1.0
9210,fam:Windows,fam:Windows,fam:Windows,maj:Windows_7,maj:Windows_7,maj:Windows_7,leaf:Windows_7,leaf:Windows_7,leaf:Windows_7
9211,fam:Windows,fam:Windows,fam:Windows,maj:Windows_7,maj:Windows_7,maj:Windows_7,leaf:Windows_7,leaf:Windows_7,leaf:Windows_7
9212,fam:Windows,fam:Windows,fam:Windows,maj:Windows_7,maj:Windows_7,maj:Windows_7,leaf:Windows_7,leaf:Windows_7,leaf:Windows_7
9213,fam:Windows,fam:Windows,fam:Windows,maj:Windows_7,maj:Windows_7,maj:Windows_7,leaf:Windows_7,leaf:Windows_7,leaf:Windows_7
9214,fam:Windows,fam:Windows,fam:Windows,maj:Windows_7,maj:Windows_10,maj:Windows_10|maj:Windows_7,leaf:Windows_7,leaf:Android_4_4.0,leaf:Android_4_4.0|leaf:Windows_10
9222,fam:Windows,fam:Windows,fam:Windows,maj:Windows_7,maj:Windows_8,maj:Windows_8,leaf:Windows_7,leaf:Windows_8_1.0,leaf:Windows_8_1.0|leaf:Windows_8_OTHER
9225,fam:Windows,fam:Linux,,maj:Windows_7,maj:Linux_OTHER,maj:Linux_OTHER,leaf:Windows_7,leaf:Linux_OTHER,leaf:Linux_OTHER|leaf:Windows_7
9226,fam:Windows,fam:Windows,fam:Windows,maj:Windows_7,maj:Windows_7,maj:Windows_7,leaf:Windows_7,leaf:Windows_7,leaf:Windows_7|leaf:Windows_8_1.0
9229,fam:Windows,fam:Windows,fam:Windows,maj:Windows_7,maj:Windows_7,maj:Windows_7,leaf:Windows_7,leaf:Windows_7,leaf:Windows_10|leaf:Windows_7|leaf:Windows_8_OTHER
9230,fam:Windows,fam:Windows,fam:Windows,maj:Windows_7,maj:Windows_7,maj:Windows_7,leaf:Windows_7,leaf:Windows_7,leaf:Windows_7
9233,fam:Windows,fam:Windows,fam:Windows,maj:Windows_7,maj:Windows_7,maj:Windows_7,leaf:Windows_7,leaf:Windows_7,leaf:Windows_7
9236,fam:Windows,fam:Windows,fam:Windows,maj:Windows_7,maj:Windows_7,maj:Windows_7,leaf:Windows_7,leaf:Windows_7,leaf:Windows_7
9238,fam:Windows,fam:Windows,fam:Windows,maj:Windows_7,maj:Windows_7,maj:Windows_7,leaf:Windows_7,leaf:Windows_7,leaf:Windows_7
9240,fam:Windows,fam:Windows,fam:Windows,maj:Windows_7,maj:Windows_7,maj:Windows_7,leaf:Windows_7,leaf:Windows_7,leaf:Windows_7
9242,fam:Windows,fam:Windows,fam:Windows,maj:Windows_7,maj:Windows_7,maj:Windows_7,leaf:Windows_7,leaf:Windows_7,leaf:Windows_7
9243,fam:Windows,fam:Windows,fam:Windows,maj:Windows_7,maj:Windows_8,maj:Windows_8,leaf:Windows_7,leaf:Windows_8_1.0,leaf:Windows_7|leaf:Windows_8_1.0
9246,fam:Windows,fam:Windows,,maj:Windows_7,maj:Linux_OTHER,maj:Linux_OTHER,leaf:Windows_7,leaf:Windows_10,leaf:Linux_OTHER|leaf:Windows_10
9247,fam:Windows,fam:Windows,fam:Windows,maj:Windows_7,maj:Windows_7,maj:Windows_7,leaf:Windows_7,leaf:Windows_7,leaf:Windows_7
9251,fam:Windows,fam:Windows,fam:Windows,maj:Windows_7,maj:Windows_7,maj:Windows_7,leaf:Windows_7,leaf:Windows_7,leaf:Windows_7
9252,fam:Windows,fam:macOS,,maj:Windows_7,maj:Linux_OTHER,maj:Linux_OTHER,leaf:Windows_7,leaf:Windows_7,leaf:Windows_7|leaf:macOS_10_9.0
9253,fam:Windows,fam:Windows,fam:Windows,maj:Windows_7,maj:Windows_8,maj:Windows_8,leaf:Windows_7,leaf:Windows_8_1.0,leaf:Windows_7|leaf:Windows_8_1.0
9254,fam:Windows,fam:Windows,fam:Windows,maj:Windows_7,maj:Windows_7,maj:Windows_7,leaf:Windows_7,leaf:Windows_7,leaf:Windows_7
9258,fam:Windows,fam:Windows,fam:Windows,maj:Windows_7,maj:Windows_7,maj:Windows_7,leaf:Windows_7,leaf:Windows_7,leaf:Windows_7
9260,fam:Windows,fam:Windows,fam:Windows,maj:Windows_7,maj:Windows_7,maj:Windows_7,leaf:Windows_7,leaf:Windows_7,leaf:Windows_7
9261,fam:Windows,fam:Windows,fam:Windows,maj:Windows_7,maj:Windows_7,maj:Windows_7,leaf:Windows_7,leaf:Windows_7,leaf:Windows_7
9262,fam:Windows,fam:Windows,fam:Windows,maj:Windows_7,maj:Windows_8,maj:Windows_8,leaf:Windows_7,leaf:Windows_8_1.0,leaf:Windows_7|leaf:Windows_8_1.0
9263,fam:Windows,fam:Windows,fam:Windows,maj:Windows_7,maj:Windows_8,maj:Windows_8,leaf:Windows_7,leaf:Windows_8_1.0,leaf:Windows_7|leaf:Windows_8_1.0|leaf:Windows_8_OTHER
9267,fam:Windows,fam:Windows,fam:Windows,maj:Windows_7,maj:Windows_7,maj:Windows_7,leaf:Windows_7,leaf:Windows_7,leaf:Windows_7
9268,fam:Windows,fam:Windows,fam:Windows,maj:Windows_7,maj:Windows_7,maj:Windows_7,leaf:Windows_7,leaf:Windows_7,leaf:Windows_7
9270,fam:Windows,fam:Windows,fam:Windows,maj:Windows_7,maj:Windows_7,maj:Windows_7,leaf:Windows_7,leaf:Windows_7,leaf:Windows_7
9275,fam:Windows,fam:Windows,fam:Windows,maj:Windows_7,maj:Windows_7,maj:Windows_7,leaf:Windows_7,leaf:Windows_7,leaf:Windows_7
9276,fam:Windows,fam:Windows,fam:Windows,maj:Windows_7,maj:Windows_7,maj:Windows_7,leaf:Windows_7,leaf:Windows_7,leaf:Windows_7
9278,fam:Windows,fam:Windows,fam:Windows,maj:Windows_7,maj:Windows_7,maj:Windows_7,leaf:Windows_7,leaf:Windows_7,leaf:Windows_7
9280,fam:Windows,fam:Windows,fam:Windows,maj:Windows_7,maj:Windows_7,maj:Windows_7,leaf:Windows_7,leaf:Windows_7,leaf:Windows_7|leaf:Windows_8_1.0
9281,fam:Windows,fam:Windows,fam:Windows,maj:Windows_7,maj:Windows_7,maj:Windows_7,leaf:Windows_7,leaf:Windows_7,leaf:Windows_7
9282,fam:Windows,fam:Windows,fam:Windows,maj:Windows_7,maj:Windows_7,maj:Windows_7,leaf:Windows_7,leaf:Windows_7,leaf:Windows_7
9285,fam:Windows,fam:Windows,fam:Windows,maj:Windows_7,maj:Windows_7,maj:Windows_7,leaf:Windows_7,leaf:Windows_7,leaf:Windows_7
9286,fam:Windows,fam:Windows,fam:Windows,maj:Windows_7,maj:Windows_7,maj:Windows_7,leaf:Windows_7,leaf:Windows_7,leaf:Windows_7
9287,fam:Windows,fam:Windows,fam:Windows,maj:Windows_7,maj:Windows_7,maj:Windows_7,leaf:Windows_7,leaf:Windows_7,leaf:Windows_7
9289,fam:Windows,fam:Windows,fam:Windows,maj:Windows_7,maj:Windows_7,maj:Windows_7,leaf:Windows_7,leaf:Windows_7,leaf:Windows_7
9291,fam:Windows,fam:Windows,fam:Windows,maj:Windows_7,maj:Windows_7,maj:Windows_7,leaf:Windows_7,leaf:Windows_7,leaf:Windows_7
9292,fam:Windows,fam:Windows,fam:Windows,maj:Windows_7,maj:Windows_7,maj:Windows_7,leaf:Windows_7,leaf:Windows_7,leaf:Windows_7
9294,fam:Windows,fam:Windows,fam:Windows,maj:Windows_7,maj:Windows_7,maj:Windows_7,leaf:Windows_7,leaf:Windows_7,leaf:Windows_7
9295,fam:Windows,fam:Windows,fam:Windows,maj:Windows_7,maj:Windows_7,maj:Windows_7,leaf:Windows_7,leaf:Windows_7,leaf:Windows_7
9297,fam:Windows,fam:Windows,fam:Windows,maj:Windows_7,maj:Windows_8,maj:Windows_8,leaf:Windows_7,leaf:Windows_7,leaf:Windows_7|leaf:Windows_8_1.0
9298,fam:Windows,fam:Windows,fam:Windows,maj:Windows_7,maj:Windows_7,maj:Windows_7,leaf:Windows_7,leaf:Windows_7,leaf:Windows_7
9301,fam:Windows,fam:Windows,fam:Windows,maj:Windows_7,maj:Windows_7,maj:Windows_7,leaf:Windows_7,leaf:Windows_7,leaf:Windows_7
9302,fam:Windows,fam:Windows,fam:Windows,maj:Windows_7,maj:Windows_8,maj:Windows_7|maj:Windows_8,leaf:Windows_7,leaf:Windows_8_1.0,leaf:Windows_8_1.0|leaf:Windows_8_OTHER
9305,fam:Windows,fam:Windows,fam:Windows,maj:Windows_7,maj:Windows_7,maj:Windows_7,leaf:Windows_7,leaf:Windows_7,leaf:Windows_7|leaf:Windows_8_1.0
9309,fam:Windows,fam:Windows,,maj:Windows_7,maj:Windows_7,maj:Windows_7|maj:Windows_8,leaf:Windows_7,leaf:Windows_10,leaf:Windows_10|leaf:Windows_7|leaf:macOS_10_13.0
9310,fam:Windows,fam:Windows,fam:Windows,maj:Windows_7,maj:Windows_8,maj:Windows_7|maj:Windows_8,leaf:Windows_7,leaf:Windows_8_1.0,leaf:Windows_7|leaf:Windows_8_1.0|leaf:Windows_8_OTHER
9311,fam:Windows,fam:Windows,,maj:Windows_7,maj:Linux_OTHER,maj:Linux_OTHER,leaf:Windows_7,leaf:Linux_OTHER,leaf:Linux_OTHER|leaf:Windows_7
9312,fam:Windows,fam:Windows,fam:Windows,maj:Windows_7,maj:Windows_7,maj:Windows_7,leaf:Windows_7,leaf:Windows_7,leaf:Windows_7
9313,fam:Windows,fam:Windows,fam:Windows,maj:Windows_7,maj:Windows_7,maj:Windows_7,leaf:Windows_7,leaf:Windows_7,leaf:Windows_7
9314,fam:Windows,fam:Windows,fam:Windows,maj:Windows_7,maj:Windows_7,maj:Windows_7|maj:Windows_8,leaf:Windows_7,leaf:Windows_8_1.0,leaf:Windows_7|leaf:Windows_8_1.0
9317,fam:Windows,fam:Windows,fam:Windows,maj:Windows_7,maj:Windows_8,maj:Windows_7|maj:Windows_8,leaf:Windows_7,leaf:Windows_8_OTHER,leaf:Windows_8_1.0|leaf:Windows_8_OTHER
9323,fam:Windows,fam:Windows,fam:Windows,maj:Windows_7,maj:Windows_7,maj:Windows_7,leaf:Windows_7,leaf:Windows_7,leaf:Windows_7
9324,fam:Windows,fam:Windows,fam:Windows,maj:Windows_7,maj:Windows_7,maj:Windows_7,leaf:Windows_7,leaf:Windows_7,leaf:Windows_7
9327,fam:Windows,fam:Windows,fam:Windows,maj:Windows_7,maj:Windows_7,maj:Windows_7,leaf:Windows_7,leaf:Windows_7,leaf:Windows_10|leaf:Windows_7
9330,fam:Windows,fam:Android,,maj:Windows_7,maj:Windows_Vista,maj:Android_4|maj:Windows_Vista,leaf:Windows_7,leaf:Android_4_1.0,leaf:Android_4_1.0
9331,fam:Windows,fam:Windows,fam:Windows,maj:Windows_7,maj:Windows_7,maj:Windows_7,leaf:Windows_7,leaf:Windows_7,leaf:Windows_7
9336,fam:Windows,fam:Windows,fam:Windows,maj:Windows_7,maj:Windows_7,maj:Windows_7,leaf:Windows_7,leaf:Windows_7,leaf:Windows_7
9337,fam:Windows,fam:Windows,fam:Windows,maj:Windows_7,maj:Windows_7,maj:Windows_7,leaf:Windows_7,leaf:Windows_7,leaf:Windows_7
9340,fam:Windows,fam:Windows,fam:Windows,maj:Windows_7,maj:Windows_7,maj:Windows_7,leaf:Windows_7,leaf:Windows_7,leaf:Windows_7
9341,fam:Windows,fam:Windows,fam:Windows,maj:Windows_7,maj:Windows_7,maj:Windows_7,leaf:Windows_7,leaf:Windows_7,leaf:Windows_7
9343,fam:Windows,fam:Windows,fam:Windows,maj:Windows_7,maj:Windows_7,maj:Windows_7,leaf:Windows_7,leaf:Windows_7,leaf:Windows_7
9344,fam:Windows,fam:Windows,fam:Windows,maj:Windows_7,maj:Windows_7,maj:Android_6|maj:Windows_7,leaf:Windows_7,leaf:Android_4_4.0,leaf:Android_4_4.0
9347,fam:Windows,fam:Windows,fam:Windows,maj:Windows_7,maj:Windows_7,maj:Windows_7,leaf:Windows_7,leaf:Windows_7,leaf:Windows_7
9348,fam:Windows,fam:Windows,fam:Windows,maj:Windows_7,maj:Windows_7,maj:Windows_7,leaf:Windows_7,leaf:Windows_7,leaf:Windows_7
9349,fam:Windows,fam:Windows,fam:Windows,maj:Windows_7,maj:Windows_7,maj:Windows_7,leaf:Windows_7,leaf:Windows_7,leaf:Windows_7
9350,fam:Windows,fam:Windows,fam:Windows,maj:Windows_7,maj:Windows_8,maj:Windows_8,leaf:Windows_7,leaf:Windows_8_1.0,leaf:Windows_8_1.0
9351,fam:Windows,fam:Windows,fam:Windows,maj:Windows_7,maj:Windows_8,maj:Windows_8,leaf:Windows_7,leaf:Windows_8_1.0,leaf:Windows_7|leaf:Windows_8_1.0
9352,fam:Windows,fam:Windows,fam:Windows,maj:Windows_7,maj:Windows_7,maj:Windows_7,leaf:Windows_7,leaf:Windows_7,leaf:Windows_7
9354,fam:Windows,fam:Windows,fam:Windows,maj:Windows_7,maj:Windows_7,maj:Windows_7,leaf:Windows_7,leaf:Windows_7,leaf:Windows_7|leaf:Windows_8_1.0
9356,fam:Windows,fam:Windows,fam:Windows,maj:Windows_7,maj:Windows_7,maj:Windows_7,leaf:Windows_7,leaf:Windows_7,leaf:Windows_7|leaf:Windows_8_1.0|leaf:Windows_8_OTHER
9358,fam:Windows,fam:Windows,fam:Windows,maj:Windows_7,maj:Windows_7,maj:Windows_7,leaf:Windows_7,leaf:Windows_7,leaf:Windows_7
9359,fam:Windows,fam:Windows,fam:Windows,maj:Windows_7,maj:Windows_7,maj:Windows_7,leaf:Windows_7,leaf:Windows_7,leaf:Windows_7
9361,fam:Windows,fam:Windows,fam:Windows,maj:Windows_7,maj:Windows_7,maj:Windows_7,leaf:Windows_7,leaf:Windows_7,leaf:Windows_7
9362,fam:Windows,fam:Windows,fam:Windows,maj:Windows_7,maj:Windows_7,maj:Windows_7,leaf:Windows_7,leaf:Windows_7,leaf:Windows_7
9363,fam:Windows,fam:Windows,fam:Windows,maj:Windows_7,maj:Windows_7,maj:Windows_7,leaf:Windows_7,leaf:Windows_7,leaf:Windows_7
9364,fam:Windows,fam:Windows,fam:Windows,maj:Windows_7,maj:Windows_7,maj:Windows_7,leaf:Windows_7,leaf:Windows_7,leaf:Windows_7
9367,fam:Windows,fam:Windows,fam:Windows,maj:Windows_7,maj:Windows_7,maj:Windows_7,leaf:Windows_7,leaf:Windows_7,leaf:Windows_7
9368,fam:Windows,fam:Linux,,maj:Windows_7,maj:Linux_OTHER,maj:Linux_OTHER|maj:Windows_7|maj:Windows_XP,leaf:Windows_7,leaf:macOS_10_10.0,leaf:macOS_10_10.0
9369,fam:Windows,fam:Windows,fam:Windows,maj:Windows_7,maj:Windows_7,maj:Windows_7|maj:Windows_8,leaf:Windows_7,leaf:Windows_7,leaf:Windows_7|leaf:Windows_8_1.0
9371,fam:Windows,fam:Windows,fam:Windows,maj:Windows_7,maj:Windows_7,maj:Windows_7,leaf:Windows_7,leaf:Windows_7,leaf:Windows_7
9372,fam:Windows,fam:Windows,fam:Windows,maj:Windows_7,maj:Windows_7,maj:Windows_7,leaf:Windows_7,leaf:Windows_7,leaf:Windows_7
9374,fam:Windows,fam:Windows,fam:Windows,maj:Windows_7,maj:Windows_7,maj:Windows_7,leaf:Windows_7,leaf:Windows_7,leaf:Windows_7
9375,fam:Windows,fam:Windows,fam:Windows,maj:Windows_7,maj:Windows_7,maj:Windows_7,leaf:Windows_7,leaf:Windows_7,leaf:Windows_7
9379,fam:Windows,fam:Windows,fam:Windows,maj:Windows_7,maj:Windows_7,maj:Windows_7,leaf:Windows_7,leaf:Windows_7,leaf:Windows_7
9381,fam:Windows,fam:Windows,fam:Windows,maj:Windows_7,maj:Windows_7,maj:Windows_7,leaf:Windows_7,leaf:Windows_7,leaf:Windows_7
9382,fam:Windows,fam:Windows,fam:Windows,maj:Windows_7,maj:Windows_7,maj:Windows_7,leaf:Windows_7,leaf:Windows_7,leaf:Windows_7
9383,fam:Windows,fam:Windows,fam:Windows,maj:Windows_7,maj:Windows_7,maj:Windows_7,leaf:Windows_7,leaf:Windows_7,leaf:Windows_7
9385,fam:Windows,fam:Windows,fam:Windows,maj:Windows_7,maj:Windows_7,maj:Windows_7,leaf:Windows_7,leaf:Windows_7,leaf:Windows_7
9386,fam:Windows,fam:Windows,fam:Windows,maj:Windows_7,maj:Windows_7,maj:Windows_7,leaf:Windows_7,leaf:Windows_7,leaf:Windows_7
9387,fam:Windows,fam:Windows,fam:Windows,maj:Windows_7,maj:Windows_7,maj:Windows_7,leaf:Windows_7,leaf:Windows_7,leaf:Windows_7
9388,fam:Windows,fam:Windows,fam:Windows,maj:Windows_7,maj:Windows_7,maj:Windows_7,leaf:Windows_7,leaf:Windows_7,leaf:Windows_7
9391,fam:Windows,fam:Windows,fam:Windows,maj:Windows_7,maj:Windows_7,maj:Windows_7,leaf:Windows_7,leaf:Windows_7,leaf:Windows_7
9393,fam:Windows,fam:Windows,fam:Windows,maj:Windows_7,maj:Windows_7,maj:Windows_7,leaf:Windows_7,leaf:Windows_7,leaf:Windows_7
9394,fam:Windows,fam:Windows,fam:Windows,maj:Windows_7,maj:Windows_8,maj:Windows_7|maj:Windows_8,leaf:Windows_7,leaf:Windows_8_1.0,leaf:Windows_8_1.0|leaf:Windows_8_OTHER
9395,fam:Windows,fam:Windows,fam:Windows,maj:Windows_7,maj:Windows_7,maj:Windows_7,leaf:Windows_7,leaf:Windows_7,leaf:Windows_7
9396,fam:Windows,fam:Windows,fam:Windows,maj:Windows_7,maj:Windows_7,maj:Windows_7,leaf:Windows_7,leaf:Windows_7,leaf:Windows_7
9397,fam:Windows,fam:Windows,fam:Windows,maj:Windows_7,maj:Windows_7,maj:Windows_7,leaf:Windows_7,leaf:Windows_7,leaf:Windows_7
9398,fam:Windows,fam:Windows,fam:Windows,maj:Windows_7,maj:Windows_7,maj:Windows_7,leaf:Windows_7,leaf:Windows_7,leaf:Windows_7
9402,fam:Windows,fam:Windows,fam:Windows,maj:Windows_7,maj:Windows_8,maj:Windows_8,leaf:Windows_7,leaf:Windows_8_1.0,leaf:Windows_8_1.0|leaf:Windows_8_OTHER
9404,fam:Windows,fam:Windows,fam:Windows,maj:Windows_7,maj:Windows_8,maj:Windows_8,leaf:Windows_7,leaf:Windows_7,leaf:Windows_7|leaf:Windows_8_1.0
9405,fam:Windows,fam:Windows,fam:Windows,maj:Windows_7,maj:Windows_7,maj:Windows_7,leaf:Windows_7,leaf:Windows_7,leaf:Windows_7
9407,fam:Windows,fam:Windows,fam:Windows,maj:Windows_7,maj:Windows_7,maj:Windows_7,leaf:Windows_7,leaf:Windows_7,leaf:Windows_7
9409,fam:Windows,fam:Windows,,maj:Windows_7,maj:Windows_7,maj:Windows_7|maj:macOS_10,leaf:Windows_7,leaf:macOS_10_9.0,leaf:macOS_10_9.0
9410,fam:Windows,fam:Windows,fam:Windows,maj:Windows_7,maj:Windows_7,maj:Windows_7,leaf:Windows_7,leaf:Windows_7,leaf:Windows_7
9411,fam:Windows,fam:Windows,fam:Windows,maj:Windows_7,maj:Windows_7,maj:Windows_7,leaf:Windows_7,leaf:Windows_7,leaf:Windows_7
9412,fam:Windows,fam:Windows,fam:Windows,maj:Windows_7,maj:Windows_7,maj:Windows_7,leaf:Windows_7,leaf:Windows_7,leaf:Windows_7
9414,fam:Windows,fam:Windows,fam:Windows,maj:Windows_7,maj:Windows_7,maj:Windows_7,leaf:Windows_7,leaf:Windows_7,leaf:Windows_7
9416,fam:Windows,fam:Windows,fam:Windows,maj:Windows_7,maj:Windows_7,maj:Windows_7,leaf:Windows_7,leaf:Windows_7,leaf:Windows_7
9417,fam:Windows,fam:Windows,fam:Windows,maj:Windows_7,maj:Windows_8,maj:Windows_7|maj:Windows_8,leaf:Windows_7,leaf:Windows_8_1.0,leaf:Windows_8_1.0
9418,fam:Windows,fam:Windows,fam:Windows,maj:Windows_7,maj:Windows_7,maj:Windows_7,leaf:Windows_7,leaf:Windows_7,leaf:Windows_7|leaf:Windows_8_1.0
9419,fam:Windows,fam:Windows,fam:Windows,maj:Windows_7,maj:Windows_7,maj:Windows_7,leaf:Windows_7,leaf:Windows_7,leaf:Windows_7
9421,fam:Windows,fam:Windows,fam:Windows,maj:Windows_7,maj:Windows_7,maj:Windows_7,leaf:Windows_7,leaf:Windows_7,leaf:Windows_7
9423,fam:Windows,fam:Windows,fam:Windows,maj:Windows_7,maj:Windows_7,maj:Windows_7,leaf:Windows_7,leaf:Windows_7,leaf:Windows_7
9424,fam:Windows,fam:Windows,fam:Windows,maj:Windows_7,maj:Windows_7,maj:Windows_7,leaf:Windows_7,leaf:Windows_7,leaf:Windows_7
9427,fam:Windows,fam:Windows,fam:Windows,maj:Windows_7,maj:Windows_7,maj:Windows_7,leaf:Windows_7,leaf:Windows_7,leaf:Windows_7
9429,fam:Windows,fam:Windows,fam:Windows,maj:Windows_7,maj:Windows_7,maj:Windows_7,leaf:Windows_7,leaf:Windows_7,leaf:Windows_7
9430,fam:Windows,fam:Windows,fam:Windows,maj:Windows_7,maj:Windows_8,maj:Windows_8,leaf:Windows_7,leaf:Windows_8_1.0,leaf:Windows_7|leaf:Windows_8_1.0
9431,fam:Windows,fam:Windows,fam:Windows,maj:Windows_7,maj:Windows_8,maj:Windows_8,leaf:Windows_7,leaf:Windows_8_OTHER,leaf:Windows_8_OTHER
9433,fam:Windows,fam:Windows,fam:Windows,maj:Windows_7,maj:Windows_7,maj:Windows_7,leaf:Windows_7,leaf:Windows_7,leaf:Windows_7
9438,fam:Windows,fam:Windows,fam:Windows,maj:Windows_7,maj:Windows_7,maj:Windows_7,leaf:Windows_7,leaf:Windows_7,leaf:Windows_7
9439,fam:Windows,fam:Windows,fam:Windows,maj:Windows_7,maj:Windows_8,maj:Windows_8,leaf:Windows_7,leaf:Windows_8_1.0,leaf:Windows_8_1.0
9441,fam:Windows,fam:Windows,fam:Windows,maj:Windows_7,maj:Windows_7,maj:Windows_7,leaf:Windows_7,leaf:Windows_7,leaf:Windows_7
9442,fam:Windows,fam:Windows,fam:Windows,maj:Windows_7,maj:Windows_7,maj:Windows_7,leaf:Windows_7,leaf:Windows_7,leaf:Windows_7
9444,fam:Windows,fam:Windows,fam:Windows,maj:Windows_7,maj:Windows_7,maj:Windows_7,leaf:Windows_7,leaf:Windows_7,leaf:Windows_7
9445,fam:Windows,fam:Windows,fam:Windows,maj:Windows_7,maj:Windows_8,maj:Windows_7|maj:Windows_8,leaf:Windows_7,leaf:Windows_8_1.0,leaf:Windows_7|leaf:Windows_8_1.0|leaf:Windows_8_OTHER
9446,fam:Windows,fam:Windows,fam:Windows,maj:Windows_7,maj:Windows_7,maj:Windows_7,leaf:Windows_7,leaf:Windows_7,leaf:Windows_7
9447,fam:Windows,fam:Windows,fam:Windows,maj:Windows_7,maj:Windows_7,maj:Windows_7,leaf:Windows_7,leaf:Windows_7,leaf:Windows_7
9448,fam:Windows,fam:Windows,fam:Windows,maj:Windows_7,maj:Windows_7,maj:Windows_7,leaf:Windows_7,leaf:Windows_7,leaf:Windows_7
9451,fam:Windows,fam:Windows,fam:Windows,maj:Windows_7,maj:Windows_7,maj:Windows_7,leaf:Windows_7,leaf:Windows_7,leaf:Windows_7
9453,fam:Windows,fam:Windows,fam:Windows,maj:Windows_7,maj:Windows_7,maj:Windows_7,leaf:Windows_7,leaf:Windows_7,leaf:Windows_7
9454,fam:Windows,fam:Windows,fam:Windows,maj:Windows_7,maj:Windows_7,maj:Windows_7,leaf:Windows_7,leaf:Windows_7,leaf:Windows_7
9455,fam:Windows,fam:Windows,fam:Windows,maj:Windows_7,maj:Windows_7,maj:Windows_7,leaf:Windows_7,leaf:Windows_7,leaf:Windows_7
9457,fam:Windows,fam:Windows,fam:Windows,maj:Windows_7,maj:Windows_7,maj:Windows_7,leaf:Windows_7,leaf:Windows_7,leaf:Windows_7
9460,fam:Windows,fam:Windows,fam:Windows,maj:Windows_7,maj:Windows_8,maj:Windows_7|maj:Windows_8,leaf:Windows_7,leaf:Windows_7,leaf:Windows_7|leaf:Windows_8_1.0|leaf:Windows_8_OTHER
9461,fam:Windows,fam:Windows,fam:Windows,maj:Windows_7,maj:Windows_7,maj:Windows_7,leaf:Windows_7,leaf:Windows_7,leaf:Windows_7
9462,fam:Windows,fam:Windows,fam:Windows,maj:Windows_7,maj:Windows_7,maj:Windows_7,leaf:Windows_7,leaf:Windows_7,leaf:Windows_7
9463,fam:Windows,fam:Windows,fam:Windows,maj:Windows_7,maj:Windows_7,maj:Windows_7,leaf:Windows_7,leaf:Windows_7,leaf:Windows_7
9464,fam:Windows,fam:Windows,fam:Windows,maj:Windows_7,maj:Windows_7,maj:Windows_7,leaf:Windows_7,leaf:Windows_7,leaf:Windows_7
9465,fam:Windows,fam:Windows,fam:Windows,maj:Windows_7,maj:Windows_8,maj:Windows_7|maj:Windows_8,leaf:Windows_7,leaf:Windows_7,leaf:Windows_7|leaf:Windows_8_1.0
9466,fam:Windows,fam:Windows,,maj:Windows_7,maj:macOS_10,maj:Linux_OTHER|maj:Windows_10|maj:macOS_10,leaf:Windows_7,leaf:macOS_10_14.0,leaf:Linux_OTHER|leaf:Windows_10|leaf:macOS_10_14.0
9467,fam:Windows,fam:Windows,fam:Windows,maj:Windows_7,maj:Windows_7,maj:Windows_7,leaf:Windows_7,leaf:Windows_7,leaf:Windows_7
9469,fam:Windows,fam:Windows,fam:Windows,maj:Windows_8,maj:Windows_8,maj:Windows_7|maj:Windows_8,leaf:Windows_8_1.0,leaf:Windows_8_1.0,leaf:Windows_7|leaf:Windows_8_1.0
9470,fam:Windows,fam:Windows,fam:Windows,maj:Windows_8,maj:Windows_8,maj:Windows_8,leaf:Windows_8_1.0,leaf:Windows_8_1.0,leaf:Windows_8_1.0
9472,fam:Windows,fam:Windows,fam:Windows,maj:Windows_8,maj:Windows_8,maj:Windows_7|maj:Windows_8,leaf:Windows_8_1.0,leaf:Windows_7,leaf:Windows_7|leaf:Windows_8_1.0
9473,fam:Windows,fam:Windows,fam:Windows,maj:Windows_8,maj:Windows_8,maj:Windows_8,leaf:Windows_8_1.0,leaf:Windows_8_1.0,leaf:Windows_7|leaf:Windows_8_1.0
9474,fam:Windows,fam:Windows,fam:Windows,maj:Windows_8,maj:Windows_8,maj:Windows_8,leaf:Windows_8_1.0,leaf:Windows_8_1.0,leaf:Windows_7|leaf:Windows_8_1.0|leaf:Windows_8_OTHER
9475,fam:Windows,fam:Windows,fam:Windows,maj:Windows_8,maj:Windows_8,maj:Windows_7|maj:Windows_8,leaf:Windows_8_1.0,leaf:Windows_8_1.0,leaf:Windows_8_1.0
9476,fam:Windows,fam:macOS,,maj:Windows_8,maj:Windows_8,maj:Windows_8|maj:macOS_10,leaf:Windows_8_1.0,leaf:macOS_10_13.0,leaf:macOS_10_13.0|leaf:macOS_10_8.0
9477,fam:Windows,fam:Windows,fam:Windows,maj:Windows_8,maj:Windows_8,maj:Windows_7|maj:Windows_8,leaf:Windows_8_1.0,leaf:Windows_8_1.0,leaf:Windows_8_1.0
9481,fam:Windows,fam:Windows,fam:Windows,maj:Windows_8,maj:Windows_8,maj:Windows_8,leaf:Windows_8_1.0,leaf:Windows_8_1.0,leaf:Windows_7|leaf:Windows_8_1.0
9482,fam:Windows,fam:Windows,fam:Windows,maj:Windows_8,maj:Windows_8,maj:Windows_8,leaf:Windows_8_1.0,leaf:Windows_8_1.0,leaf:Windows_8_1.0|leaf:Windows_8_OTHER
9485,fam:Windows,fam:macOS,,maj:Windows_8,maj:Windows_8,maj:Windows_8,leaf:Windows_8_1.0,leaf:macOS_10_10.0,leaf:macOS_10_10.0
9487,fam:Windows,fam:Windows,fam:Windows,maj:Windows_8,maj:Windows_8,maj:Windows_8,leaf:Windows_8_1.0,leaf:Windows_8_1.0,leaf:Windows_8_1.0
9489,fam:Windows,fam:Windows,fam:Windows,maj:Windows_8,maj:Windows_8,maj:Windows_7|maj:Windows_8,leaf:Windows_8_1.0,leaf:Windows_8_1.0,leaf:Windows_8_1.0|leaf:Windows_8_OTHER
9491,fam:Windows,fam:Windows,fam:Windows,maj:Windows_8,maj:Windows_7,maj:Windows_7,leaf:Windows_8_1.0,leaf:Windows_7,leaf:Windows_7|leaf:Windows_8_1.0
9495,fam:Windows,fam:Windows,fam:Windows,maj:Windows_8,maj:Windows_8,maj:Windows_8,leaf:Windows_8_1.0,leaf:Windows_8_1.0,leaf:Windows_8_1.0|leaf:Windows_8_OTHER
9496,fam:Windows,fam:Windows,fam:Windows,maj:Windows_8,maj:Windows_8,maj:Windows_8,leaf:Windows_8_1.0,leaf:Windows_8_1.0,leaf:Windows_7|leaf:Windows_8_1.0
9497,fam:Windows,fam:Windows,fam:Windows,maj:Windows_8,maj:Windows_7,maj:Windows_7,leaf:Windows_8_1.0,leaf:Windows_7,leaf:Windows_7|leaf:Windows_8_1.0
9499,fam:Windows,fam:Windows,fam:Windows,maj:Windows_8,maj:Windows_8,maj:Windows_8,leaf:Windows_8_1.0,leaf:Windows_8_1.0,leaf:Windows_8_1.0
9500,fam:Windows,fam:Windows,fam:Windows,maj:Windows_8,maj:Windows_7,maj:Windows_7|maj:Windows_8,leaf:Windows_8_1.0,leaf:Windows_8_1.0,leaf:Windows_7|leaf:Windows_8_1.0|leaf:Windows_8_OTHER
9503,fam:Windows,fam:Windows,fam:Windows,maj:Windows_8,maj:Windows_8,maj:Windows_8,leaf:Windows_8_1.0,leaf:Windows_8_1.0,leaf:Windows_7|leaf:Windows_8_1.0
9506,fam:Windows,fam:Windows,fam:Windows,maj:Windows_8,maj:Windows_8,maj:Windows_8,leaf:Windows_8_1.0,leaf:Windows_7,leaf:Windows_10|leaf:Windows_7|leaf:Windows_8_1.0
9509,fam:Windows,fam:Windows,fam:Windows,maj:Windows_8,maj:Windows_8,maj:Windows_8,leaf:Windows_8_1.0,leaf:Windows_8_1.0,leaf:Windows_8_1.0
9515,fam:Windows,fam:Windows,fam:Windows,maj:Windows_8,maj:Windows_8,maj:Windows_8,leaf:Windows_8_1.0,leaf:Windows_8_1.0,leaf:Windows_8_1.0
9521,fam:Windows,fam:Windows,fam:Windows,maj:Windows_8,maj:Windows_8,maj:Windows_7|maj:Windows_8,leaf:Windows_8_1.0,leaf:Windows_8_1.0,leaf:Windows_8_1.0|leaf:Windows_8_OTHER
9524,fam:Windows,fam:Windows,fam:Windows,maj:Windows_8,maj:Windows_7,maj:Windows_7|maj:Windows_8,leaf:Windows_8_1.0,leaf:Windows_8_1.0,leaf:Windows_8_1.0
9525,fam:Windows,fam:Windows,fam:Windows,maj:Windows_8,maj:Windows_8,maj:Windows_8,leaf:Windows_8_1.0,leaf:Windows_8_1.0,leaf:Windows_8_1.0
9527,fam:Windows,fam:Windows,fam:Windows,maj:Windows_8,maj:Windows_8,maj:Windows_8,leaf:Windows_8_1.0,leaf:Windows_8_1.0,leaf:Windows_8_1.0
9531,fam:Windows,fam:macOS,,maj:Windows_8,maj:Windows_8,maj:Windows_8,leaf:Windows_8_1.0,leaf:macOS_10_13.0,leaf:macOS_10_13.0|leaf:macOS_10_8.0
9534,fam:Windows,fam:Windows,fam:Windows,maj:Windows_8,maj:Windows_8,maj:Windows_8,leaf:Windows_8_1.0,leaf:Windows_8_1.0,leaf:Windows_8_1.0
9535,fam:Windows,fam:Windows,fam:Windows,maj:Windows_8,maj:Windows_8,maj:Windows_7|maj:Windows_8,leaf:Windows_8_1.0,leaf:Windows_8_1.0,leaf:Windows_7|leaf:Windows_8_1.0
9538,fam:Windows,fam:Windows,fam:Windows,maj:Windows_8,maj:Windows_8,maj:Windows_8,leaf:Windows_8_1.0,leaf:Windows_8_1.0,leaf:Windows_7|leaf:Windows_8_1.0
9541,fam:Windows,fam:Windows,fam:Windows,maj:Windows_8,maj:Windows_8,maj:Windows_8,leaf:Windows_8_1.0,leaf:Windows_8_1.0,leaf:Windows_8_1.0
9542,fam:Windows,fam:Windows,fam:Windows,maj:Windows_8,maj:Windows_8,maj:Windows_7|maj:Windows_8,leaf:Windows_8_1.0,leaf:Windows_8_1.0,leaf:Windows_8_1.0
9545,fam:Windows,fam:Windows,fam:Windows,maj:Windows_8,maj:Windows_8,maj:Windows_8,leaf:Windows_8_1.0,leaf:Windows_8_1.0,leaf:Windows_7|leaf:Windows_8_1.0
9546,fam:Windows,fam:Windows,fam:Windows,maj:Windows_8,maj:Windows_8,maj:Windows_8,leaf:Windows_8_1.0,leaf:Windows_8_1.0,leaf:Windows_8_1.0
9553,fam:Windows,fam:Windows,fam:Windows,maj:Windows_8,maj:Windows_8,maj:Windows_8,leaf:Windows_8_1.0,leaf:Windows_8_1.0,leaf:Windows_7|leaf:Windows_8_1.0
9554,fam:Windows,fam:Windows,fam:Windows,maj:Windows_8,maj:Windows_8,maj:Windows_8,leaf:Windows_8_1.0,leaf:Windows_7,leaf:Windows_7|leaf:Windows_8_1.0
9557,fam:Windows,fam:Windows,fam:Windows,maj:Windows_8,maj:Windows_8,maj:Windows_8,leaf:Windows_8_1.0,leaf:Windows_7,leaf:Windows_7|leaf:Windows_8_1.0
9559,fam:Windows,fam:Windows,fam:Windows,maj:Windows_8,maj:Windows_8,maj:Windows_8,leaf:Windows_8_1.0,leaf:Windows_8_1.0,leaf:Windows_7|leaf:Windows_8_1.0
9560,fam:Windows,fam:Windows,fam:Windows,maj:Windows_8,maj:Windows_7,maj:Windows_7|maj:Windows_8,leaf:Windows_8_1.0,leaf:Windows_8_OTHER,leaf:Windows_7|leaf:Windows_8_1.0|leaf:Windows_8_OTHER
9561,fam:Windows,fam:macOS,,maj:Windows_8,maj:Windows_8,maj:Windows_8,leaf:Windows_8_1.0,leaf:macOS_10_13.0,leaf:macOS_10_13.0|leaf:macOS_10_8.0
9564,fam:Windows,fam:Windows,fam:Windows,maj:Windows_8,maj:Windows_8,maj:Windows_8,leaf:Windows_8_1.0,leaf:Windows_8_1.0,leaf:Windows_8_1.0
9565,fam:Windows,fam:Windows,fam:Windows,maj:Windows_8,maj:Windows_8,maj:Windows_8,leaf:Windows_8_1.0,leaf:Windows_8_1.0,leaf:Windows_8_1.0
9566,fam:Windows,fam:Windows,fam:Windows,maj:Windows_8,maj:Windows_8,maj:Windows_8,leaf:Windows_8_1.0,leaf:Windows_8_1.0,leaf:Windows_8_1.0
9567,fam:Windows,fam:Windows,fam:Windows,maj:Windows_8,maj:Windows_8,maj:Windows_7|maj:Windows_8,leaf:Windows_8_1.0,leaf:Windows_8_1.0,leaf:Windows_8_1.0
9569,fam:Windows,fam:Windows,fam:Windows,maj:Windows_8,maj:Windows_8,maj:Windows_8,leaf:Windows_8_1.0,leaf:Windows_8_1.0,leaf:Windows_7|leaf:Windows_8_1.0|leaf:Windows_8_OTHER
9571,fam:Windows,fam:Windows,fam:Windows,maj:Windows_8,maj:Windows_8,maj:Windows_8,leaf:Windows_8_1.0,leaf:Windows_8_1.0,leaf:Windows_8_1.0
9574,fam:Windows,fam:Windows,fam:Windows,maj:Windows_8,maj:Windows_8,maj:Windows_8,leaf:Windows_8_1.0,leaf:Windows_10,leaf:Windows_10|leaf:Windows_7|leaf:Windows_8_1.0
9575,fam:Windows,fam:Windows,fam:Windows,maj:Windows_8,maj:Windows_8,maj:Windows_7|maj:Windows_8,leaf:Windows_8_1.0,leaf:Windows_8_1.0,leaf:Windows_7|leaf:Windows_8_1.0|leaf:Windows_8_OTHER
9579,fam:Windows,fam:Windows,fam:Windows,maj:Windows_8,maj:Windows_8,maj:Windows_7|maj:Windows_8,leaf:Windows_8_1.0,leaf:Windows_8_1.0,leaf:Windows_7|leaf:Windows_8_1.0
9580,fam:Windows,fam:Windows,fam:Windows,maj:Windows_8,maj:Windows_8,maj:Windows_8,leaf:Windows_8_1.0,leaf:Windows_8_1.0,leaf:Windows_7|leaf:Windows_8_1.0
9581,fam:Windows,fam:Windows,fam:Windows,maj:Windows_8,maj:Windows_8,maj:Windows_8,leaf:Windows_8_1.0,leaf:Windows_8_1.0,leaf:Windows_8_1.0
9582,fam:Windows,fam:Windows,fam:Windows,maj:Windows_8,maj:Windows_8,maj:Windows_8,leaf:Windows_8_1.0,leaf:Windows_8_1.0,leaf:Windows_7|leaf:Windows_8_1.0
9584,fam:Windows,fam:Windows,fam:Windows,maj:Windows_8,maj:Windows_8,maj:Windows_8,leaf:Windows_8_1.0,leaf:Windows_8_1.0,leaf:Windows_7|leaf:Windows_8_1.0
9585,fam:Windows,fam:Windows,fam:Windows,maj:Windows_8,maj:Windows_8,maj:Windows_7|maj:Windows_8,leaf:Windows_8_1.0,leaf:Windows_8_1.0,leaf:Windows_7|leaf:Windows_8_1.0
9586,fam:Windows,fam:Windows,fam:Windows,maj:Windows_8,maj:Windows_7,maj:Windows_7|maj:Windows_8,leaf:Windows_8_1.0,leaf:Windows_8_1.0,leaf:Windows_7|leaf:Windows_8_1.0
9587,fam:Windows,fam:Windows,fam:Windows,maj:Windows_8,maj:Windows_8,maj:Windows_8,leaf:Windows_8_1.0,leaf:Windows_8_1.0,leaf:Windows_8_1.0
9588,fam:Windows,fam:Windows,fam:Windows,maj:Windows_8,maj:Windows_8,maj:Windows_8,leaf:Windows_8_1.0,leaf:Windows_8_1.0,leaf:Windows_7|leaf:Windows_8_1.0
9589,fam:Windows,fam:Windows,fam:Windows,maj:Windows_8,maj:Windows_8,maj:Windows_8,leaf:Windows_8_1.0,leaf:Windows_8_1.0,leaf:Windows_8_1.0
9590,fam:Windows,fam:Windows,fam:Windows,maj:Windows_8,maj:Windows_8,maj:Windows_8,leaf:Windows_8_1.0,leaf:Windows_8_1.0,leaf:Windows_8_1.0
9591,fam:Windows,fam:Windows,fam:Windows,maj:Windows_8,maj:Windows_8,maj:Windows_8,leaf:Windows_8_1.0,leaf:Windows_8_1.0,leaf:Windows_7|leaf:Windows_8_1.0
9594,fam:Windows,fam:Windows,fam:Windows,maj:Windows_8,maj:Windows_8,maj:Windows_8,leaf:Windows_8_1.0,leaf:Windows_8_1.0,leaf:Windows_8_1.0
9597,fam:Windows,fam:Windows,fam:Windows,maj:Windows_8,maj:Windows_8,maj:Windows_8,leaf:Windows_8_1.0,leaf:Windows_8_1.0,leaf:Windows_7|leaf:Windows_8_1.0
9598,fam:Windows,fam:Windows,fam:Windows,maj:Windows_8,maj:Windows_8,maj:Windows_8,leaf:Windows_8_1.0,leaf:Windows_8_1.0,leaf:Windows_8_1.0
9599,fam:Windows,fam:Windows,fam:Windows,maj:Windows_8,maj:Windows_8,maj:Windows_8,leaf:Windows_8_1.0,leaf:Windows_8_1.0,leaf:Windows_7|leaf:Windows_8_1.0
9600,fam:Windows,fam:Windows,fam:Windows,maj:Windows_8,maj:Windows_8,maj:Windows_8,leaf:Windows_8_1.0,leaf:Windows_8_1.0,leaf:Windows_8_1.0
9602,fam:Windows,fam:Windows,fam:Windows,maj:Windows_8,maj:Windows_8,maj:Windows_8,leaf:Windows_8_1.0,leaf:Windows_8_1.0,leaf:Windows_8_1.0|leaf:Windows_8_OTHER
9603,fam:Windows,fam:Windows,fam:Windows,maj:Windows_8,maj:Windows_8,maj:Windows_8,leaf:Windows_8_1.0,leaf:Windows_8_1.0,leaf:Windows_8_1.0
9606,fam:Windows,fam:Windows,fam:Windows,maj:Windows_8,maj:Windows_8,maj:Windows_10|maj:Windows_8,leaf:Windows_8_1.0,leaf:Windows_8_1.0,leaf:Windows_7|leaf:Windows_8_1.0
9607,fam:Windows,fam:Windows,fam:Windows,maj:Windows_8,maj:Windows_8,maj:Windows_8,leaf:Windows_8_1.0,leaf:Windows_8_1.0,leaf:Windows_8_1.0
9609,fam:Windows,fam:Windows,fam:Windows,maj:Windows_8,maj:Windows_8,maj:Windows_8,leaf:Windows_8_1.0,leaf:Windows_8_1.0,leaf:Windows_8_1.0
9610,fam:Windows,fam:Windows,fam:Windows,maj:Windows_8,maj:Windows_8,maj:Windows_8,leaf:Windows_8_1.0,leaf:Windows_8_1.0,leaf:Windows_7|leaf:Windows_8_1.0
9611,fam:Windows,fam:Windows,fam:Windows,maj:Windows_8,maj:Windows_8,maj:Windows_8,leaf:Windows_8_1.0,leaf:Windows_8_1.0,leaf:Windows_8_1.0|leaf:Windows_8_OTHER
9614,fam:Windows,fam:Windows,fam:Windows,maj:Windows_8,maj:Windows_8,maj:Windows_8,leaf:Windows_8_1.0,leaf:Windows_8_1.0,leaf:Windows_7|leaf:Windows_8_1.0
9616,fam:Windows,fam:Windows,fam:Windows,maj:Windows_8,maj:Windows_8,maj:Windows_8,leaf:Windows_8_1.0,leaf:Windows_8_1.0,leaf:Windows_8_1.0
9617,fam:Windows,fam:Windows,fam:Windows,maj:Windows_8,maj:Windows_8,maj:Windows_8,leaf:Windows_8_1.0,leaf:Windows_8_1.0,leaf:Windows_10|leaf:Windows_7|leaf:Windows_8_1.0
9618,fam:Windows,fam:Windows,fam:Windows,maj:Windows_8,maj:Windows_8,maj:Windows_8,leaf:Windows_8_1.0,leaf:Windows_8_1.0,leaf:Windows_7|leaf:Windows_8_1.0
9619,fam:Windows,fam:macOS,,maj:Windows_8,maj:Windows_8,maj:Windows_8,leaf:Windows_8_1.0,leaf:macOS_10_13.0,leaf:macOS_10_13.0|leaf:macOS_10_8.0
9620,fam:Windows,fam:Windows,fam:Windows,maj:Windows_8,maj:Windows_8,maj:Windows_8,leaf:Windows_8_1.0,leaf:Windows_8_1.0,leaf:Windows_8_1.0
9623,fam:Windows,fam:macOS,,maj:Windows_8,maj:Windows_7,maj:Windows_7|maj:macOS_10,leaf:Windows_8_1.0,leaf:macOS_10_10.0,leaf:macOS_10_10.0
9625,fam:Windows,fam:Windows,fam:Windows,maj:Windows_8,maj:Windows_8,maj:Windows_8,leaf:Windows_8_1.0,leaf:Windows_8_1.0,leaf:Windows_10|leaf:Windows_8_1.0
9630,fam:Windows,fam:Windows,fam:Windows,maj:Windows_8,maj:Windows_8,maj:Windows_8,leaf:Windows_8_1.0,leaf:Windows_8_1.0,leaf:Windows_8_1.0|leaf:Windows_8_OTHER
9634,fam:Windows,fam:Windows,fam:Windows,maj:Windows_8,maj:Windows_8,maj:Windows_7|maj:Windows_8,leaf:Windows_8_1.0,leaf:Windows_8_1.0,leaf:Windows_7|leaf:Windows_8_1.0
9637,fam:Windows,fam:Windows,fam:Windows,maj:Windows_8,maj:Windows_8,maj:Windows_8,leaf:Windows_8_1.0,leaf:Windows_8_1.0,leaf:Windows_7|leaf:Windows_8_1.0
9639,fam:Windows,fam:Windows,fam:Windows,maj:Windows_8,maj:Windows_7,maj:Windows_7|maj:Windows_8,leaf:Windows_8_1.0,leaf:Windows_8_1.0,leaf:Windows_8_1.0
9640,fam:Windows,fam:Windows,fam:Windows,maj:Windows_8,maj:Windows_8,maj:Windows_8,leaf:Windows_8_1.0,leaf:Windows_10,leaf:Windows_10|leaf:Windows_7
9642,fam:Windows,fam:Windows,fam:Windows,maj:Windows_8,maj:Windows_8,maj:Windows_8,leaf:Windows_8_1.0,leaf:Windows_8_1.0,leaf:Windows_7|leaf:Windows_8_1.0
9643,fam:Windows,fam:Windows,fam:Windows,maj:Windows_8,maj:Windows_8,maj:Windows_8,leaf:Windows_8_1.0,leaf:Windows_8_1.0,leaf:Windows_10|leaf:Windows_8_1.0
9647,fam:Windows,fam:Windows,fam:Windows,maj:Windows_8,maj:Windows_8,maj:Windows_7|maj:Windows_8,leaf:Windows_8_1.0,leaf:Windows_8_1.0,leaf:Windows_7|leaf:Windows_8_1.0|leaf:Windows_8_OTHER
9648,fam:Windows,fam:Windows,fam:Windows,maj:Windows_8,maj:Windows_8,maj:Windows_8,leaf:Windows_8_1.0,leaf:Windows_8_1.0,leaf:Windows_8_1.0
9650,fam:Windows,fam:Windows,fam:Windows,maj:Windows_8,maj:Windows_8,maj:Windows_8,leaf:Windows_8_1.0,leaf:Windows_8_1.0,leaf:Windows_7|leaf:Windows_8_1.0|leaf:Windows_8_OTHER
9652,fam:Windows,fam:Windows,fam:Windows,maj:Windows_8,maj:Windows_8,maj:Windows_8,leaf:Windows_8_1.0,leaf:Windows_8_1.0,leaf:Windows_8_1.0
9653,fam:Windows,fam:Windows,fam:Windows,maj:Windows_8,maj:Windows_8,maj:Windows_8,leaf:Windows_8_1.0,leaf:Windows_8_1.0,leaf:Windows_8_1.0|leaf:Windows_8_OTHER
9655,fam:Windows,fam:Windows,fam:Windows,maj:Windows_8,maj:Windows_8,maj:Windows_7|maj:Windows_8,leaf:Windows_8_1.0,leaf:Windows_8_1.0,leaf:Windows_7|leaf:Windows_8_1.0
9658,fam:Windows,fam:Windows,fam:Windows,maj:Windows_8,maj:Windows_8,maj:Windows_8,leaf:Windows_8_1.0,leaf:Windows_8_1.0,leaf:Windows_8_1.0
9662,fam:Windows,fam:Windows,fam:Windows,maj:Windows_8,maj:Windows_7,maj:Windows_7,leaf:Windows_8_1.0,leaf:Windows_7,leaf:Windows_7|leaf:Windows_8_1.0
9663,fam:Windows,fam:Windows,fam:Windows,maj:Windows_8,maj:Windows_8,maj:Windows_8,leaf:Windows_8_1.0,leaf:Windows_8_1.0,leaf:Windows_8_1.0
9665,fam:Windows,fam:Windows,fam:Windows,maj:Windows_8,maj:Windows_8,maj:Windows_8,leaf:Windows_8_1.0,leaf:Windows_8_1.0,leaf:Windows_7|leaf:Windows_8_1.0
9666,fam:Windows,fam:Windows,fam:Windows,maj:Windows_8,maj:Windows_8,maj:Windows_8,leaf:Windows_8_1.0,leaf:Windows_8_1.0,leaf:Windows_8_1.0|leaf:Windows_8_OTHER
9668,fam:Windows,fam:Windows,fam:Windows,maj:Windows_8,maj:Windows_8,maj:Windows_8,leaf:Windows_8_1.0,leaf:Windows_8_1.0,leaf:Windows_8_1.0
9670,fam:Windows,fam:Windows,fam:Windows,maj:Windows_8,maj:Windows_8,maj:Windows_8,leaf:Windows_8_1.0,leaf:Windows_8_1.0,leaf:Windows_8_1.0|leaf:Windows_8_OTHER
9674,fam:Windows,fam:Windows,fam:Windows,maj:Windows_8,maj:Windows_8,maj:Windows_8,leaf:Windows_8_1.0,leaf:Windows_8_1.0,leaf:Windows_8_1.0
9675,fam:Windows,fam:Windows,fam:Windows,maj:Windows_8,maj:Windows_8,maj:Windows_7|maj:Windows_8,leaf:Windows_8_1.0,leaf:Windows_8_1.0,leaf:Windows_7|leaf:Windows_8_1.0
9676,fam:Windows,fam:Windows,fam:Windows,maj:Windows_8,maj:Windows_8,maj:Windows_10|maj:Windows_8,leaf:Windows_8_1.0,leaf:Windows_8_1.0,leaf:Windows_10|leaf:Windows_8_1.0
9677,fam:Windows,fam:Windows,fam:Windows,maj:Windows_8,maj:Windows_8,maj:Windows_8,leaf:Windows_8_1.0,leaf:Windows_8_1.0,leaf:Windows_7|leaf:Windows_8_1.0
9683,fam:Windows,fam:Windows,fam:Windows,maj:Windows_8,maj:Windows_8,maj:Windows_8,leaf:Windows_8_1.0,leaf:Windows_8_1.0,leaf:Windows_7|leaf:Windows_8_1.0
9684,fam:Windows,fam:Windows,fam:Windows,maj:Windows_8,maj:Windows_8,maj:Windows_8,leaf:Windows_8_1.0,leaf:Windows_8_1.0,leaf:Windows_7|leaf:Windows_8_1.0
9685,fam:Windows,fam:Windows,fam:Windows,maj:Windows_8,maj:Windows_8,maj:Windows_8,leaf:Windows_8_1.0,leaf:Windows_8_1.0,leaf:Windows_8_1.0
9686,fam:Windows,fam:Windows,fam:Windows,maj:Windows_8,maj:Windows_8,maj:Windows_8,leaf:Windows_8_1.0,leaf:Windows_8_1.0,leaf:Windows_7|leaf:Windows_8_1.0
9688,fam:Windows,fam:Windows,fam:Windows,maj:Windows_8,maj:Windows_8,maj:Windows_8,leaf:Windows_8_1.0,leaf:Windows_8_1.0,leaf:Windows_8_1.0
9690,fam:Windows,fam:Windows,fam:Windows,maj:Windows_8,maj:Windows_8,maj:Windows_8,leaf:Windows_8_1.0,leaf:Windows_8_1.0,leaf:Windows_7|leaf:Windows_8_1.0
9691,fam:Windows,fam:Windows,fam:Windows,maj:Windows_8,maj:Windows_7,maj:Windows_7|maj:Windows_8,leaf:Windows_8_1.0,leaf:Windows_7,leaf:Windows_7|leaf:Windows_8_1.0
9692,fam:Windows,fam:Windows,fam:Windows,maj:Windows_8,maj:Windows_8,maj:Windows_8,leaf:Windows_8_1.0,leaf:Windows_8_1.0,leaf:Windows_8_1.0
9693,fam:Windows,fam:Windows,fam:Windows,maj:Windows_8,maj:Windows_8,maj:Windows_8,leaf:Windows_8_1.0,leaf:Windows_8_1.0,leaf:Windows_8_1.0
9694,fam:Windows,fam:Windows,fam:Windows,maj:Windows_8,maj:Windows_8,maj:Windows_8,leaf:Windows_8_1.0,leaf:Windows_8_1.0,leaf:Windows_8_1.0
9698,fam:Windows,fam:Windows,fam:Windows,maj:Windows_8,maj:Windows_8,maj:Windows_8,leaf:Windows_8_1.0,leaf:Windows_8_1.0,leaf:Windows_8_1.0
9699,fam:Windows,fam:Windows,fam:Windows,maj:Windows_8,maj:Windows_8,maj:Windows_8,leaf:Windows_8_1.0,leaf:Windows_8_1.0,leaf:Windows_7|leaf:Windows_8_1.0
9700,fam:Windows,fam:Windows,fam:Windows,maj:Windows_8,maj:Windows_8,maj:Windows_8,leaf:Windows_8_1.0,leaf:Windows_8_1.0,leaf:Windows_10|leaf:Windows_8_1.0
9701,fam:Windows,fam:Windows,fam:Windows,maj:Windows_8,maj:Windows_8,maj:Windows_8,leaf:Windows_8_1.0,leaf:Windows_8_1.0,leaf:Windows_8_1.0
9704,fam:Windows,fam:Windows,fam:Windows,maj:Windows_8,maj:Windows_7,maj:Windows_7|maj:Windows_8,leaf:Windows_8_1.0,leaf:Windows_8_1.0,leaf:Windows_7|leaf:Windows_8_1.0|leaf:Windows_8_OTHER
9705,fam:Windows,fam:Windows,fam:Windows,maj:Windows_8,maj:Windows_8,maj:Windows_8,leaf:Windows_8_1.0,leaf:Windows_8_1.0,leaf:Windows_8_1.0
9706,fam:Windows,fam:Windows,fam:Windows,maj:Windows_8,maj:Windows_8,maj:Windows_7|maj:Windows_8,leaf:Windows_8_1.0,leaf:Windows_8_1.0,leaf:Windows_7|leaf:Windows_8_1.0
9707,fam:Windows,fam:Windows,fam:Windows,maj:Windows_8,maj:Windows_8,maj:Windows_8,leaf:Windows_8_1.0,leaf:Windows_8_1.0,leaf:Windows_8_1.0
9709,fam:Windows,fam:Windows,fam:Windows,maj:Windows_8,maj:Windows_8,maj:Windows_8,leaf:Windows_8_1.0,leaf:Windows_8_1.0,leaf:Windows_8_1.0
9710,fam:Windows,fam:Windows,fam:Windows,maj:Windows_8,maj:Windows_8,maj:Windows_8,leaf:Windows_8_1.0,leaf:Windows_8_1.0,leaf:Windows_8_1.0
9711,fam:Windows,fam:Windows,fam:Windows,maj:Windows_8,maj:Windows_8,maj:Windows_8,leaf:Windows_8_1.0,leaf:Windows_8_1.0,leaf:Windows_8_1.0
9712,fam:Windows,fam:Windows,fam:Windows,maj:Windows_8,maj:Windows_8,maj:Windows_8,leaf:Windows_8_1.0,leaf:Windows_8_1.0,leaf:Windows_7|leaf:Windows_8_1.0
9716,fam:Windows,fam:Windows,fam:Windows,maj:Windows_8,maj:Windows_8,maj:Windows_8,leaf:Windows_8_1.0,leaf:Windows_8_OTHER,leaf:Windows_8_OTHER
9717,fam:Windows,fam:Windows,fam:Windows,maj:Windows_8,maj:Windows_8,maj:Windows_8,leaf:Windows_8_1.0,leaf:Windows_8_1.0,leaf:Windows_8_1.0
9724,fam:Windows,fam:Windows,fam:Windows,maj:Windows_8,maj:Windows_8,maj:Windows_7|maj:Windows_8,leaf:Windows_8_1.0,leaf:Windows_8_1.0,leaf:Windows_8_1.0
9727,fam:Windows,fam:Windows,fam:Windows,maj:Windows_8,maj:Windows_8,maj:Windows_8,leaf:Windows_8_OTHER,leaf:Windows_8_OTHER,leaf:Windows_8_OTHER
9728,fam:Windows,fam:Windows,fam:Windows,maj:Windows_8,maj:Windows_8,maj:Windows_8,leaf:Windows_8_OTHER,leaf:Windows_8_OTHER,leaf:Windows_8_OTHER
9729,fam:Windows,fam:macOS,,maj:Windows_8,maj:Windows_8,maj:Windows_8,leaf:Windows_8_OTHER,leaf:macOS_10_10.0,leaf:macOS_10_10.0
9730,fam:Windows,fam:Windows,fam:Windows,maj:Windows_8,maj:Windows_7,maj:Windows_7|maj:Windows_8,leaf:Windows_8_OTHER,leaf:Windows_8_1.0,leaf:Windows_7|leaf:Windows_8_1.0
9732,fam:Windows,fam:Android,,maj:Windows_8,maj:Windows_8,maj:Windows_8,leaf:Windows_8_OTHER,leaf:Windows_XP,leaf:Android_6_0.0|leaf:Windows_XP
9733,fam:Windows,fam:Windows,fam:Windows,maj:Windows_8,maj:Windows_8,maj:Windows_8,leaf:Windows_8_OTHER,leaf:Windows_8_1.0,leaf:Windows_7|leaf:Windows_8_1.0|leaf:Windows_8_OTHER
9737,fam:Windows,fam:Windows,fam:Windows,maj:Windows_8,maj:Windows_8,maj:Windows_8,leaf:Windows_8_OTHER,leaf:Windows_8_OTHER,leaf:Windows_8_OTHER
9738,fam:Windows,fam:Windows,fam:Windows,maj:Windows_8,maj:Windows_8,maj:Windows_8,leaf:Windows_8_OTHER,leaf:Windows_8_OTHER,leaf:Windows_8_OTHER
9740,fam:Windows,fam:Windows,fam:Windows,maj:Windows_8,maj:Windows_7,maj:Windows_7|maj:Windows_8,leaf:Windows_8_OTHER,leaf:Windows_8_1.0,leaf:Windows_7|leaf:Windows_8_1.0|leaf:Windows_8_OTHER
9744,fam:Windows,fam:Windows,fam:Windows,maj:Windows_8,maj:Windows_8,maj:Windows_8,leaf:Windows_8_OTHER,leaf:Windows_8_OTHER,leaf:Windows_10|leaf:Windows_8_OTHER
9746,fam:Windows,fam:Windows,fam:Windows,maj:Windows_8,maj:Windows_10,maj:Windows_10,leaf:Windows_8_OTHER,leaf:Windows_10,leaf:Windows_10|leaf:Windows_8_OTHER
9748,fam:Windows,fam:Android,,maj:Windows_8,maj:Windows_8,maj:Android_6|maj:Windows_8,leaf:Windows_8_OTHER,leaf:Windows_XP,leaf:Windows_8_OTHER|leaf:Windows_XP
9751,fam:Windows,fam:Windows,fam:Windows,maj:Windows_8,maj:Windows_8,maj:Windows_10|maj:Windows_8,leaf:Windows_8_OTHER,leaf:Windows_8_OTHER,leaf:Windows_10|leaf:Windows_8_OTHER
9754,fam:Windows,fam:Windows,fam:Windows,maj:Windows_8,maj:Windows_8,maj:Windows_8,leaf:Windows_8_OTHER,leaf:Windows_8_OTHER,leaf:Windows_8_OTHER
9756,fam:Windows,fam:Windows,fam:Windows,maj:Windows_8,maj:Windows_8,maj:Windows_8,leaf:Windows_8_OTHER,leaf:Windows_8_OTHER,leaf:Windows_8_OTHER
9760,fam:Windows,fam:Windows,fam:Windows,maj:Windows_8,maj:Windows_8,maj:Windows_8,leaf:Windows_8_OTHER,leaf:Windows_8_OTHER,leaf:Windows_10|leaf:Windows_8_OTHER
9761,fam:Windows,fam:Windows,fam:Windows,maj:Windows_8,maj:Windows_8,maj:Windows_8,leaf:Windows_8_OTHER,leaf:Windows_8_1.0,leaf:Windows_7|leaf:Windows_8_1.0
9762,fam:Windows,fam:Windows,fam:Windows,maj:Windows_8,maj:Windows_8,maj:Windows_8,leaf:Windows_8_OTHER,leaf:Windows_8_OTHER,leaf:Windows_10|leaf:Windows_8_OTHER
9763,fam:Windows,fam:Windows,fam:Windows,maj:Windows_8,maj:Windows_8,maj:Windows_8,leaf:Windows_8_OTHER,leaf:Windows_8_OTHER,leaf:Windows_8_OTHER
9764,fam:Windows,fam:Windows,fam:Windows,maj:Windows_8,maj:Windows_10,maj:Windows_10|maj:Windows_8,leaf:Windows_8_OTHER,leaf:Windows_10,leaf:Windows_10|leaf:Windows_8_OTHER
9766,fam:Windows,fam:Windows,fam:Windows,maj:Windows_8,maj:Windows_8,maj:Windows_8,leaf:Windows_8_OTHER,leaf:Windows_8_1.0,leaf:Windows_7|leaf:Windows_8_1.0
9767,fam:Windows,fam:Windows,fam:Windows,maj:Windows_8,maj:Windows_8,maj:Windows_8,leaf:Windows_8_OTHER,leaf:Windows_8_OTHER,leaf:Windows_8_OTHER
9771,fam:Windows,fam:Android,,maj:Windows_8,maj:Windows_XP,maj:Android_6|maj:Windows_XP,leaf:Windows_8_OTHER,leaf:Windows_XP,leaf:Android_6_0.0|leaf:Windows_XP
9773,fam:Windows,fam:Windows,fam:Windows,maj:Windows_8,maj:Windows_8,maj:Windows_8,leaf:Windows_8_OTHER,leaf:Windows_8_OTHER,leaf:Windows_10|leaf:Windows_8_OTHER
9774,fam:Windows,fam:Windows,fam:Windows,maj:Windows_8,maj:Windows_8,maj:Windows_7|maj:Windows_8,leaf:Windows_8_OTHER,leaf:Windows_7,leaf:Windows_7|leaf:Windows_8_1.0|leaf:Windows_8_OTHER
9776,fam:Windows,fam:Windows,fam:Windows,maj:Windows_Vista,maj:Windows_Vista,maj:Windows_Vista,leaf:Windows_Vista,leaf:Windows_Vista,leaf:Windows_Vista
9788,fam:Windows,fam:Windows,fam:Windows,maj:Windows_Vista,maj:Windows_Vista,maj:Windows_Vista,leaf:Windows_Vista,leaf:Windows_Vista,leaf:Windows_Vista
9789,fam:Windows,fam:Windows,fam:Windows,maj:Windows_Vista,maj:Windows_Vista,maj:Windows_Vista,leaf:Windows_Vista,leaf:Windows_Vista,leaf:Windows_Vista
9790,fam:Windows,fam:Linux,fam:Linux,maj:Windows_Vista,maj:Linux_Ubuntu,maj:Linux_Ubuntu|maj:macOS_10,leaf:Windows_Vista,leaf:Windows_Vista,leaf:Windows_Vista
9791,fam:Windows,fam:Windows,fam:Windows,maj:Windows_Vista,maj:Windows_Vista,maj:Windows_Vista,leaf:Windows_Vista,leaf:Windows_Vista,leaf:Windows_Vista
9793,fam:Windows,fam:Windows,fam:Windows,maj:Windows_Vista,maj:Windows_Vista,maj:Windows_Vista,leaf:Windows_Vista,leaf:Windows_Vista,leaf:Windows_Vista
9794,fam:Windows,fam:Windows,fam:Windows,maj:Windows_Vista,maj:Windows_Vista,maj:Windows_Vista,leaf:Windows_Vista,leaf:Windows_Vista,leaf:Windows_Vista
9795,fam:Windows,fam:Windows,fam:Windows,maj:Windows_Vista,maj:Windows_Vista,maj:Windows_Vista,leaf:Windows_Vista,leaf:Windows_Vista,leaf:Windows_Vista
9798,fam:Windows,fam:Windows,fam:Windows,maj:Windows_Vista,maj:Windows_Vista,maj:Windows_Vista,leaf:Windows_Vista,leaf:Windows_Vista,leaf:Windows_Vista
9799,fam:Windows,fam:Windows,fam:Windows,maj:Windows_Vista,maj:Windows_Vista,maj:Windows_Vista,leaf:Windows_Vista,leaf:Windows_Vista,leaf:Windows_Vista
9800,fam:Windows,fam:Windows,fam:Windows,maj:Windows_Vista,maj:Windows_Vista,maj:Windows_Vista,leaf:Windows_Vista,leaf:Windows_Vista,leaf:Windows_Vista
9801,fam:Windows,fam:Windows,fam:Windows,maj:Windows_Vista,maj:Windows_Vista,maj:Windows_Vista,leaf:Windows_Vista,leaf:Windows_Vista,leaf:Windows_Vista
9804,fam:Windows,fam:Windows,fam:Windows,maj:Windows_Vista,maj:Windows_Vista,maj:Windows_Vista,leaf:Windows_Vista,leaf:Windows_Vista,leaf:Windows_Vista
9805,fam:Windows,fam:Windows,fam:Windows,maj:Windows_Vista,maj:Windows_Vista,maj:Windows_Vista,leaf:Windows_Vista,leaf:Windows_Vista,leaf:Windows_Vista
9806,fam:Windows,fam:Windows,fam:Windows,maj:Windows_Vista,maj:Windows_Vista,maj:Windows_Vista,leaf:Windows_Vista,leaf:Windows_Vista,leaf:Windows_Vista
9808,fam:Windows,fam:Windows,fam:Windows,maj:Windows_Vista,maj:Windows_Vista,maj:Windows_Vista,leaf:Windows_Vista,leaf:Windows_Vista,leaf:Windows_Vista
9811,fam:Windows,fam:macOS,,maj:Windows_Vista,maj:Windows_8,maj:Windows_8,leaf:Windows_Vista,leaf:macOS_10_10.0,leaf:macOS_10_10.0
9812,fam:Windows,fam:Windows,fam:Windows,maj:Windows_Vista,maj:Windows_Vista,maj:Windows_Vista,leaf:Windows_Vista,leaf:Windows_Vista,leaf:Windows_Vista
9813,fam:Windows,fam:Windows,fam:Windows,maj:Windows_Vista,maj:Windows_Vista,maj:Windows_Vista,leaf:Windows_Vista,leaf:Windows_Vista,leaf:Windows_Vista
9816,fam:Windows,fam:Windows,fam:Windows,maj:Windows_Vista,maj:Windows_Vista,maj:Windows_Vista,leaf:Windows_Vista,leaf:Windows_Vista,leaf:Windows_Vista
9817,fam:Windows,fam:Windows,fam:Windows,maj:Windows_Vista,maj:Windows_Vista,maj:Windows_Vista,leaf:Windows_Vista,leaf:Windows_Vista,leaf:Windows_Vista
9819,fam:Windows,fam:Android,,maj:Windows_XP,maj:Windows_XP,maj:Android_6|maj:Windows_XP,leaf:Windows_XP,leaf:Android_6_0.0,leaf:Android_6_0.0|leaf:Windows_XP
9820,fam:Windows,fam:Windows,fam:Windows,maj:Windows_XP,maj:Windows_XP,maj:Windows_XP,leaf:Windows_XP,leaf:Windows_XP,leaf:Windows_XP
9823,fam:Windows,fam:Windows,fam:Windows,maj:Windows_XP,maj:Windows_XP,maj:Windows_XP,leaf:Windows_XP,leaf:Windows_XP,leaf:Windows_XP
9824,fam:Windows,fam:Windows,fam:Windows,maj:Windows_XP,maj:Windows_XP,maj:Windows_XP,leaf:Windows_XP,leaf:Windows_XP,leaf:Windows_XP
9833,fam:Windows,fam:Android,,maj:Windows_XP,maj:Android_6,maj:Android_6,leaf:Windows_XP,leaf:Android_6_0.0,leaf:Android_6_0.0|leaf:Windows_XP
9834,fam:Windows,fam:Android,,maj:Windows_XP,maj:Android_6,maj:Android_6|maj:Windows_XP,leaf:Windows_XP,leaf:Windows_XP,leaf:Android_6_0.0|leaf:Windows_XP
9835,fam:Windows,fam:Windows,fam:Windows,maj:Windows_XP,maj:Windows_XP,maj:Windows_XP,leaf:Windows_XP,leaf:Windows_XP,leaf:Windows_XP
9837,fam:Windows,fam:Android,,maj:Windows_XP,maj:Windows_XP,maj:Windows_XP,leaf:Windows_XP,leaf:Windows_XP,leaf:Android_6_0.0|leaf:Windows_XP
9838,fam:Windows,fam:Android,,maj:Windows_XP,maj:Windows_XP,maj:Android_6|maj:Windows_XP,leaf:Windows_XP,leaf:Windows_XP,leaf:Android_6_0.0|leaf:Windows_XP
9839,fam:Windows,fam:Windows,fam:Windows,maj:Windows_XP,maj:Windows_XP,maj:Windows_8|maj:Windows_XP,leaf:Windows_XP,leaf:Windows_8_OTHER,leaf:Windows_8_OTHER
9840,fam:Windows,fam:Android,,maj:Windows_XP,maj:Android_6,maj:Android_6|maj:Windows_XP,leaf:Windows_XP,leaf:Windows_XP,leaf:Android_6_0.0|leaf:Windows_XP
9841,fam:Windows,fam:Windows,fam:Windows,maj:Windows_XP,maj:Windows_XP,maj:Windows_XP,leaf:Windows_XP,leaf:Windows_XP,leaf:Windows_XP
9844,fam:Windows,fam:Android,,maj:Windows_XP,maj:Android_6,maj:Android_6|maj:Windows_XP,leaf:Windows_XP,leaf:Android_6_0.0,leaf:Android_6_0.0|leaf:Windows_XP
9845,fam:Windows,fam:Windows,fam:Windows,maj:Windows_XP,maj:Windows_XP,maj:Windows_XP,leaf:Windows_XP,leaf:Windows_XP,leaf:Windows_XP
9850,fam:Windows,fam:Android,,maj:Windows_XP,maj:Android_6,maj:Android_6|maj:Windows_XP,leaf:Windows_XP,leaf:Android_6_0.0,leaf:Android_6_0.0|leaf:Windows_XP
9851,fam:Windows,fam:Windows,fam:Windows,maj:Windows_XP,maj:Windows_XP,maj:Windows_XP,leaf:Windows_XP,leaf:Windows_XP,leaf:Windows_XP
9852,fam:Windows,fam:Android,,maj:Windows_XP,maj:Android_6,maj:Android_6|maj:Windows_XP,leaf:Windows_XP,leaf:Android_6_0.0,leaf:Android_6_0.0|leaf:Windows_XP
9856,fam:Windows,fam:Android,,maj:Windows_XP,maj:Windows_XP,maj:Windows_XP,leaf:Windows_XP,leaf:Windows_XP,leaf:Android_6_0.0|leaf:Windows_XP
9857,fam:Windows,fam:Windows,fam:Windows,maj:Windows_XP,maj:Windows_XP,maj:Windows_XP,leaf:Windows_XP,leaf:Windows_XP,leaf:Windows_XP
9859,fam:Windows,fam:Android,fam:Android,maj:Windows_XP,maj:Android_6,maj:Android_6|maj:Windows_XP,leaf:Windows_XP,leaf:Android_6_0.0,leaf:Android_6_0.0|leaf:Windows_XP
9861,fam:Windows,fam:Windows,fam:Windows,maj:Windows_XP,maj:Windows_XP,maj:Windows_XP,leaf:Windows_XP,leaf:Windows_XP,leaf:Windows_XP
9862,fam:Windows,fam:Windows,fam:Windows,maj:Windows_XP,maj:Windows_XP,maj:Windows_XP,leaf:Windows_XP,leaf:Windows_XP,leaf:Windows_XP
9863,fam:Windows,fam:Android,,maj:Windows_XP,maj:Windows_XP,maj:Windows_XP,leaf:Windows_XP,leaf:Windows_XP,leaf:Android_6_0.0|leaf:Windows_XP
9867,fam:Windows,fam:Android,,maj:Windows_XP,maj:Android_6,maj:Android_6|maj:Windows_XP,leaf:Windows_XP,leaf:Android_6_0.0,leaf:Android_6_0.0|leaf:Windows_XP
9868,fam:Windows,fam:Android,,maj:Windows_XP,maj:Android_6,maj:Android_6,leaf:Windows_XP,leaf:Windows_XP,leaf:Android_6_0.0|leaf:Windows_XP
9869,fam:Windows,fam:Windows,fam:Windows,maj:Windows_XP,maj:Windows_XP,maj:Windows_XP,leaf:Windows_XP,leaf:Windows_XP,leaf:Windows_XP
9873,fam:Windows,fam:Android,,maj:Windows_XP,maj:Android_6,maj:Android_6|maj:Windows_XP,leaf:Windows_XP,leaf:Android_6_0.0,leaf:Android_6_0.0|leaf:Windows_XP
9875,fam:Windows,fam:Android,fam:Android,maj:Windows_XP,maj:Android_6,maj:Android_6|maj:Windows_XP,leaf:Windows_XP,leaf:Android_6_0.0,leaf:Android_6_0.0|leaf:Windows_XP
9876,fam:Windows,fam:Android,,maj:Windows_XP,maj:Android_6,maj:Android_6,leaf:Windows_XP,leaf:Windows_XP,leaf:Android_6_0.0|leaf:Windows_XP
9877,fam:Windows,fam:Android,,maj:Windows_XP,maj:Windows_XP,maj:Windows_XP,leaf:Windows_XP,leaf:Windows_XP,leaf:Android_6_0.0|leaf:Windows_XP
9879,fam:Windows,fam:Android,,maj:Windows_XP,maj:Windows_XP,maj:Android_6|maj:Windows_XP,leaf:Windows_XP,leaf:Windows_XP,leaf:Android_6_0.0|leaf:Windows_XP
9881,fam:Windows,fam:Windows,fam:Windows,maj:Windows_XP,maj:Windows_XP,maj:Windows_XP,leaf:Windows_XP,leaf:Windows_XP,leaf:Windows_XP
9882,fam:Windows,fam:Android,,maj:Windows_XP,maj:Android_6,maj:Android_6|maj:Windows_XP,leaf:Windows_XP,leaf:Android_6_0.0,leaf:Android_6_0.0|leaf:Windows_XP
9883,fam:Windows,fam:Android,,maj:Windows_XP,maj:Windows_XP,maj:Android_6|maj:Windows_XP,leaf:Windows_XP,leaf:Windows_XP,leaf:Android_6_0.0|leaf:Windows_XP
9885,fam:Windows,fam:Android,fam:Android,maj:Windows_XP,maj:Android_6,maj:Android_6|maj:Windows_XP,leaf:Windows_XP,leaf:Android_6_0.0,leaf:Android_6_0.0|leaf:Windows_XP
9887,fam:Windows,fam:Android,,maj:Windows_XP,maj:Android_6,maj:Android_6|maj:Windows_XP,leaf:Windows_XP,leaf:Android_6_0.0,leaf:Android_6_0.0|leaf:Windows_XP
9889,fam:Windows,fam:Android,,maj:Windows_XP,maj:Windows_XP,maj:Windows_XP,leaf:Windows_XP,leaf:Windows_XP,leaf:Android_6_0.0|leaf:Windows_XP
9891,fam:Windows,fam:Windows,fam:Windows,maj:Windows_XP,maj:Windows_XP,maj:Windows_XP,leaf:Windows_XP,leaf:Windows_XP,leaf:Windows_XP
9895,fam:Windows,fam:Windows,fam:Windows,maj:Windows_XP,maj:Windows_XP,maj:Windows_XP,leaf:Windows_XP,leaf:Windows_XP,leaf:Windows_XP
9896,fam:Windows,fam:Android,,maj:Windows_XP,maj:Android_6,maj:Android_6,leaf:Windows_XP,leaf:Android_6_0.0,leaf:Android_6_0.0|leaf:Windows_XP
9897,fam:Windows,fam:Android,,maj:Windows_XP,maj:Windows_XP,maj:Android_6|maj:Windows_XP,leaf:Windows_XP,leaf:Windows_XP,leaf:Android_6_0.0|leaf:Windows_XP
9899,fam:Windows,fam:Android,,maj:Windows_XP,maj:Android_6,maj:Android_6|maj:Windows_XP,leaf:Windows_XP,leaf:Android_6_0.0,leaf:Android_6_0.0|leaf:Windows_XP
9902,fam:Windows,fam:Android,,maj:Windows_XP,maj:Windows_XP,maj:Android_6|maj:Windows_XP,leaf:Windows_XP,leaf:Windows_XP,leaf:Android_6_0.0|leaf:Windows_XP
9903,fam:Windows,fam:Windows,fam:Windows,maj:Windows_XP,maj:Windows_8,maj:Windows_7|maj:Windows_8,leaf:Windows_XP,leaf:Windows_7,leaf:Windows_7|leaf:Windows_8_1.0
9904,fam:Windows,fam:Android,,maj:Windows_XP,maj:Android_6,maj:Android_6|maj:Windows_XP,leaf:Windows_XP,leaf:Android_6_0.0,leaf:Android_6_0.0|leaf:Windows_XP
9907,fam:Windows,fam:Android,,maj:Windows_XP,maj:Windows_8,maj:Android_6|maj:Windows_8|maj:Windows_XP,leaf:Windows_XP,leaf:Windows_XP,leaf:Android_6_0.0|leaf:Windows_XP
9908,fam:Windows,fam:Android,,maj:Windows_XP,maj:Windows_XP,maj:Android_6|maj:Windows_XP,leaf:Windows_XP,leaf:Windows_XP,leaf:Android_6_0.0|leaf:Windows_XP
9912,fam:Windows,fam:Android,,maj:Windows_XP,maj:Windows_XP,maj:Android_6|maj:Windows_XP,leaf:Windows_XP,leaf:Windows_XP,leaf:Android_6_0.0|leaf:Windows_XP
9914,fam:Windows,fam:Android,,maj:Windows_XP,maj:Windows_XP,maj:Android_6|maj:Windows_XP,leaf:Windows_XP,leaf:Windows_XP,leaf:Android_6_0.0|leaf:Windows_XP
9915,fam:Windows,fam:Linux,fam:Linux,maj:Windows_XP,maj:Windows_XP,maj:Windows_XP,leaf:Windows_XP,leaf:Linux_OTHER,leaf:Linux_OTHER
9918,fam:Windows,fam:Android,,maj:Windows_XP,maj:Windows_XP,maj:Android_6|maj:Windows_XP,leaf:Windows_XP,leaf:Windows_XP,leaf:Android_6_0.0|leaf:Windows_XP
9920,fam:Windows,fam:Android,,maj:Windows_XP,maj:Android_6,maj:Android_6,leaf:Windows_XP,leaf:Android_6_0.0,leaf:Android_6_0.0|leaf:Windows_XP
9921,fam:Windows,fam:Android,,maj:Windows_XP,maj:Android_6,maj:Android_6|maj:Windows_XP,leaf:Windows_XP,leaf:Windows_XP,leaf:Android_6_0.0|leaf:Windows_XP
9924,fam:Windows,fam:Windows,fam:Windows,maj:Windows_XP,maj:Windows_XP,maj:Windows_XP,leaf:Windows_XP,leaf:Windows_XP,leaf:Windows_XP
9926,fam:Windows,fam:Android,fam:Android,maj:Windows_XP,maj:Android_6,maj:Android_6|maj:Windows_XP,leaf:Windows_XP,leaf:Android_6_0.0,leaf:Android_6_0.0|leaf:Windows_XP
9930,fam:Windows,fam:Android,,maj:Windows_XP,maj:Android_6,maj:Android_6,leaf:Windows_XP,leaf:Android_6_0.0,leaf:Android_6_0.0|leaf:Windows_XP
9932,fam:Windows,fam:Android,,maj:Windows_XP,maj:Android_6,maj:Android_6|maj:Windows_XP,leaf:Windows_XP,leaf:Android_6_0.0,leaf:Android_6_0.0|leaf:Windows_XP
9934,fam:iOS,fam:macOS,fam:macOS,maj:iOS_10,maj:iOS_10,maj:iOS_10,leaf:iOS_10_0.0,leaf:iOS_10_0.0,leaf:iOS_10_0.0|leaf:macOS_10_12.0
9936,fam:iOS,fam:iOS,,maj:iOS_10,maj:iOS_10,maj:iOS_10,leaf:iOS_10_2.0,leaf:iOS_10_2.0,leaf:iOS_10_2.0
9938,fam:iOS,fam:iOS,fam:iOS,maj:iOS_10,maj:iOS_10,maj:iOS_10,leaf:iOS_10_3.0,leaf:iOS_10_3.0,leaf:iOS_10_3.0
9941,fam:iOS,fam:iOS,fam:iOS,maj:iOS_10,maj:iOS_10,maj:iOS_10,leaf:iOS_10_3.0,leaf:iOS_10_3.0,leaf:iOS_10_3.0
9944,fam:iOS,fam:iOS,fam:iOS,maj:iOS_10,maj:iOS_10,maj:iOS_10,leaf:iOS_10_3.0,leaf:iOS_10_3.0,leaf:iOS_10_3.0
9945,fam:iOS,fam:iOS,fam:iOS,maj:iOS_10,maj:iOS_10,maj:iOS_10,leaf:iOS_10_3.0,leaf:iOS_10_3.0,leaf:iOS_10_3.0
9946,fam:iOS,fam:iOS,fam:iOS,maj:iOS_10,maj:iOS_10,maj:iOS_10,leaf:iOS_10_3.0,leaf:iOS_10_3.0,leaf:iOS_10_3.0
9947,fam:iOS,fam:iOS,fam:iOS,maj:iOS_10,maj:iOS_10,maj:iOS_10,leaf:iOS_10_3.0,leaf:iOS_10_3.0,leaf:iOS_10_3.0
9949,fam:iOS,fam:iOS,fam:iOS,maj:iOS_10,maj:iOS_10,maj:iOS_10,leaf:iOS_10_3.0,leaf:iOS_10_3.0,leaf:iOS_10_3.0
9951,fam:iOS,fam:iOS,fam:iOS,maj:iOS_10,maj:iOS_10,maj:iOS_10,leaf:iOS_10_3.0,leaf:iOS_10_3.0,leaf:iOS_10_3.0
9952,fam:iOS,fam:iOS,fam:iOS,maj:iOS_10,maj:iOS_10,maj:iOS_10,leaf:iOS_10_3.0,leaf:iOS_10_3.0,leaf:iOS_10_3.0
9953,fam:iOS,fam:iOS,fam:iOS,maj:iOS_10,maj:iOS_10,maj:iOS_10,leaf:iOS_10_3.0,leaf:iOS_10_3.0,leaf:iOS_10_3.0
9955,fam:iOS,fam:iOS,fam:iOS,maj:iOS_10,maj:iOS_10,maj:iOS_10,leaf:iOS_10_3.0,leaf:iOS_10_3.0,leaf:iOS_10_3.0
9957,fam:iOS,fam:iOS,fam:iOS,maj:iOS_10,maj:iOS_10,maj:iOS_10,leaf:iOS_10_3.0,leaf:iOS_10_3.0,leaf:iOS_10_3.0
9960,fam:iOS,fam:iOS,fam:iOS,maj:iOS_10,maj:iOS_10,maj:iOS_10,leaf:iOS_10_3.0,leaf:iOS_10_3.0,leaf:iOS_10_3.0
9961,fam:iOS,fam:iOS,fam:iOS,maj:iOS_10,maj:iOS_10,maj:iOS_10,leaf:iOS_10_3.0,leaf:iOS_10_3.0,leaf:iOS_10_3.0
9962,fam:iOS,fam:iOS,fam:iOS,maj:iOS_10,maj:iOS_10,maj:iOS_10,leaf:iOS_10_3.0,leaf:iOS_10_3.0,leaf:iOS_10_3.0
9963,fam:iOS,fam:iOS,fam:iOS,maj:iOS_10,maj:iOS_10,maj:iOS_10,leaf:iOS_10_3.0,leaf:iOS_10_3.0,leaf:iOS_10_3.0
9964,fam:iOS,fam:iOS,fam:iOS,maj:iOS_10,maj:iOS_10,maj:iOS_10,leaf:iOS_10_3.0,leaf:iOS_10_3.0,leaf:iOS_10_3.0
9965,fam:iOS,fam:iOS,fam:iOS,maj:iOS_10,maj:iOS_10,maj:iOS_10,leaf:iOS_10_3.0,leaf:iOS_10_3.0,leaf:iOS_10_3.0
9967,fam:iOS,fam:iOS,fam:iOS,maj:iOS_10,maj:iOS_10,maj:iOS_10,leaf:iOS_10_3.0,leaf:iOS_10_3.0,leaf:iOS_10_3.0
9968,fam:iOS,fam:iOS,fam:iOS,maj:iOS_10,maj:iOS_10,maj:iOS_10,leaf:iOS_10_3.0,leaf:iOS_10_3.0,leaf:iOS_10_3.0
9969,fam:iOS,fam:iOS,fam:iOS,maj:iOS_10,maj:iOS_10,maj:iOS_10,leaf:iOS_10_3.0,leaf:iOS_10_3.0,leaf:iOS_10_3.0
9973,fam:iOS,fam:iOS,fam:iOS,maj:iOS_10,maj:iOS_10,maj:iOS_10,leaf:iOS_10_3.0,leaf:iOS_10_3.0,leaf:iOS_10_3.0
9976,fam:iOS,fam:iOS,fam:iOS,maj:iOS_10,maj:iOS_10,maj:iOS_10,leaf:iOS_10_3.0,leaf:iOS_10_3.0,leaf:iOS_10_3.0
9977,fam:iOS,fam:iOS,fam:iOS,maj:iOS_10,maj:iOS_10,maj:iOS_10,leaf:iOS_10_3.0,leaf:iOS_10_3.0,leaf:iOS_10_3.0
9979,fam:iOS,fam:iOS,fam:iOS,maj:iOS_10,maj:iOS_10,maj:iOS_10,leaf:iOS_10_3.0,leaf:iOS_10_3.0,leaf:iOS_10_3.0
9981,fam:iOS,fam:iOS,fam:iOS,maj:iOS_10,maj:iOS_10,maj:iOS_10,leaf:iOS_10_3.0,leaf:iOS_10_3.0,leaf:iOS_10_3.0
9982,fam:iOS,fam:iOS,fam:iOS,maj:iOS_10,maj:iOS_10,maj:iOS_10,leaf:iOS_10_3.0,leaf:iOS_10_3.0,leaf:iOS_10_3.0
9983,fam:iOS,fam:iOS,fam:iOS,maj:iOS_10,maj:iOS_10,maj:iOS_10,leaf:iOS_10_3.0,leaf:iOS_10_3.0,leaf:iOS_10_3.0
9987,fam:iOS,fam:iOS,fam:iOS,maj:iOS_10,maj:iOS_10,maj:iOS_10,leaf:iOS_10_3.0,leaf:iOS_10_3.0,leaf:iOS_10_3.0
9988,fam:iOS,fam:iOS,fam:iOS,maj:iOS_10,maj:iOS_10,maj:iOS_10,leaf:iOS_10_3.0,leaf:iOS_10_3.0,leaf:iOS_10_3.0
9993,fam:iOS,fam:iOS,fam:iOS,maj:iOS_10,maj:iOS_10,maj:iOS_10,leaf:iOS_10_3.0,leaf:iOS_10_3.0,leaf:iOS_10_3.0
10000,fam:iOS,fam:Linux,,maj:iOS_11,maj:Android_8,maj:Android_8,leaf:iOS_11_0.0,leaf:Android_8_1.0,leaf:Android_8_1.0
10002,fam:iOS,fam:iOS,fam:iOS,maj:iOS_11,maj:iOS_11,maj:iOS_11,leaf:iOS_11_2.0,leaf:iOS_11_2.0,leaf:iOS_11_2.0
10004,fam:iOS,fam:iOS,fam:iOS,maj:iOS_11,maj:iOS_11,maj:iOS_11,leaf:iOS_11_2.0,leaf:iOS_11_2.0,leaf:iOS_11_2.0
10006,fam:iOS,fam:iOS,fam:iOS,maj:iOS_11,maj:iOS_11,maj:iOS_11,leaf:iOS_11_2.0,leaf:iOS_11_2.0,leaf:iOS_11_2.0
10009,fam:iOS,fam:iOS,,maj:iOS_11,maj:iOS_11,maj:iOS_11,leaf:iOS_11_4.0,leaf:iOS_11_4.0,leaf:iOS_11_4.0
10013,fam:iOS,fam:iOS,fam:iOS,maj:iOS_11,maj:iOS_11,maj:iOS_11,leaf:iOS_11_4.0,leaf:iOS_11_4.0,leaf:iOS_11_4.0
10014,fam:iOS,fam:iOS,fam:iOS,maj:iOS_11,maj:iOS_11,maj:iOS_11,leaf:iOS_11_4.0,leaf:iOS_11_4.0,leaf:iOS_11_4.0
10015,fam:iOS,fam:iOS,,maj:iOS_11,maj:iOS_11,maj:iOS_11,leaf:iOS_11_4.0,leaf:iOS_11_4.0,leaf:iOS_11_4.0
10017,fam:iOS,fam:iOS,,maj:iOS_11,maj:iOS_11,maj:iOS_11,leaf:iOS_11_4.0,leaf:iOS_11_4.0,leaf:iOS_11_4.0
10020,fam:iOS,fam:iOS,fam:iOS,maj:iOS_12,maj:iOS_12,maj:iOS_12,leaf:iOS_12_0.0,leaf:iOS_12_1.0,leaf:iOS_12_1.0
10021,fam:iOS,fam:iOS,,maj:iOS_12,maj:macOS_10,maj:macOS_10,leaf:iOS_12_0.0,leaf:iOS_11_4.0,leaf:iOS_11_4.0|leaf:macOS_10_14.0
10025,fam:iOS,fam:iOS,fam:iOS,maj:iOS_12,maj:iOS_12,maj:iOS_12,leaf:iOS_12_1.0,leaf:iOS_12_1.0,leaf:iOS_12_1.0
10027,fam:iOS,fam:iOS,fam:iOS,maj:iOS_12,maj:iOS_12,maj:iOS_12,leaf:iOS_12_1.0,leaf:iOS_12_1.0,leaf:iOS_12_1.0
10028,fam:iOS,fam:iOS,fam:iOS,maj:iOS_12,maj:iOS_12,maj:iOS_12,leaf:iOS_12_1.0,leaf:iOS_12_1.0,leaf:iOS_12_1.0
10029,fam:iOS,fam:iOS,fam:iOS,maj:iOS_12,maj:iOS_12,maj:iOS_12,leaf:iOS_12_1.0,leaf:iOS_12_1.0,leaf:iOS_12_1.0
10032,fam:iOS,fam:iOS,fam:iOS,maj:iOS_12,maj:iOS_12,maj:iOS_12,leaf:iOS_12_1.0,leaf:iOS_12_1.0,leaf:iOS_12_1.0
10034,fam:iOS,fam:iOS,fam:iOS,maj:iOS_12,maj:iOS_12,maj:iOS_12,leaf:iOS_12_2.0,leaf:iOS_12_4.0,leaf:iOS_12_3.0|leaf:iOS_12_4.0
10035,fam:iOS,fam:iOS,fam:iOS,maj:iOS_12,maj:iOS_12,maj:iOS_12,leaf:iOS_12_2.0,leaf:iOS_12_4.0,leaf:iOS_12_3.0|leaf:iOS_12_4.0
10040,fam:iOS,fam:iOS,fam:iOS,maj:iOS_12,maj:iOS_12,maj:iOS_12,leaf:iOS_12_3.0,leaf:iOS_12_4.0,leaf:iOS_12_3.0|leaf:iOS_12_4.0
10041,fam:iOS,fam:iOS,fam:iOS,maj:iOS_12,maj:iOS_12,maj:iOS_12,leaf:iOS_12_3.0,leaf:iOS_12_4.0,leaf:iOS_12_3.0|leaf:iOS_12_4.0
10043,fam:iOS,fam:iOS,fam:iOS,maj:iOS_12,maj:iOS_12,maj:iOS_12,leaf:iOS_12_3.0,leaf:iOS_12_4.0,leaf:iOS_12_3.0|leaf:iOS_12_4.0
10044,fam:iOS,fam:iOS,fam:iOS,maj:iOS_12,maj:iOS_12,maj:iOS_12,leaf:iOS_12_3.0,leaf:iOS_12_4.0,leaf:iOS_12_3.0|leaf:iOS_12_4.0
10045,fam:iOS,fam:iOS,fam:iOS,maj:iOS_12,maj:iOS_12,maj:iOS_12,leaf:iOS_12_3.0,leaf:iOS_12_4.0,leaf:iOS_12_3.0|leaf:iOS_12_4.0
10047,fam:iOS,fam:iOS,fam:iOS,maj:iOS_12,maj:iOS_12,maj:iOS_12,leaf:iOS_12_3.0,leaf:iOS_12_4.0,leaf:iOS_12_3.0|leaf:iOS_12_4.0
10050,fam:iOS,fam:iOS,fam:iOS,maj:iOS_12,maj:iOS_12,maj:iOS_12,leaf:iOS_12_4.0,leaf:iOS_12_4.0,leaf:iOS_12_3.0|leaf:iOS_12_4.0
10051,fam:iOS,fam:iOS,fam:iOS,maj:iOS_12,maj:iOS_12,maj:iOS_12,leaf:iOS_12_4.0,leaf:iOS_12_4.0,leaf:iOS_12_3.0|leaf:iOS_12_4.0
10052,fam:iOS,fam:iOS,fam:iOS,maj:iOS_12,maj:iOS_12,maj:iOS_12,leaf:iOS_12_4.0,leaf:iOS_12_4.0,leaf:iOS_12_3.0|leaf:iOS_12_4.0
10053,fam:iOS,fam:iOS,fam:iOS,maj:iOS_12,maj:iOS_12,maj:iOS_12,leaf:iOS_12_4.0,leaf:iOS_12_4.0,leaf:iOS_12_4.0
10054,fam:iOS,fam:iOS,fam:iOS,maj:iOS_12,maj:iOS_12,maj:iOS_12,leaf:iOS_12_4.0,leaf:iOS_12_4.0,leaf:iOS_12_3.0|leaf:iOS_12_4.0
10055,fam:iOS,fam:iOS,fam:iOS,maj:iOS_12,maj:iOS_12,maj:iOS_12,leaf:iOS_12_4.0,leaf:iOS_12_4.0,leaf:iOS_12_4.0
10056,fam:iOS,fam:iOS,fam:iOS,maj:iOS_12,maj:iOS_12,maj:iOS_12,leaf:iOS_12_4.0,leaf:iOS_12_4.0,leaf:iOS_12_3.0|leaf:iOS_12_4.0
10057,fam:iOS,fam:iOS,fam:iOS,maj:iOS_12,maj:iOS_12,maj:iOS_12,leaf:iOS_12_4.0,leaf:iOS_12_4.0,leaf:iOS_12_4.0
10059,fam:iOS,fam:iOS,fam:iOS,maj:iOS_12,maj:iOS_12,maj:iOS_12,leaf:iOS_12_4.0,leaf:iOS_12_4.0,leaf:iOS_12_3.0|leaf:iOS_12_4.0
10061,fam:iOS,fam:iOS,fam:iOS,maj:iOS_12,maj:iOS_12,maj:iOS_12,leaf:iOS_12_4.0,leaf:iOS_12_4.0,leaf:iOS_12_4.0
10062,fam:iOS,fam:iOS,fam:iOS,maj:iOS_12,maj:iOS_12,maj:iOS_12,leaf:iOS_12_4.0,leaf:iOS_12_4.0,leaf:iOS_12_3.0|leaf:iOS_12_4.0
10063,fam:iOS,fam:iOS,fam:iOS,maj:iOS_12,maj:iOS_12,maj:iOS_12,leaf:iOS_12_4.0,leaf:iOS_12_4.0,leaf:iOS_12_3.0|leaf:iOS_12_4.0
10064,fam:iOS,fam:iOS,fam:iOS,maj:iOS_12,maj:iOS_12,maj:iOS_12|maj:macOS_10,leaf:iOS_12_4.0,leaf:iOS_12_4.0,leaf:iOS_12_3.0|leaf:iOS_12_4.0
10065,fam:iOS,fam:iOS,fam:iOS,maj:iOS_12,maj:iOS_12,maj:iOS_12,leaf:iOS_12_4.0,leaf:iOS_12_4.0,leaf:iOS_12_3.0|leaf:iOS_12_4.0
10069,fam:iOS,fam:iOS,fam:iOS,maj:iOS_12,maj:iOS_12,maj:iOS_12,leaf:iOS_12_4.0,leaf:iOS_12_4.0,leaf:iOS_12_3.0|leaf:iOS_12_4.0
10072,fam:iOS,fam:iOS,fam:iOS,maj:iOS_12,maj:iOS_12,maj:iOS_12,leaf:iOS_12_4.0,leaf:iOS_12_4.0,leaf:iOS_12_4.0
10073,fam:iOS,fam:iOS,fam:iOS,maj:iOS_12,maj:iOS_12,maj:iOS_12,leaf:iOS_12_4.0,leaf:iOS_12_4.0,leaf:iOS_12_3.0|leaf:iOS_12_4.0
10075,fam:iOS,fam:iOS,fam:iOS,maj:iOS_12,maj:iOS_12,maj:iOS_12,leaf:iOS_12_4.0,leaf:iOS_12_4.0,leaf:iOS_12_4.0
10076,fam:iOS,fam:iOS,fam:iOS,maj:iOS_12,maj:iOS_12,maj:iOS_12,leaf:iOS_12_4.0,leaf:iOS_12_4.0,leaf:iOS_12_3.0|leaf:iOS_12_4.0
10077,fam:iOS,fam:iOS,fam:iOS,maj:iOS_12,maj:iOS_12,maj:iOS_12,leaf:iOS_12_4.0,leaf:iOS_12_4.0,leaf:iOS_12_3.0|leaf:iOS_12_4.0
10080,fam:iOS,fam:iOS,fam:iOS,maj:iOS_12,maj:iOS_12,maj:iOS_12,leaf:iOS_12_4.0,leaf:iOS_12_4.0,leaf:iOS_12_3.0|leaf:iOS_12_4.0
10081,fam:iOS,fam:iOS,fam:iOS,maj:iOS_12,maj:iOS_12,maj:iOS_12,leaf:iOS_12_4.0,leaf:iOS_12_4.0,leaf:iOS_12_4.0
10085,fam:iOS,fam:iOS,fam:iOS,maj:iOS_12,maj:iOS_12,maj:iOS_12,leaf:iOS_12_4.0,leaf:iOS_12_4.0,leaf:iOS_12_3.0|leaf:iOS_12_4.0
10087,fam:iOS,fam:iOS,fam:iOS,maj:iOS_12,maj:iOS_12,maj:iOS_12,leaf:iOS_12_4.0,leaf:iOS_12_4.0,leaf:iOS_12_3.0|leaf:iOS_12_4.0
10088,fam:iOS,fam:iOS,fam:iOS,maj:iOS_12,maj:iOS_12,maj:iOS_12,leaf:iOS_12_4.0,leaf:iOS_12_4.0,leaf:iOS_12_3.0|leaf:iOS_12_4.0
10100,fam:iOS,fam:iOS,fam:iOS,maj:iOS_12,maj:iOS_12,maj:iOS_12,leaf:iOS_12_4.0,leaf:iOS_12_4.0,leaf:iOS_12_3.0|leaf:iOS_12_4.0
10106,fam:iOS,fam:iOS,fam:iOS,maj:iOS_12,maj:iOS_12,maj:iOS_12,leaf:iOS_12_4.0,leaf:iOS_12_4.0,leaf:iOS_12_3.0|leaf:iOS_12_4.0
10109,fam:iOS,fam:iOS,fam:iOS,maj:iOS_12,maj:iOS_12,maj:iOS_12,leaf:iOS_12_4.0,leaf:iOS_12_4.0,leaf:iOS_12_4.0
10110,fam:iOS,fam:iOS,fam:iOS,maj:iOS_12,maj:iOS_12,maj:iOS_12,leaf:iOS_12_4.0,leaf:iOS_12_4.0,leaf:iOS_12_3.0|leaf:iOS_12_4.0
10111,fam:iOS,fam:iOS,fam:iOS,maj:iOS_12,maj:iOS_12,maj:iOS_12,leaf:iOS_12_4.0,leaf:iOS_12_4.0,leaf:iOS_12_4.0
10112,fam:iOS,fam:iOS,fam:iOS,maj:iOS_12,maj:iOS_12,maj:iOS_12,leaf:iOS_12_4.0,leaf:iOS_12_4.0,leaf:iOS_12_3.0|leaf:iOS_12_4.0
10113,fam:iOS,fam:iOS,fam:iOS,maj:iOS_12,maj:iOS_12,maj:iOS_12,leaf:iOS_12_4.0,leaf:iOS_12_4.0,leaf:iOS_12_3.0|leaf:iOS_12_4.0
10114,fam:iOS,fam:iOS,fam:iOS,maj:iOS_12,maj:iOS_12,maj:iOS_12,leaf:iOS_12_4.0,leaf:iOS_12_4.0,leaf:iOS_12_3.0|leaf:iOS_12_4.0
10115,fam:iOS,fam:iOS,fam:iOS,maj:iOS_12,maj:iOS_12,maj:iOS_12,leaf:iOS_12_4.0,leaf:iOS_12_4.0,leaf:iOS_12_3.0|leaf:iOS_12_4.0
10116,fam:iOS,fam:iOS,fam:iOS,maj:iOS_12,maj:iOS_12,maj:iOS_12,leaf:iOS_12_4.0,leaf:iOS_12_4.0,leaf:iOS_12_4.0
10118,fam:iOS,fam:iOS,fam:iOS,maj:iOS_12,maj:iOS_12,maj:iOS_12,leaf:iOS_12_4.0,leaf:iOS_12_4.0,leaf:iOS_12_3.0|leaf:iOS_12_4.0
10120,fam:iOS,fam:iOS,fam:iOS,maj:iOS_12,maj:iOS_12,maj:iOS_12,leaf:iOS_12_4.0,leaf:iOS_12_4.0,leaf:iOS_12_4.0
10122,fam:iOS,fam:iOS,fam:iOS,maj:iOS_12,maj:iOS_12,maj:iOS_12,leaf:iOS_12_4.0,leaf:iOS_12_4.0,leaf:iOS_12_3.0|leaf:iOS_12_4.0
10123,fam:iOS,fam:iOS,fam:iOS,maj:iOS_12,maj:iOS_12,maj:iOS_12,leaf:iOS_12_4.0,leaf:iOS_12_4.0,leaf:iOS_12_4.0
10128,fam:iOS,fam:iOS,fam:iOS,maj:iOS_12,maj:iOS_12,maj:iOS_12|maj:macOS_10,leaf:iOS_12_4.0,leaf:iOS_12_4.0,leaf:iOS_12_3.0|leaf:iOS_12_4.0
10129,fam:iOS,fam:iOS,fam:iOS,maj:iOS_12,maj:iOS_12,maj:iOS_12,leaf:iOS_12_4.0,leaf:iOS_12_4.0,leaf:iOS_12_4.0
10130,fam:iOS,fam:iOS,fam:iOS,maj:iOS_12,maj:iOS_12,maj:iOS_12,leaf:iOS_12_4.0,leaf:iOS_12_4.0,leaf:iOS_12_3.0|leaf:iOS_12_4.0
10132,fam:iOS,fam:iOS,fam:iOS,maj:iOS_12,maj:iOS_12,maj:iOS_12,leaf:iOS_12_4.0,leaf:iOS_12_4.0,leaf:iOS_12_3.0|leaf:iOS_12_4.0
10135,fam:iOS,fam:iOS,fam:iOS,maj:iOS_12,maj:iOS_12,maj:iOS_12,leaf:iOS_12_4.0,leaf:iOS_12_4.0,leaf:iOS_12_4.0
10138,fam:iOS,fam:iOS,fam:iOS,maj:iOS_12,maj:iOS_12,maj:iOS_12,leaf:iOS_12_4.0,leaf:iOS_12_4.0,leaf:iOS_12_3.0|leaf:iOS_12_4.0
10141,fam:iOS,fam:iOS,fam:iOS,maj:iOS_12,maj:iOS_12,maj:iOS_12,leaf:iOS_12_4.0,leaf:iOS_12_4.0,leaf:iOS_12_3.0|leaf:iOS_12_4.0
10143,fam:iOS,fam:iOS,fam:iOS,maj:iOS_12,maj:iOS_12,maj:iOS_12,leaf:iOS_12_4.0,leaf:iOS_12_4.0,leaf:iOS_12_3.0|leaf:iOS_12_4.0
10145,fam:iOS,fam:iOS,fam:iOS,maj:iOS_12,maj:iOS_12,maj:iOS_12,leaf:iOS_12_4.0,leaf:iOS_12_4.0,leaf:iOS_12_3.0|leaf:iOS_12_4.0
10146,fam:iOS,fam:iOS,fam:iOS,maj:iOS_12,maj:iOS_12,maj:iOS_12,leaf:iOS_12_4.0,leaf:iOS_12_4.0,leaf:iOS_12_3.0|leaf:iOS_12_4.0
10149,fam:iOS,fam:macOS,fam:macOS,maj:iOS_12,maj:macOS_10,maj:macOS_10,leaf:iOS_12_OTHER,leaf:macOS_10_14.0,leaf:macOS_10_14.0
10151,fam:iOS,fam:iOS,fam:iOS,maj:iOS_13,maj:iOS_13,maj:iOS_13,leaf:iOS_13_1.0,leaf:iOS_13_5.0,leaf:iOS_13_4.0|leaf:iOS_13_5.0
10152,fam:iOS,fam:iOS,fam:iOS,maj:iOS_13,maj:iOS_13,maj:iOS_13,leaf:iOS_13_1.0,leaf:iOS_13_4.0,leaf:iOS_13_3.0|leaf:iOS_13_4.0|leaf:iOS_13_5.0
10153,fam:iOS,fam:iOS,fam:iOS,maj:iOS_13,maj:iOS_13,maj:iOS_13,leaf:iOS_13_1.0,leaf:iOS_13_4.0,leaf:iOS_13_4.0|leaf:iOS_13_5.0
10155,fam:iOS,fam:iOS,fam:iOS,maj:iOS_13,maj:iOS_13,maj:iOS_13,leaf:iOS_13_1.0,leaf:iOS_13_4.0,leaf:iOS_13_4.0|leaf:iOS_13_5.0
10156,fam:iOS,fam:iOS,fam:iOS,maj:iOS_13,maj:iOS_13,maj:iOS_13,leaf:iOS_13_1.0,leaf:iOS_13_3.0,leaf:iOS_13_3.0|leaf:iOS_13_4.0|leaf:iOS_13_5.0
10160,fam:iOS,fam:iOS,fam:iOS,maj:iOS_13,maj:iOS_13,maj:iOS_13,leaf:iOS_13_1.0,leaf:iOS_13_4.0,leaf:iOS_13_3.0|leaf:iOS_13_4.0|leaf:iOS_13_5.0
10161,fam:iOS,fam:iOS,fam:iOS,maj:iOS_13,maj:iOS_13,maj:iOS_13,leaf:iOS_13_1.0,leaf:iOS_13_4.0,leaf:iOS_13_3.0|leaf:iOS_13_4.0|leaf:iOS_13_5.0
10166,fam:iOS,fam:iOS,fam:iOS,maj:iOS_13,maj:iOS_13,maj:iOS_13,leaf:iOS_13_1.0,leaf:iOS_13_5.0,leaf:iOS_13_4.0|leaf:iOS_13_5.0
10167,fam:iOS,fam:iOS,,maj:iOS_13,maj:iOS_13,maj:iOS_13,leaf:iOS_13_1.0,leaf:macOS_10_11.0,leaf:iOS_13_3.0|leaf:iOS_13_4.0|leaf:iOS_13_5.0|leaf:macOS_10_11.0
10169,fam:iOS,fam:iOS,fam:iOS,maj:iOS_13,maj:iOS_13,maj:iOS_13,leaf:iOS_13_2.0,leaf:iOS_13_4.0,leaf:iOS_13_4.0|leaf:iOS_13_5.0
10175,fam:iOS,fam:iOS,fam:iOS,maj:iOS_13,maj:iOS_13,maj:iOS_13,leaf:iOS_13_2.0,leaf:iOS_13_4.0,leaf:iOS_13_3.0|leaf:iOS_13_4.0|leaf:iOS_13_5.0
10176,fam:iOS,fam:iOS,fam:iOS,maj:iOS_13,maj:iOS_13,maj:iOS_13,leaf:iOS_13_2.0,leaf:iOS_13_4.0,leaf:iOS_13_3.0|leaf:iOS_13_4.0|leaf:iOS_13_5.0
10178,fam:iOS,fam:iOS,fam:iOS,maj:iOS_13,maj:iOS_13,maj:iOS_13,leaf:iOS_13_2.0,leaf:iOS_13_5.0,leaf:iOS_13_2.0|leaf:iOS_13_4.0|leaf:iOS_13_5.0
10179,fam:iOS,fam:iOS,fam:iOS,maj:iOS_13,maj:iOS_13,maj:iOS_13,leaf:iOS_13_2.0,leaf:iOS_13_5.0,leaf:iOS_13_2.0|leaf:iOS_13_4.0|leaf:iOS_13_5.0
10180,fam:iOS,fam:iOS,fam:iOS,maj:iOS_13,maj:iOS_13,maj:iOS_13,leaf:iOS_13_2.0,leaf:iOS_13_4.0,leaf:iOS_13_4.0|leaf:iOS_13_5.0
10182,fam:iOS,fam:iOS,,maj:iOS_13,maj:macOS_10,maj:macOS_10,leaf:iOS_13_3.0,leaf:iOS_13_3.0,leaf:iOS_13_3.0
10186,fam:iOS,fam:iOS,fam:iOS,maj:iOS_13,maj:iOS_13,maj:iOS_13,leaf:iOS_13_3.0,leaf:iOS_13_4.0,leaf:iOS_13_3.0|leaf:iOS_13_4.0|leaf:iOS_13_5.0
10188,fam:iOS,fam:iOS,fam:iOS,maj:iOS_13,maj:iOS_13,maj:iOS_13,leaf:iOS_13_3.0,leaf:iOS_13_4.0,leaf:iOS_13_3.0|leaf:iOS_13_4.0|leaf:iOS_13_5.0
10189,fam:iOS,fam:iOS,fam:iOS,maj:iOS_13,maj:iOS_13,maj:iOS_13,leaf:iOS_13_3.0,leaf:iOS_13_4.0,leaf:iOS_13_4.0|leaf:iOS_13_5.0
10194,fam:iOS,fam:iOS,fam:iOS,maj:iOS_13,maj:iOS_13,maj:iOS_13,leaf:iOS_13_3.0,leaf:iOS_13_4.0,leaf:iOS_13_3.0|leaf:iOS_13_4.0|leaf:iOS_13_5.0
10195,fam:iOS,fam:macOS,,maj:iOS_13,maj:macOS_10,maj:iOS_13|maj:macOS_10,leaf:iOS_13_3.0,leaf:iOS_13_3.0,leaf:iOS_13_3.0|leaf:iOS_13_5.0
10197,fam:iOS,fam:iOS,fam:iOS,maj:iOS_13,maj:iOS_13,maj:iOS_13,leaf:iOS_13_3.0,leaf:iOS_13_3.0,leaf:iOS_13_3.0|leaf:iOS_13_4.0|leaf:iOS_13_5.0
10200,fam:iOS,fam:iOS,fam:iOS,maj:iOS_13,maj:iOS_13,maj:iOS_13,leaf:iOS_13_3.0,leaf:iOS_13_4.0,leaf:iOS_13_3.0|leaf:iOS_13_4.0|leaf:iOS_13_5.0
10202,fam:iOS,fam:iOS,fam:iOS,maj:iOS_13,maj:iOS_13,maj:iOS_13,leaf:iOS_13_3.0,leaf:iOS_13_4.0,leaf:iOS_13_3.0|leaf:iOS_13_4.0|leaf:iOS_13_5.0
10203,fam:iOS,fam:iOS,fam:iOS,maj:iOS_13,maj:iOS_13,maj:iOS_13,leaf:iOS_13_3.0,leaf:iOS_13_4.0,leaf:iOS_13_4.0
10204,fam:iOS,fam:iOS,fam:iOS,maj:iOS_13,maj:iOS_13,maj:iOS_13,leaf:iOS_13_3.0,leaf:iOS_13_4.0,leaf:iOS_13_3.0|leaf:iOS_13_4.0|leaf:iOS_13_5.0
10206,fam:iOS,fam:iOS,,maj:iOS_13,maj:iOS_13,maj:iOS_13|maj:macOS_10,leaf:iOS_13_3.0,leaf:iOS_13_5.0,leaf:iOS_13_3.0|leaf:iOS_13_4.0|leaf:iOS_13_5.0|leaf:macOS_10_11.0
10208,fam:iOS,fam:iOS,fam:iOS,maj:iOS_13,maj:iOS_13,maj:iOS_13,leaf:iOS_13_3.0,leaf:iOS_13_4.0,leaf:iOS_13_3.0|leaf:iOS_13_4.0|leaf:iOS_13_5.0
10209,fam:iOS,fam:iOS,,maj:iOS_13,maj:iOS_13,maj:iOS_13|maj:macOS_10,leaf:iOS_13_3.0,leaf:macOS_10_11.0,leaf:iOS_13_3.0|leaf:iOS_13_4.0|leaf:iOS_13_5.0|leaf:macOS_10_11.0
10211,fam:iOS,fam:iOS,fam:iOS,maj:iOS_13,maj:iOS_13,maj:iOS_13,leaf:iOS_13_3.0,leaf:iOS_13_4.0,leaf:iOS_13_3.0|leaf:iOS_13_4.0|leaf:iOS_13_5.0
10215,fam:iOS,fam:iOS,fam:iOS,maj:iOS_13,maj:iOS_13,maj:iOS_13,leaf:iOS_13_3.0,leaf:iOS_13_4.0,leaf:iOS_13_3.0|leaf:iOS_13_4.0|leaf:iOS_13_5.0|leaf:macOS_10_11.0
10216,fam:iOS,fam:iOS,fam:iOS,maj:iOS_13,maj:iOS_13,maj:iOS_13,leaf:iOS_13_3.0,leaf:iOS_13_4.0,leaf:iOS_13_3.0|leaf:iOS_13_4.0|leaf:iOS_13_5.0
10220,fam:iOS,fam:iOS,fam:iOS,maj:iOS_13,maj:iOS_13,maj:iOS_13,leaf:iOS_13_3.0,leaf:iOS_13_5.0,leaf:iOS_13_4.0|leaf:iOS_13_5.0
10221,fam:iOS,fam:iOS,fam:iOS,maj:iOS_13,maj:iOS_13,maj:iOS_13|maj:macOS_10,leaf:iOS_13_3.0,leaf:iOS_13_5.0,leaf:iOS_13_3.0|leaf:iOS_13_5.0
10226,fam:iOS,fam:iOS,fam:iOS,maj:iOS_13,maj:iOS_13,maj:iOS_13,leaf:iOS_13_3.0,leaf:iOS_13_5.0,leaf:iOS_13_2.0|leaf:iOS_13_4.0|leaf:iOS_13_5.0
10227,fam:iOS,fam:iOS,fam:iOS,maj:iOS_13,maj:iOS_13,maj:iOS_13,leaf:iOS_13_3.0,leaf:iOS_13_4.0,leaf:iOS_13_3.0|leaf:iOS_13_4.0|leaf:iOS_13_5.0
10228,fam:iOS,fam:iOS,fam:iOS,maj:iOS_13,maj:iOS_13,maj:iOS_13,leaf:iOS_13_3.0,leaf:iOS_13_4.0,leaf:iOS_13_3.0|leaf:iOS_13_4.0|leaf:iOS_13_5.0
10229,fam:iOS,fam:iOS,fam:iOS,maj:iOS_13,maj:iOS_13,maj:iOS_13,leaf:iOS_13_3.0,leaf:iOS_13_5.0,leaf:iOS_13_2.0|leaf:iOS_13_4.0|leaf:iOS_13_5.0
10234,fam:iOS,fam:iOS,fam:iOS,maj:iOS_13,maj:iOS_13,maj:iOS_13,leaf:iOS_13_3.0,leaf:iOS_13_4.0,leaf:iOS_13_3.0|leaf:iOS_13_4.0|leaf:iOS_13_5.0
10235,fam:iOS,fam:iOS,fam:iOS,maj:iOS_13,maj:iOS_13,maj:iOS_13,leaf:iOS_13_3.0,leaf:iOS_13_3.0,leaf:iOS_13_3.0|leaf:iOS_13_5.0
10237,fam:iOS,fam:iOS,fam:iOS,maj:iOS_13,maj:iOS_13,maj:iOS_13,leaf:iOS_13_3.0,leaf:iOS_13_4.0,leaf:iOS_13_3.0|leaf:iOS_13_4.0|leaf:iOS_13_5.0
10240,fam:iOS,fam:iOS,fam:iOS,maj:iOS_13,maj:iOS_13,maj:iOS_13,leaf:iOS_13_3.0,leaf:iOS_13_4.0,leaf:iOS_13_4.0
10242,fam:iOS,fam:iOS,fam:iOS,maj:iOS_13,maj:iOS_13,maj:iOS_13,leaf:iOS_13_3.0,leaf:iOS_13_4.0,leaf:iOS_13_4.0|leaf:iOS_13_5.0
10246,fam:iOS,fam:iOS,fam:iOS,maj:iOS_13,maj:iOS_13,maj:iOS_13,leaf:iOS_13_3.0,leaf:iOS_13_4.0,leaf:iOS_13_3.0|leaf:iOS_13_4.0|leaf:iOS_13_5.0
10247,fam:iOS,fam:iOS,fam:iOS,maj:iOS_13,maj:iOS_13,maj:iOS_13,leaf:iOS_13_3.0,leaf:iOS_13_3.0,leaf:iOS_13_3.0|leaf:iOS_13_5.0
10249,fam:iOS,fam:iOS,fam:iOS,maj:iOS_13,maj:iOS_13,maj:iOS_13,leaf:iOS_13_3.0,leaf:iOS_13_4.0,leaf:iOS_13_3.0|leaf:iOS_13_4.0|leaf:iOS_13_5.0
10250,fam:iOS,fam:iOS,fam:iOS,maj:iOS_13,maj:iOS_13,maj:iOS_13,leaf:iOS_13_3.0,leaf:iOS_13_4.0,leaf:iOS_13_3.0|leaf:iOS_13_4.0|leaf:iOS_13_5.0
10251,fam:iOS,fam:iOS,fam:iOS,maj:iOS_13,maj:iOS_13,maj:iOS_13,leaf:iOS_13_3.0,leaf:iOS_13_4.0,leaf:iOS_13_3.0|leaf:iOS_13_4.0|leaf:iOS_13_5.0
10252,fam:iOS,fam:iOS,fam:iOS,maj:iOS_13,maj:iOS_13,maj:iOS_13,leaf:iOS_13_3.0,leaf:iOS_13_4.0,leaf:iOS_13_3.0|leaf:iOS_13_4.0|leaf:iOS_13_5.0
10253,fam:iOS,fam:iOS,fam:iOS,maj:iOS_13,maj:iOS_13,maj:iOS_13,leaf:iOS_13_3.0,leaf:iOS_13_4.0,leaf:iOS_13_3.0|leaf:iOS_13_4.0|leaf:iOS_13_5.0
10254,fam:iOS,fam:iOS,fam:iOS,maj:iOS_13,maj:iOS_13,maj:iOS_13,leaf:iOS_13_3.0,leaf:iOS_13_4.0,leaf:iOS_13_3.0|leaf:iOS_13_4.0|leaf:iOS_13_5.0
10257,fam:iOS,fam:iOS,fam:iOS,maj:iOS_13,maj:iOS_13,maj:iOS_13,leaf:iOS_13_3.0,leaf:iOS_13_4.0,leaf:iOS_13_3.0|leaf:iOS_13_4.0|leaf:iOS_13_5.0
10259,fam:iOS,fam:iOS,fam:iOS,maj:iOS_13,maj:iOS_13,maj:iOS_13,leaf:iOS_13_3.0,leaf:iOS_13_4.0,leaf:iOS_13_4.0|leaf:iOS_13_5.0
10260,fam:iOS,fam:iOS,fam:iOS,maj:iOS_13,maj:iOS_13,maj:iOS_13,leaf:iOS_13_3.0,leaf:iOS_13_4.0,leaf:iOS_13_3.0|leaf:iOS_13_4.0|leaf:iOS_13_5.0
10261,fam:iOS,fam:iOS,fam:iOS,maj:iOS_13,maj:iOS_13,maj:iOS_13,leaf:iOS_13_3.0,leaf:iOS_13_4.0,leaf:iOS_13_3.0|leaf:iOS_13_4.0|leaf:iOS_13_5.0
10262,fam:iOS,fam:iOS,fam:iOS,maj:iOS_13,maj:iOS_13,maj:iOS_13,leaf:iOS_13_3.0,leaf:iOS_13_4.0,leaf:iOS_13_3.0|leaf:iOS_13_4.0|leaf:iOS_13_5.0
10265,fam:iOS,fam:iOS,fam:iOS,maj:iOS_13,maj:iOS_13,maj:iOS_13,leaf:iOS_13_3.0,leaf:iOS_13_5.0,leaf:iOS_13_3.0|leaf:iOS_13_4.0|leaf:iOS_13_5.0
10267,fam:iOS,fam:iOS,fam:iOS,maj:iOS_13,maj:iOS_13,maj:iOS_13,leaf:iOS_13_3.0,leaf:iOS_13_4.0,leaf:iOS_13_3.0|leaf:iOS_13_4.0|leaf:iOS_13_5.0
10270,fam:iOS,fam:iOS,fam:iOS,maj:iOS_13,maj:iOS_13,maj:iOS_13,leaf:iOS_13_3.0,leaf:iOS_13_4.0,leaf:iOS_13_3.0|leaf:iOS_13_4.0|leaf:iOS_13_5.0
10271,fam:iOS,fam:iOS,fam:iOS,maj:iOS_13,maj:iOS_13,maj:iOS_13,leaf:iOS_13_3.0,leaf:iOS_13_4.0,leaf:iOS_13_3.0|leaf:iOS_13_4.0|leaf:iOS_13_5.0
10272,fam:iOS,fam:iOS,fam:iOS,maj:iOS_13,maj:iOS_13,maj:iOS_13,leaf:iOS_13_3.0,leaf:iOS_13_4.0,leaf:iOS_13_3.0|leaf:iOS_13_4.0|leaf:iOS_13_5.0
10273,fam:iOS,fam:iOS,fam:iOS,maj:iOS_13,maj:iOS_13,maj:iOS_13,leaf:iOS_13_3.0,leaf:iOS_13_4.0,leaf:iOS_13_3.0|leaf:iOS_13_4.0|leaf:iOS_13_5.0
10277,fam:iOS,fam:iOS,fam:iOS,maj:iOS_13,maj:iOS_13,maj:iOS_13,leaf:iOS_13_3.0,leaf:iOS_13_4.0,leaf:iOS_13_3.0|leaf:iOS_13_4.0|leaf:iOS_13_5.0
10279,fam:iOS,fam:iOS,fam:iOS,maj:iOS_13,maj:iOS_13,maj:iOS_13,leaf:iOS_13_3.0,leaf:iOS_13_4.0,leaf:iOS_13_3.0|leaf:iOS_13_4.0|leaf:iOS_13_5.0
10282,fam:iOS,fam:iOS,fam:iOS,maj:iOS_13,maj:iOS_13,maj:iOS_13,leaf:iOS_13_3.0,leaf:iOS_13_4.0,leaf:iOS_13_3.0|leaf:iOS_13_4.0|leaf:iOS_13_5.0
10285,fam:iOS,fam:iOS,fam:iOS,maj:iOS_13,maj:iOS_13,maj:iOS_13,leaf:iOS_13_3.0,leaf:iOS_13_3.0,leaf:iOS_13_3.0|leaf:iOS_13_4.0|leaf:iOS_13_5.0
10286,fam:iOS,fam:iOS,fam:iOS,maj:iOS_13,maj:iOS_13,maj:iOS_13,leaf:iOS_13_3.0,leaf:iOS_13_4.0,leaf:iOS_13_3.0|leaf:iOS_13_4.0|leaf:iOS_13_5.0
10287,fam:iOS,fam:iOS,fam:iOS,maj:iOS_13,maj:iOS_13,maj:iOS_13,leaf:iOS_13_3.0,leaf:iOS_13_5.0,leaf:iOS_13_2.0|leaf:iOS_13_4.0|leaf:iOS_13_5.0
10289,fam:iOS,fam:iOS,fam:iOS,maj:iOS_13,maj:iOS_13,maj:iOS_13,leaf:iOS_13_3.0,leaf:iOS_13_4.0,leaf:iOS_13_3.0|leaf:iOS_13_4.0|leaf:iOS_13_5.0
10291,fam:iOS,fam:iOS,fam:iOS,maj:iOS_13,maj:iOS_13,maj:iOS_13,leaf:iOS_13_3.0,leaf:iOS_13_3.0,leaf:iOS_13_3.0|leaf:iOS_13_5.0
10297,fam:iOS,fam:iOS,fam:iOS,maj:iOS_13,maj:iOS_13,maj:iOS_13,leaf:iOS_13_3.0,leaf:iOS_13_4.0,leaf:iOS_13_3.0|leaf:iOS_13_4.0|leaf:iOS_13_5.0
10299,fam:iOS,fam:iOS,fam:iOS,maj:iOS_13,maj:iOS_13,maj:iOS_13,leaf:iOS_13_3.0,leaf:iOS_13_4.0,leaf:iOS_13_3.0|leaf:iOS_13_4.0|leaf:iOS_13_5.0
10300,fam:iOS,fam:iOS,fam:iOS,maj:iOS_13,maj:iOS_13,maj:iOS_13,leaf:iOS_13_3.0,leaf:iOS_13_4.0,leaf:iOS_13_3.0|leaf:iOS_13_4.0|leaf:iOS_13_5.0
10301,fam:iOS,fam:iOS,fam:iOS,maj:iOS_13,maj:iOS_13,maj:iOS_13,leaf:iOS_13_3.0,leaf:iOS_13_4.0,leaf:iOS_13_3.0|leaf:iOS_13_4.0|leaf:iOS_13_5.0
10302,fam:iOS,fam:iOS,fam:iOS,maj:iOS_13,maj:iOS_13,maj:iOS_13,leaf:iOS_13_3.0,leaf:iOS_13_4.0,leaf:iOS_13_3.0|leaf:iOS_13_4.0|leaf:iOS_13_5.0
10305,fam:iOS,fam:iOS,fam:iOS,maj:iOS_13,maj:iOS_13,maj:iOS_13,leaf:iOS_13_3.0,leaf:iOS_13_4.0,leaf:iOS_13_3.0|leaf:iOS_13_4.0|leaf:iOS_13_5.0
10306,fam:iOS,fam:iOS,fam:iOS,maj:iOS_13,maj:iOS_13,maj:iOS_13,leaf:iOS_13_3.0,leaf:iOS_13_4.0,leaf:iOS_13_3.0|leaf:iOS_13_4.0|leaf:iOS_13_5.0
10307,fam:iOS,fam:iOS,fam:iOS,maj:iOS_13,maj:iOS_13,maj:iOS_13,leaf:iOS_13_3.0,leaf:iOS_13_3.0,leaf:iOS_13_3.0|leaf:iOS_13_5.0
10308,fam:iOS,fam:iOS,fam:iOS,maj:iOS_13,maj:iOS_13,maj:iOS_13,leaf:iOS_13_3.0,leaf:iOS_13_4.0,leaf:iOS_13_3.0|leaf:iOS_13_4.0|leaf:iOS_13_5.0
10310,fam:iOS,fam:iOS,fam:iOS,maj:iOS_13,maj:iOS_13,maj:iOS_13,leaf:iOS_13_3.0,leaf:iOS_13_4.0,leaf:iOS_13_3.0|leaf:iOS_13_4.0|leaf:iOS_13_5.0
10311,fam:iOS,fam:iOS,fam:iOS,maj:iOS_13,maj:iOS_13,maj:iOS_13,leaf:iOS_13_4.0,leaf:iOS_13_4.0,leaf:iOS_13_4.0|leaf:iOS_13_5.0
10314,fam:iOS,fam:iOS,fam:iOS,maj:iOS_13,maj:iOS_13,maj:iOS_13,leaf:iOS_13_4.0,leaf:iOS_13_4.0,leaf:iOS_13_4.0
10315,fam:iOS,fam:iOS,fam:iOS,maj:iOS_13,maj:iOS_13,maj:iOS_13,leaf:iOS_13_4.0,leaf:iOS_13_5.0,leaf:iOS_13_2.0|leaf:iOS_13_4.0|leaf:iOS_13_5.0
10316,fam:iOS,fam:iOS,fam:iOS,maj:iOS_13,maj:iOS_13,maj:iOS_13,leaf:iOS_13_4.0,leaf:iOS_13_4.0,leaf:iOS_13_4.0|leaf:iOS_13_5.0
10317,fam:iOS,fam:iOS,fam:iOS,maj:iOS_13,maj:iOS_13,maj:iOS_13,leaf:iOS_13_4.0,leaf:iOS_13_4.0,leaf:iOS_13_3.0|leaf:iOS_13_4.0|leaf:iOS_13_5.0
10318,fam:iOS,fam:iOS,fam:iOS,maj:iOS_13,maj:iOS_13,maj:iOS_13,leaf:iOS_13_4.0,leaf:iOS_13_3.0,leaf:iOS_13_3.0|leaf:iOS_13_4.0|leaf:iOS_13_5.0
10321,fam:iOS,fam:iOS,fam:iOS,maj:iOS_13,maj:iOS_13,maj:iOS_13,leaf:iOS_13_4.0,leaf:iOS_13_4.0,leaf:iOS_13_3.0|leaf:iOS_13_4.0|leaf:iOS_13_5.0
10322,fam:iOS,fam:iOS,fam:iOS,maj:iOS_13,maj:iOS_13,maj:iOS_13,leaf:iOS_13_4.0,leaf:iOS_13_4.0,leaf:iOS_13_3.0|leaf:iOS_13_4.0|leaf:iOS_13_5.0
10325,fam:iOS,fam:iOS,fam:iOS,maj:iOS_13,maj:iOS_13,maj:iOS_13,leaf:iOS_13_4.0,leaf:iOS_13_4.0,leaf:iOS_13_4.0
10326,fam:iOS,fam:iOS,fam:iOS,maj:iOS_13,maj:iOS_13,maj:iOS_13,leaf:iOS_13_4.0,leaf:iOS_13_4.0,leaf:iOS_13_3.0|leaf:iOS_13_4.0
10327,fam:iOS,fam:iOS,fam:iOS,maj:iOS_13,maj:iOS_13,maj:iOS_13,leaf:iOS_13_4.0,leaf:iOS_13_4.0,leaf:iOS_13_3.0|leaf:iOS_13_4.0|leaf:iOS_13_5.0
10331,fam:iOS,fam:iOS,fam:iOS,maj:iOS_13,maj:iOS_13,maj:iOS_13,leaf:iOS_13_4.0,leaf:iOS_13_4.0,leaf:iOS_13_4.0|leaf:iOS_13_5.0
10338,fam:iOS,fam:iOS,,maj:iOS_13,maj:iOS_13,maj:iOS_13|maj:macOS_10,leaf:iOS_13_4.0,leaf:iOS_13_5.0,leaf:iOS_13_3.0|leaf:iOS_13_4.0|leaf:iOS_13_5.0|leaf:macOS_10_11.0
10342,fam:iOS,fam:iOS,fam:iOS,maj:iOS_13,maj:iOS_13,maj:iOS_13,leaf:iOS_13_4.0,leaf:iOS_13_3.0,leaf:iOS_13_3.0|leaf:iOS_13_4.0|leaf:iOS_13_5.0
10343,fam:iOS,fam:iOS,fam:iOS,maj:iOS_13,maj:iOS_13,maj:iOS_13,leaf:iOS_13_4.0,leaf:iOS_13_5.0,leaf:iOS_13_3.0|leaf:iOS_13_4.0|leaf:iOS_13_5.0
10345,fam:iOS,fam:iOS,fam:iOS,maj:iOS_13,maj:iOS_13,maj:iOS_13,leaf:iOS_13_4.0,leaf:iOS_13_4.0,leaf:iOS_13_3.0|leaf:iOS_13_4.0|leaf:iOS_13_5.0
10347,fam:iOS,fam:iOS,fam:iOS,maj:iOS_13,maj:iOS_13,maj:iOS_13,leaf:iOS_13_4.0,leaf:iOS_13_4.0,leaf:iOS_13_3.0|leaf:iOS_13_4.0|leaf:iOS_13_5.0|leaf:macOS_10_11.0
10348,fam:iOS,fam:iOS,fam:iOS,maj:iOS_13,maj:iOS_13,maj:iOS_13,leaf:iOS_13_4.0,leaf:iOS_13_4.0,leaf:iOS_13_3.0|leaf:iOS_13_4.0|leaf:iOS_13_5.0
10351,fam:iOS,fam:iOS,fam:iOS,maj:iOS_13,maj:iOS_13,maj:iOS_13,leaf:iOS_13_4.0,leaf:iOS_13_4.0,leaf:iOS_13_3.0|leaf:iOS_13_4.0
10352,fam:iOS,fam:iOS,fam:iOS,maj:iOS_13,maj:iOS_13,maj:iOS_13,leaf:iOS_13_4.0,leaf:iOS_13_4.0,leaf:iOS_13_3.0|leaf:iOS_13_4.0|leaf:iOS_13_5.0
10353,fam:iOS,fam:iOS,fam:iOS,maj:iOS_13,maj:iOS_13,maj:iOS_13,leaf:iOS_13_4.0,leaf:iOS_13_4.0,leaf:iOS_13_4.0
10357,fam:iOS,fam:iOS,fam:iOS,maj:iOS_13,maj:iOS_13,maj:iOS_13,leaf:iOS_13_4.0,leaf:iOS_13_4.0,leaf:iOS_13_3.0|leaf:iOS_13_4.0|leaf:iOS_13_5.0
10358,fam:iOS,fam:iOS,fam:iOS,maj:iOS_13,maj:iOS_13,maj:iOS_13,leaf:iOS_13_4.0,leaf:iOS_13_4.0,leaf:iOS_13_4.0|leaf:iOS_13_5.0
10359,fam:iOS,fam:iOS,fam:iOS,maj:iOS_13,maj:iOS_13,maj:iOS_13,leaf:iOS_13_4.0,leaf:iOS_13_4.0,leaf:iOS_13_3.0|leaf:iOS_13_4.0|leaf:iOS_13_5.0
10360,fam:iOS,fam:iOS,fam:iOS,maj:iOS_13,maj:iOS_13,maj:iOS_13,leaf:iOS_13_4.0,leaf:iOS_13_4.0,leaf:iOS_13_3.0|leaf:iOS_13_4.0|leaf:iOS_13_5.0
10363,fam:iOS,fam:iOS,fam:iOS,maj:iOS_13,maj:iOS_13,maj:iOS_13,leaf:iOS_13_4.0,leaf:iOS_13_4.0,leaf:iOS_13_3.0|leaf:iOS_13_4.0|leaf:iOS_13_5.0
10366,fam:iOS,fam:iOS,fam:iOS,maj:iOS_13,maj:iOS_13,maj:iOS_13,leaf:iOS_13_4.0,leaf:iOS_13_4.0,leaf:iOS_13_3.0|leaf:iOS_13_4.0|leaf:iOS_13_5.0
10367,fam:iOS,fam:iOS,fam:iOS,maj:iOS_13,maj:iOS_13,maj:iOS_13,leaf:iOS_13_4.0,leaf:iOS_13_3.0,leaf:iOS_13_3.0|leaf:iOS_13_4.0|leaf:iOS_13_5.0
10368,fam:iOS,fam:iOS,fam:iOS,maj:iOS_13,maj:iOS_13,maj:iOS_13,leaf:iOS_13_4.0,leaf:iOS_13_4.0,leaf:iOS_13_3.0|leaf:iOS_13_4.0|leaf:iOS_13_5.0
10370,fam:iOS,fam:iOS,fam:iOS,maj:iOS_13,maj:iOS_13,maj:iOS_13,leaf:iOS_13_4.0,leaf:iOS_13_4.0,leaf:iOS_13_4.0
10371,fam:iOS,fam:iOS,fam:iOS,maj:iOS_13,maj:iOS_13,maj:iOS_13,leaf:iOS_13_4.0,leaf:iOS_13_4.0,leaf:iOS_13_4.0|leaf:iOS_13_5.0
10373,fam:iOS,fam:iOS,,maj:iOS_13,maj:iOS_13,maj:iOS_13|maj:macOS_10,leaf:iOS_13_4.0,leaf:iOS_13_5.0,leaf:iOS_13_3.0|leaf:iOS_13_4.0|leaf:iOS_13_5.0
10378,fam:iOS,fam:iOS,fam:iOS,maj:iOS_13,maj:iOS_13,maj:iOS_13,leaf:iOS_13_4.0,leaf:iOS_13_4.0,leaf:iOS_13_3.0|leaf:iOS_13_4.0|leaf:iOS_13_5.0
10379,fam:iOS,fam:iOS,fam:iOS,maj:iOS_13,maj:iOS_13,maj:iOS_13,leaf:iOS_13_4.0,leaf:iOS_13_5.0,leaf:iOS_13_2.0|leaf:iOS_13_4.0|leaf:iOS_13_5.0
10380,fam:iOS,fam:iOS,fam:iOS,maj:iOS_13,maj:iOS_13,maj:iOS_13,leaf:iOS_13_4.0,leaf:iOS_13_4.0,leaf:iOS_13_3.0|leaf:iOS_13_4.0|leaf:iOS_13_5.0
10381,fam:iOS,fam:iOS,fam:iOS,maj:iOS_13,maj:iOS_13,maj:iOS_13,leaf:iOS_13_4.0,leaf:iOS_13_4.0,leaf:iOS_13_3.0|leaf:iOS_13_4.0|leaf:iOS_13_5.0
10383,fam:iOS,fam:iOS,fam:iOS,maj:iOS_13,maj:iOS_13,maj:iOS_13,leaf:iOS_13_4.0,leaf:iOS_13_4.0,leaf:iOS_13_3.0|leaf:iOS_13_4.0|leaf:iOS_13_5.0
10385,fam:iOS,fam:iOS,fam:iOS,maj:iOS_13,maj:iOS_13,maj:iOS_13,leaf:iOS_13_4.0,leaf:iOS_13_4.0,leaf:iOS_13_4.0
10386,fam:iOS,fam:iOS,fam:iOS,maj:iOS_13,maj:iOS_13,maj:iOS_13,leaf:iOS_13_4.0,leaf:iOS_13_4.0,leaf:iOS_13_3.0|leaf:iOS_13_4.0|leaf:iOS_13_5.0
10389,fam:iOS,fam:iOS,fam:iOS,maj:iOS_13,maj:iOS_13,maj:iOS_13,leaf:iOS_13_5.0,leaf:iOS_13_4.0,leaf:iOS_13_3.0|leaf:iOS_13_4.0|leaf:iOS_13_5.0
10391,fam:iOS,fam:iOS,fam:iOS,maj:iOS_13,maj:iOS_13,maj:iOS_13,leaf:iOS_13_5.0,leaf:iOS_13_4.0,leaf:iOS_13_3.0|leaf:iOS_13_4.0|leaf:iOS_13_5.0
10393,fam:iOS,fam:iOS,fam:iOS,maj:iOS_13,maj:iOS_13,maj:iOS_13,leaf:iOS_13_5.0,leaf:iOS_13_5.0,leaf:iOS_13_2.0|leaf:iOS_13_4.0|leaf:iOS_13_5.0
10396,fam:iOS,fam:iOS,fam:iOS,maj:iOS_13,maj:iOS_13,maj:iOS_13,leaf:iOS_13_5.0,leaf:iOS_13_4.0,leaf:iOS_13_3.0|leaf:iOS_13_4.0|leaf:iOS_13_5.0
10397,fam:iOS,fam:iOS,fam:iOS,maj:iOS_13,maj:iOS_13,maj:iOS_13,leaf:iOS_13_5.0,leaf:iOS_13_3.0,leaf:iOS_13_3.0|leaf:iOS_13_4.0|leaf:iOS_13_5.0
10398,fam:iOS,fam:iOS,fam:iOS,maj:iOS_13,maj:iOS_13,maj:iOS_13,leaf:iOS_13_5.0,leaf:iOS_13_4.0,leaf:iOS_13_4.0|leaf:iOS_13_5.0|leaf:macOS_10_11.0
10404,fam:iOS,fam:iOS,fam:iOS,maj:iOS_13,maj:iOS_13,maj:iOS_13,leaf:iOS_13_5.0,leaf:iOS_13_4.0,leaf:iOS_13_3.0|leaf:iOS_13_4.0|leaf:iOS_13_5.0
10405,fam:iOS,fam:iOS,fam:iOS,maj:iOS_13,maj:iOS_13,maj:iOS_13,leaf:iOS_13_5.0,leaf:iOS_13_5.0,leaf:iOS_13_2.0|leaf:iOS_13_4.0|leaf:iOS_13_5.0
10407,fam:iOS,fam:iOS,fam:iOS,maj:iOS_13,maj:iOS_13,maj:iOS_13,leaf:iOS_13_5.0,leaf:iOS_13_4.0,leaf:iOS_13_3.0|leaf:iOS_13_4.0|leaf:iOS_13_5.0
10408,fam:iOS,fam:iOS,fam:iOS,maj:iOS_13,maj:iOS_13,maj:iOS_13,leaf:iOS_13_5.0,leaf:iOS_13_4.0,leaf:iOS_13_3.0|leaf:iOS_13_4.0|leaf:iOS_13_5.0
10410,fam:iOS,fam:macOS,fam:macOS,maj:iOS_13,maj:macOS_10,maj:macOS_10,leaf:iOS_13_5.0,leaf:macOS_10_15.0,leaf:macOS_10_14.0|leaf:macOS_10_15.0
10413,fam:iOS,fam:iOS,fam:iOS,maj:iOS_13,maj:iOS_13,maj:iOS_13,leaf:iOS_13_5.0,leaf:iOS_13_4.0,leaf:iOS_13_4.0|leaf:iOS_13_5.0
10415,fam:iOS,fam:iOS,fam:iOS,maj:iOS_13,maj:iOS_13,maj:iOS_13,leaf:iOS_13_5.0,leaf:iOS_13_5.0,leaf:iOS_13_3.0|leaf:iOS_13_5.0
10417,fam:iOS,fam:iOS,fam:iOS,maj:iOS_13,maj:iOS_13,maj:iOS_13,leaf:iOS_13_5.0,leaf:iOS_13_3.0,leaf:iOS_13_3.0|leaf:iOS_13_4.0|leaf:iOS_13_5.0
10419,fam:iOS,fam:iOS,fam:iOS,maj:iOS_13,maj:iOS_13,maj:iOS_13,leaf:iOS_13_5.0,leaf:iOS_13_4.0,leaf:iOS_13_3.0|leaf:iOS_13_4.0|leaf:iOS_13_5.0
10422,fam:iOS,fam:iOS,fam:iOS,maj:iOS_13,maj:iOS_13,maj:iOS_13,leaf:iOS_13_5.0,leaf:iOS_13_5.0,leaf:iOS_13_4.0|leaf:iOS_13_5.0
10423,fam:iOS,fam:iOS,,maj:iOS_13,maj:iOS_13,maj:iOS_13|maj:macOS_10,leaf:iOS_13_5.0,leaf:iOS_13_5.0,leaf:iOS_13_3.0|leaf:iOS_13_4.0|leaf:iOS_13_5.0|leaf:macOS_10_11.0
10425,fam:iOS,fam:iOS,fam:iOS,maj:iOS_13,maj:iOS_13,maj:iOS_13,leaf:iOS_13_5.0,leaf:iOS_13_3.0,leaf:iOS_13_3.0|leaf:iOS_13_5.0
10428,fam:iOS,fam:iOS,fam:iOS,maj:iOS_13,maj:iOS_13,maj:iOS_13,leaf:iOS_13_5.0,leaf:iOS_13_4.0,leaf:iOS_13_4.0|leaf:iOS_13_5.0
10429,fam:iOS,fam:iOS,fam:iOS,maj:iOS_13,maj:iOS_13,maj:iOS_13,leaf:iOS_13_5.0,leaf:iOS_13_4.0,leaf:iOS_13_3.0|leaf:iOS_13_4.0|leaf:iOS_13_5.0
10432,fam:iOS,fam:Windows,fam:Windows,maj:iOS_13,maj:Windows_10,maj:Windows_10,leaf:iOS_13_5.0,leaf:Windows_10,leaf:Windows_10|leaf:Windows_7
10434,fam:iOS,fam:iOS,fam:iOS,maj:iOS_13,maj:iOS_13,maj:iOS_13,leaf:iOS_13_5.0,leaf:iOS_13_5.0,leaf:iOS_13_2.0|leaf:iOS_13_4.0|leaf:iOS_13_5.0
10436,fam:iOS,fam:iOS,fam:iOS,maj:iOS_13,maj:iOS_13,maj:iOS_13,leaf:iOS_13_5.0,leaf:iOS_13_4.0,leaf:iOS_13_3.0|leaf:iOS_13_4.0|leaf:iOS_13_5.0
10439,fam:iOS,fam:iOS,fam:iOS,maj:iOS_13,maj:iOS_13,maj:iOS_13,leaf:iOS_13_5.0,leaf:iOS_13_4.0,leaf:iOS_13_3.0|leaf:iOS_13_4.0|leaf:iOS_13_5.0
10441,fam:iOS,fam:iOS,fam:iOS,maj:iOS_13,maj:iOS_13,maj:iOS_13,leaf:iOS_13_5.0,leaf:iOS_13_3.0,leaf:iOS_13_3.0|leaf:iOS_13_4.0|leaf:iOS_13_5.0
10442,fam:iOS,fam:iOS,fam:iOS,maj:iOS_13,maj:iOS_13,maj:iOS_13,leaf:iOS_13_5.0,leaf:iOS_13_4.0,leaf:iOS_13_3.0|leaf:iOS_13_4.0|leaf:iOS_13_5.0
10443,fam:iOS,fam:iOS,fam:iOS,maj:iOS_13,maj:iOS_13,maj:iOS_13,leaf:iOS_13_5.0,leaf:iOS_13_3.0,leaf:iOS_13_3.0|leaf:iOS_13_5.0
10444,fam:iOS,fam:iOS,fam:iOS,maj:iOS_13,maj:iOS_13,maj:iOS_13,leaf:iOS_13_5.0,leaf:iOS_13_4.0,leaf:iOS_13_3.0|leaf:iOS_13_4.0|leaf:iOS_13_5.0
10447,fam:iOS,fam:iOS,fam:iOS,maj:iOS_13,maj:iOS_13,maj:iOS_13,leaf:iOS_13_5.0,leaf:iOS_13_4.0,leaf:iOS_13_3.0|leaf:iOS_13_4.0|leaf:iOS_13_5.0
10449,fam:iOS,fam:iOS,fam:iOS,maj:iOS_13,maj:iOS_13,maj:iOS_13,leaf:iOS_13_5.0,leaf:iOS_13_3.0,leaf:iOS_13_3.0|leaf:iOS_13_5.0
10450,fam:iOS,fam:iOS,fam:iOS,maj:iOS_13,maj:iOS_13,maj:iOS_13,leaf:iOS_13_5.0,leaf:iOS_13_4.0,leaf:iOS_13_4.0|leaf:iOS_13_5.0
10452,fam:iOS,fam:iOS,fam:iOS,maj:iOS_13,maj:iOS_13,maj:iOS_13,leaf:iOS_13_5.0,leaf:iOS_13_3.0,leaf:iOS_13_3.0|leaf:iOS_13_4.0|leaf:iOS_13_5.0
10453,fam:iOS,fam:iOS,fam:iOS,maj:iOS_13,maj:iOS_13,maj:iOS_13,leaf:iOS_13_5.0,leaf:iOS_13_4.0,leaf:iOS_13_3.0|leaf:iOS_13_4.0|leaf:iOS_13_5.0
10455,fam:iOS,fam:iOS,,maj:iOS_13,maj:iOS_13,maj:iOS_13|maj:macOS_10,leaf:iOS_13_5.0,leaf:iOS_13_5.0,leaf:iOS_13_3.0|leaf:iOS_13_4.0|leaf:iOS_13_5.0|leaf:macOS_10_11.0
10457,fam:iOS,fam:iOS,fam:iOS,maj:iOS_13,maj:iOS_13,maj:iOS_13,leaf:iOS_13_5.0,leaf:iOS_13_5.0,leaf:iOS_13_3.0|leaf:iOS_13_5.0
10459,fam:iOS,fam:iOS,fam:iOS,maj:iOS_13,maj:iOS_13,maj:iOS_13,leaf:iOS_13_5.0,leaf:iOS_13_5.0,leaf:iOS_13_3.0|leaf:iOS_13_4.0|leaf:iOS_13_5.0
10460,fam:iOS,fam:iOS,fam:iOS,maj:iOS_13,maj:iOS_13,maj:iOS_13,leaf:iOS_13_5.0,leaf:iOS_13_5.0,leaf:iOS_13_5.0
10462,fam:iOS,fam:iOS,fam:iOS,maj:iOS_13,maj:iOS_13,maj:iOS_13,leaf:iOS_13_5.0,leaf:iOS_13_4.0,leaf:iOS_13_3.0|leaf:iOS_13_4.0|leaf:iOS_13_5.0
10463,fam:iOS,fam:iOS,fam:iOS,maj:iOS_13,maj:iOS_13,maj:iOS_13,leaf:iOS_13_5.0,leaf:iOS_13_4.0,leaf:iOS_13_3.0|leaf:iOS_13_4.0|leaf:iOS_13_5.0
10464,fam:iOS,fam:iOS,fam:iOS,maj:iOS_13,maj:iOS_13,maj:iOS_13,leaf:iOS_13_5.0,leaf:iOS_13_5.0,leaf:iOS_13_5.0
10465,fam:iOS,fam:iOS,fam:iOS,maj:iOS_13,maj:iOS_13,maj:iOS_13,leaf:iOS_13_5.0,leaf:iOS_13_4.0,leaf:iOS_13_4.0|leaf:iOS_13_5.0
10469,fam:iOS,fam:iOS,fam:iOS,maj:iOS_13,maj:iOS_13,maj:iOS_13,leaf:iOS_13_5.0,leaf:iOS_13_4.0,leaf:iOS_13_3.0|leaf:iOS_13_4.0|leaf:iOS_13_5.0
10470,fam:iOS,fam:iOS,fam:iOS,maj:iOS_13,maj:iOS_13,maj:iOS_13,leaf:iOS_13_5.0,leaf:iOS_13_5.0,leaf:iOS_13_2.0|leaf:iOS_13_4.0|leaf:iOS_13_5.0
10472,fam:iOS,fam:iOS,fam:iOS,maj:iOS_13,maj:iOS_13,maj:iOS_13,leaf:iOS_13_5.0,leaf:iOS_13_4.0,leaf:iOS_13_3.0|leaf:iOS_13_4.0|leaf:iOS_13_5.0
10473,fam:iOS,fam:iOS,fam:iOS,maj:iOS_13,maj:iOS_13,maj:iOS_13,leaf:iOS_13_5.0,leaf:iOS_13_4.0,leaf:iOS_13_3.0|leaf:iOS_13_4.0|leaf:iOS_13_5.0
10474,fam:iOS,fam:iOS,fam:iOS,maj:iOS_13,maj:iOS_13,maj:iOS_13,leaf:iOS_13_5.0,leaf:iOS_13_4.0,leaf:iOS_13_4.0|leaf:iOS_13_5.0
10475,fam:iOS,fam:iOS,fam:iOS,maj:iOS_13,maj:iOS_13,maj:iOS_13,leaf:iOS_13_5.0,leaf:iOS_13_3.0,leaf:iOS_13_3.0|leaf:iOS_13_4.0|leaf:iOS_13_5.0
10476,fam:iOS,fam:iOS,fam:iOS,maj:iOS_13,maj:iOS_13,maj:iOS_13,leaf:iOS_13_5.0,leaf:iOS_13_4.0,leaf:iOS_13_3.0|leaf:iOS_13_4.0|leaf:iOS_13_5.0
10477,fam:iOS,fam:iOS,fam:iOS,maj:iOS_13,maj:iOS_13,maj:iOS_13,leaf:iOS_13_5.0,leaf:iOS_13_4.0,leaf:iOS_13_4.0|leaf:iOS_13_5.0
10478,fam:iOS,fam:iOS,fam:iOS,maj:iOS_13,maj:iOS_13,maj:iOS_13,leaf:iOS_13_5.0,leaf:iOS_13_5.0,leaf:iOS_13_2.0|leaf:iOS_13_4.0|leaf:iOS_13_5.0
10479,fam:iOS,fam:iOS,fam:iOS,maj:iOS_13,maj:iOS_13,maj:iOS_13,leaf:iOS_13_5.0,leaf:iOS_13_4.0,leaf:iOS_13_3.0|leaf:iOS_13_4.0|leaf:iOS_13_5.0
10480,fam:iOS,fam:iOS,fam:iOS,maj:iOS_13,maj:iOS_13,maj:iOS_13,leaf:iOS_13_5.0,leaf:iOS_13_4.0,leaf:iOS_13_3.0|leaf:iOS_13_4.0|leaf:iOS_13_5.0
10482,fam:iOS,fam:iOS,fam:iOS,maj:iOS_13,maj:iOS_13,maj:iOS_13,leaf:iOS_13_5.0,leaf:iOS_13_4.0,leaf:iOS_13_3.0|leaf:iOS_13_4.0|leaf:iOS_13_5.0
10483,fam:iOS,fam:iOS,fam:iOS,maj:iOS_13,maj:iOS_13,maj:iOS_13,leaf:iOS_13_5.0,leaf:iOS_13_4.0,leaf:iOS_13_3.0|leaf:iOS_13_4.0|leaf:iOS_13_5.0
10485,fam:iOS,fam:iOS,fam:iOS,maj:iOS_13,maj:iOS_13,maj:iOS_13,leaf:iOS_13_5.0,leaf:iOS_13_5.0,leaf:iOS_13_5.0
10486,fam:iOS,fam:iOS,fam:iOS,maj:iOS_13,maj:iOS_13,maj:iOS_13,leaf:iOS_13_5.0,leaf:iOS_13_3.0,leaf:iOS_13_3.0|leaf:iOS_13_4.0|leaf:iOS_13_5.0
10489,fam:iOS,fam:iOS,fam:iOS,maj:iOS_13,maj:iOS_13,maj:iOS_13,leaf:iOS_13_5.0,leaf:iOS_13_4.0,leaf:iOS_13_3.0|leaf:iOS_13_4.0|leaf:iOS_13_5.0
10490,fam:iOS,fam:iOS,fam:iOS,maj:iOS_13,maj:iOS_13,maj:iOS_13,leaf:iOS_13_5.0,leaf:iOS_13_5.0,leaf:iOS_13_3.0|leaf:iOS_13_4.0|leaf:iOS_13_5.0
10491,fam:iOS,fam:iOS,fam:iOS,maj:iOS_13,maj:iOS_13,maj:iOS_13,leaf:iOS_13_5.0,leaf:iOS_13_4.0,leaf:iOS_13_3.0|leaf:iOS_13_4.0|leaf:iOS_13_5.0
10492,fam:iOS,fam:iOS,fam:iOS,maj:iOS_13,maj:iOS_13,maj:iOS_13,leaf:iOS_13_5.0,leaf:iOS_13_4.0,leaf:iOS_13_3.0|leaf:iOS_13_4.0|leaf:iOS_13_5.0
10494,fam:iOS,fam:iOS,fam:iOS,maj:iOS_13,maj:iOS_13,maj:iOS_13,leaf:iOS_13_5.0,leaf:iOS_13_4.0,leaf:iOS_13_4.0|leaf:iOS_13_5.0|leaf:macOS_10_11.0
10499,fam:iOS,fam:iOS,fam:iOS,maj:iOS_13,maj:iOS_13,maj:iOS_13,leaf:iOS_13_5.0,leaf:iOS_13_4.0,leaf:iOS_13_3.0|leaf:iOS_13_4.0|leaf:iOS_13_5.0
10502,fam:iOS,fam:iOS,fam:iOS,maj:iOS_13,maj:iOS_13,maj:iOS_13,leaf:iOS_13_5.0,leaf:macOS_10_11.0,leaf:iOS_13_4.0|leaf:iOS_13_5.0|leaf:macOS_10_11.0
10504,fam:iOS,fam:iOS,fam:iOS,maj:iOS_13,maj:iOS_13,maj:iOS_13,leaf:iOS_13_5.0,leaf:iOS_13_4.0,leaf:iOS_13_4.0|leaf:iOS_13_5.0
10508,fam:iOS,fam:iOS,,maj:iOS_13,maj:iOS_13,maj:iOS_13,leaf:iOS_13_5.0,leaf:iOS_13_5.0,leaf:iOS_13_3.0|leaf:iOS_13_4.0|leaf:iOS_13_5.0|leaf:macOS_10_11.0
10509,fam:iOS,fam:iOS,fam:iOS,maj:iOS_13,maj:iOS_13,maj:iOS_13,leaf:iOS_13_5.0,leaf:iOS_13_5.0,leaf:iOS_13_2.0|leaf:iOS_13_4.0|leaf:iOS_13_5.0
10510,fam:iOS,fam:iOS,fam:iOS,maj:iOS_13,maj:iOS_13,maj:iOS_13,leaf:iOS_13_5.0,leaf:iOS_13_4.0,leaf:iOS_13_3.0|leaf:iOS_13_4.0|leaf:iOS_13_5.0
10511,fam:iOS,fam:iOS,fam:iOS,maj:iOS_13,maj:iOS_13,maj:iOS_13,leaf:iOS_13_5.0,leaf:iOS_13_4.0,leaf:iOS_13_3.0|leaf:iOS_13_4.0|leaf:iOS_13_5.0
10512,fam:iOS,fam:iOS,fam:iOS,maj:iOS_13,maj:iOS_13,maj:iOS_13,leaf:iOS_13_5.0,leaf:iOS_13_3.0,leaf:iOS_13_3.0|leaf:iOS_13_4.0|leaf:iOS_13_5.0
10513,fam:iOS,fam:Linux,fam:Linux,maj:iOS_13,maj:Linux_OTHER,maj:Linux_OTHER,leaf:iOS_13_5.0,leaf:Linux_OTHER,leaf:Linux_OTHER|leaf:Windows_10
10514,fam:iOS,fam:iOS,fam:iOS,maj:iOS_13,maj:iOS_13,maj:iOS_13,leaf:iOS_13_5.0,leaf:iOS_13_5.0,leaf:iOS_13_4.0|leaf:iOS_13_5.0
10515,fam:iOS,fam:iOS,fam:iOS,maj:iOS_13,maj:iOS_13,maj:iOS_13,leaf:iOS_13_5.0,leaf:iOS_13_4.0,leaf:iOS_13_3.0|leaf:iOS_13_4.0|leaf:iOS_13_5.0
10518,fam:iOS,fam:iOS,fam:iOS,maj:iOS_13,maj:iOS_13,maj:iOS_13,leaf:iOS_13_5.0,leaf:iOS_13_4.0,leaf:iOS_13_4.0|leaf:iOS_13_5.0
10520,fam:iOS,fam:iOS,fam:iOS,maj:iOS_13,maj:iOS_13,maj:iOS_13,leaf:iOS_13_5.0,leaf:iOS_13_5.0,leaf:iOS_13_3.0|leaf:iOS_13_5.0
10521,fam:iOS,fam:iOS,fam:iOS,maj:iOS_13,maj:iOS_13,maj:iOS_13,leaf:iOS_13_5.0,leaf:iOS_13_4.0,leaf:iOS_13_3.0|leaf:iOS_13_4.0|leaf:iOS_13_5.0
10522,fam:iOS,fam:iOS,fam:iOS,maj:iOS_13,maj:iOS_13,maj:iOS_13,leaf:iOS_13_5.0,leaf:iOS_13_4.0,leaf:iOS_13_3.0|leaf:iOS_13_4.0|leaf:iOS_13_5.0
10526,fam:iOS,fam:iOS,fam:iOS,maj:iOS_13,maj:iOS_13,maj:iOS_13,leaf:iOS_13_5.0,leaf:iOS_13_5.0,leaf:iOS_13_3.0|leaf:iOS_13_5.0
10527,fam:iOS,fam:iOS,fam:iOS,maj:iOS_13,maj:iOS_13,maj:iOS_13,leaf:iOS_13_5.0,leaf:iOS_13_3.0,leaf:iOS_13_3.0|leaf:iOS_13_4.0|leaf:iOS_13_5.0
10529,fam:iOS,fam:iOS,fam:iOS,maj:iOS_13,maj:iOS_13,maj:iOS_13,leaf:iOS_13_5.0,leaf:iOS_13_4.0,leaf:iOS_13_3.0|leaf:iOS_13_4.0|leaf:iOS_13_5.0
10530,fam:iOS,fam:iOS,fam:iOS,maj:iOS_13,maj:iOS_13,maj:iOS_13,leaf:iOS_13_5.0,leaf:iOS_13_4.0,leaf:iOS_13_3.0|leaf:iOS_13_4.0|leaf:iOS_13_5.0
10533,fam:iOS,fam:iOS,fam:iOS,maj:iOS_13,maj:iOS_13,maj:iOS_13,leaf:iOS_13_5.0,leaf:iOS_13_4.0,leaf:iOS_13_3.0|leaf:iOS_13_4.0|leaf:iOS_13_5.0
10535,fam:iOS,fam:iOS,fam:iOS,maj:iOS_13,maj:iOS_13,maj:iOS_13,leaf:iOS_13_5.0,leaf:iOS_13_4.0,leaf:iOS_13_3.0|leaf:iOS_13_4.0|leaf:iOS_13_5.0
10536,fam:iOS,fam:iOS,fam:iOS,maj:iOS_13,maj:iOS_13,maj:iOS_13,leaf:iOS_13_5.0,leaf:iOS_13_4.0,leaf:iOS_13_3.0|leaf:iOS_13_4.0|leaf:iOS_13_5.0
10537,fam:iOS,fam:iOS,fam:iOS,maj:iOS_13,maj:iOS_13,maj:iOS_13,leaf:iOS_13_5.0,leaf:iOS_13_4.0,leaf:iOS_13_3.0|leaf:iOS_13_4.0|leaf:iOS_13_5.0
10539,fam:iOS,fam:iOS,fam:iOS,maj:iOS_13,maj:iOS_13,maj:iOS_13,leaf:iOS_13_5.0,leaf:iOS_13_4.0,leaf:iOS_13_4.0|leaf:iOS_13_5.0
10543,fam:iOS,fam:iOS,fam:iOS,maj:iOS_13,maj:iOS_13,maj:iOS_13,leaf:iOS_13_5.0,leaf:iOS_13_4.0,leaf:iOS_13_3.0|leaf:iOS_13_4.0|leaf:iOS_13_5.0
10549,fam:iOS,fam:iOS,fam:iOS,maj:iOS_13,maj:iOS_13,maj:iOS_13,leaf:iOS_13_5.0,leaf:iOS_13_4.0,leaf:iOS_13_3.0|leaf:iOS_13_4.0|leaf:iOS_13_5.0
10550,fam:iOS,fam:iOS,fam:iOS,maj:iOS_13,maj:iOS_13,maj:iOS_13,leaf:iOS_13_5.0,leaf:iOS_13_5.0,leaf:iOS_13_3.0|leaf:iOS_13_4.0|leaf:iOS_13_5.0
10558,fam:iOS,fam:iOS,fam:iOS,maj:iOS_13,maj:iOS_13,maj:iOS_13,leaf:iOS_13_5.0,leaf:iOS_13_3.0,leaf:iOS_13_3.0|leaf:iOS_13_4.0|leaf:iOS_13_5.0
10560,fam:iOS,fam:iOS,fam:iOS,maj:iOS_13,maj:iOS_13,maj:iOS_13,leaf:iOS_13_5.0,leaf:iOS_13_5.0,leaf:iOS_13_4.0|leaf:iOS_13_5.0
10561,fam:iOS,fam:iOS,fam:iOS,maj:iOS_13,maj:iOS_13,maj:iOS_13,leaf:iOS_13_5.0,leaf:iOS_13_4.0,leaf:iOS_13_3.0|leaf:iOS_13_4.0|leaf:iOS_13_5.0
10563,fam:iOS,fam:iOS,fam:iOS,maj:iOS_13,maj:iOS_13,maj:iOS_13,leaf:iOS_13_5.0,leaf:iOS_13_4.0,leaf:iOS_13_3.0|leaf:iOS_13_4.0|leaf:iOS_13_5.0
10565,fam:iOS,fam:iOS,fam:iOS,maj:iOS_13,maj:iOS_13,maj:iOS_13,leaf:iOS_13_5.0,leaf:iOS_13_4.0,leaf:iOS_13_3.0|leaf:iOS_13_4.0|leaf:iOS_13_5.0
10566,fam:iOS,fam:iOS,fam:iOS,maj:iOS_13,maj:iOS_13,maj:iOS_13,leaf:iOS_13_5.0,leaf:iOS_13_4.0,leaf:iOS_13_3.0|leaf:iOS_13_4.0|leaf:iOS_13_5.0
10567,fam:iOS,fam:iOS,fam:iOS,maj:iOS_13,maj:iOS_13,maj:iOS_13,leaf:iOS_13_5.0,leaf:iOS_13_5.0,leaf:iOS_13_5.0
10568,fam:iOS,fam:iOS,fam:iOS,maj:iOS_13,maj:iOS_13,maj:iOS_13,leaf:iOS_13_5.0,leaf:iOS_13_4.0,leaf:iOS_13_4.0
10572,fam:iOS,fam:iOS,fam:iOS,maj:iOS_13,maj:iOS_13,maj:iOS_13,leaf:iOS_13_5.0,leaf:iOS_13_4.0,leaf:iOS_13_4.0|leaf:iOS_13_5.0
10577,fam:iOS,fam:iOS,fam:iOS,maj:iOS_13,maj:iOS_13,maj:iOS_13,leaf:iOS_13_5.0,leaf:iOS_13_4.0,leaf:iOS_13_3.0|leaf:iOS_13_4.0|leaf:iOS_13_5.0
10578,fam:iOS,fam:iOS,fam:iOS,maj:iOS_13,maj:iOS_13,maj:iOS_13,leaf:iOS_13_5.0,leaf:iOS_13_4.0,leaf:iOS_13_3.0|leaf:iOS_13_4.0|leaf:iOS_13_5.0
10580,fam:iOS,fam:iOS,fam:iOS,maj:iOS_13,maj:iOS_13,maj:iOS_13,leaf:iOS_13_5.0,leaf:iOS_13_4.0,leaf:iOS_13_3.0|leaf:iOS_13_4.0|leaf:iOS_13_5.0
10581,fam:iOS,fam:iOS,fam:iOS,maj:iOS_13,maj:iOS_13,maj:iOS_13,leaf:iOS_13_5.0,leaf:iOS_13_5.0,leaf:iOS_13_5.0
10582,fam:iOS,fam:iOS,fam:iOS,maj:iOS_13,maj:iOS_13,maj:iOS_13,leaf:iOS_13_5.0,leaf:iOS_13_4.0,leaf:iOS_13_3.0|leaf:iOS_13_4.0|leaf:iOS_13_5.0
10584,fam:iOS,fam:iOS,fam:iOS,maj:iOS_13,maj:iOS_13,maj:iOS_13,leaf:iOS_13_5.0,leaf:iOS_13_4.0,leaf:iOS_13_3.0|leaf:iOS_13_4.0|leaf:iOS_13_5.0
10585,fam:iOS,fam:iOS,fam:iOS,maj:iOS_13,maj:iOS_13,maj:iOS_13,leaf:iOS_13_5.0,leaf:iOS_13_4.0,leaf:iOS_13_4.0|leaf:iOS_13_5.0
10587,fam:iOS,fam:iOS,fam:iOS,maj:iOS_13,maj:iOS_13,maj:iOS_13,leaf:iOS_13_5.0,leaf:iOS_13_4.0,leaf:iOS_13_3.0|leaf:iOS_13_4.0|leaf:iOS_13_5.0
10588,fam:iOS,fam:iOS,fam:iOS,maj:iOS_13,maj:iOS_13,maj:iOS_13,leaf:iOS_13_5.0,leaf:iOS_13_4.0,leaf:iOS_13_3.0|leaf:iOS_13_4.0|leaf:iOS_13_5.0
10590,fam:iOS,fam:iOS,fam:iOS,maj:iOS_13,maj:iOS_13,maj:iOS_13,leaf:iOS_13_5.0,leaf:iOS_13_4.0,leaf:iOS_13_3.0|leaf:iOS_13_4.0|leaf:iOS_13_5.0
10591,fam:iOS,fam:iOS,fam:iOS,maj:iOS_13,maj:iOS_13,maj:iOS_13,leaf:iOS_13_5.0,leaf:iOS_13_4.0,leaf:iOS_13_3.0|leaf:iOS_13_4.0|leaf:iOS_13_5.0
10592,fam:iOS,fam:iOS,fam:iOS,maj:iOS_13,maj:iOS_13,maj:iOS_13,leaf:iOS_13_5.0,leaf:iOS_13_4.0,leaf:iOS_13_3.0|leaf:iOS_13_4.0|leaf:iOS_13_5.0
10594,fam:iOS,fam:iOS,fam:iOS,maj:iOS_13,maj:iOS_13,maj:iOS_13,leaf:iOS_13_5.0,leaf:iOS_13_4.0,leaf:iOS_13_4.0|leaf:iOS_13_5.0
10595,fam:iOS,fam:iOS,fam:iOS,maj:iOS_13,maj:iOS_13,maj:iOS_13,leaf:iOS_13_5.0,leaf:iOS_13_4.0,leaf:iOS_13_4.0|leaf:iOS_13_5.0
10597,fam:iOS,fam:iOS,fam:iOS,maj:iOS_13,maj:iOS_13,maj:iOS_13,leaf:iOS_13_5.0,leaf:iOS_13_5.0,leaf:iOS_13_3.0|leaf:iOS_13_4.0|leaf:iOS_13_5.0
10598,fam:iOS,fam:iOS,fam:iOS,maj:iOS_13,maj:iOS_13,maj:iOS_13,leaf:iOS_13_5.0,leaf:iOS_13_5.0,leaf:iOS_13_5.0
10600,fam:iOS,fam:iOS,fam:iOS,maj:iOS_13,maj:iOS_13,maj:iOS_13,leaf:iOS_13_5.0,leaf:iOS_13_5.0,leaf:iOS_13_3.0|leaf:iOS_13_4.0|leaf:iOS_13_5.0|leaf:macOS_10_11.0
10601,fam:iOS,fam:iOS,fam:iOS,maj:iOS_13,maj:iOS_13,maj:iOS_13,leaf:iOS_13_5.0,leaf:iOS_13_5.0,leaf:iOS_13_4.0|leaf:iOS_13_5.0
10602,fam:iOS,fam:iOS,fam:iOS,maj:iOS_13,maj:iOS_13,maj:iOS_13,leaf:iOS_13_5.0,leaf:iOS_13_4.0,leaf:iOS_13_3.0|leaf:iOS_13_4.0|leaf:iOS_13_5.0
10603,fam:iOS,fam:iOS,fam:iOS,maj:iOS_13,maj:iOS_13,maj:iOS_13,leaf:iOS_13_5.0,leaf:iOS_13_4.0,leaf:iOS_13_3.0|leaf:iOS_13_4.0|leaf:iOS_13_5.0
10604,fam:iOS,fam:iOS,fam:iOS,maj:iOS_13,maj:iOS_13,maj:iOS_13,leaf:iOS_13_5.0,leaf:iOS_13_4.0,leaf:iOS_13_4.0|leaf:iOS_13_5.0
10609,fam:iOS,fam:iOS,fam:iOS,maj:iOS_13,maj:iOS_13,maj:iOS_13,leaf:iOS_13_5.0,leaf:iOS_13_4.0,leaf:iOS_13_3.0|leaf:iOS_13_4.0|leaf:iOS_13_5.0
10610,fam:iOS,fam:iOS,fam:iOS,maj:iOS_13,maj:iOS_13,maj:iOS_13,leaf:iOS_13_5.0,leaf:iOS_13_5.0,leaf:iOS_13_4.0|leaf:iOS_13_5.0
10611,fam:iOS,fam:iOS,fam:iOS,maj:iOS_13,maj:iOS_13,maj:iOS_13,leaf:iOS_13_5.0,leaf:iOS_13_4.0,leaf:iOS_13_3.0|leaf:iOS_13_4.0|leaf:iOS_13_5.0
10612,fam:iOS,fam:iOS,fam:iOS,maj:iOS_13,maj:iOS_13,maj:iOS_13,leaf:iOS_13_5.0,leaf:iOS_13_5.0,leaf:iOS_13_5.0
10615,fam:iOS,fam:iOS,fam:iOS,maj:iOS_13,maj:iOS_13,maj:iOS_13,leaf:iOS_13_5.0,leaf:iOS_13_4.0,leaf:iOS_13_3.0|leaf:iOS_13_4.0|leaf:iOS_13_5.0
10616,fam:iOS,fam:iOS,fam:iOS,maj:iOS_13,maj:iOS_13,maj:iOS_13,leaf:iOS_13_5.0,leaf:iOS_13_4.0,leaf:iOS_13_3.0|leaf:iOS_13_4.0|leaf:iOS_13_5.0
10619,fam:iOS,fam:iOS,fam:iOS,maj:iOS_13,maj:iOS_13,maj:iOS_13,leaf:iOS_13_5.0,leaf:iOS_13_4.0,leaf:iOS_13_4.0|leaf:iOS_13_5.0
10620,fam:iOS,fam:iOS,fam:iOS,maj:iOS_13,maj:iOS_13,maj:iOS_13,leaf:iOS_13_5.0,leaf:iOS_13_4.0,leaf:iOS_13_3.0|leaf:iOS_13_4.0|leaf:iOS_13_5.0
10622,fam:iOS,fam:iOS,fam:iOS,maj:iOS_13,maj:iOS_13,maj:iOS_13,leaf:iOS_13_5.0,leaf:iOS_13_4.0,leaf:iOS_13_3.0|leaf:iOS_13_4.0|leaf:iOS_13_5.0
10625,fam:iOS,fam:iOS,fam:iOS,maj:iOS_13,maj:iOS_13,maj:iOS_13,leaf:iOS_13_5.0,leaf:iOS_13_5.0,leaf:iOS_13_2.0|leaf:iOS_13_4.0|leaf:iOS_13_5.0
10626,fam:iOS,fam:iOS,fam:iOS,maj:iOS_13,maj:iOS_13,maj:iOS_13,leaf:iOS_13_5.0,leaf:iOS_13_5.0,leaf:iOS_13_4.0|leaf:iOS_13_5.0
10629,fam:iOS,fam:iOS,fam:iOS,maj:iOS_13,maj:iOS_13,maj:iOS_13,leaf:iOS_13_5.0,leaf:iOS_13_4.0,leaf:iOS_13_4.0|leaf:iOS_13_5.0
10630,fam:iOS,fam:iOS,fam:iOS,maj:iOS_13,maj:iOS_13,maj:iOS_13,leaf:iOS_13_5.0,leaf:iOS_13_3.0,leaf:iOS_13_3.0|leaf:iOS_13_4.0|leaf:iOS_13_5.0
10633,fam:iOS,fam:iOS,fam:iOS,maj:iOS_13,maj:iOS_13,maj:iOS_13,leaf:iOS_13_5.0,leaf:iOS_13_4.0,leaf:iOS_13_3.0|leaf:iOS_13_4.0|leaf:iOS_13_5.0
10634,fam:iOS,fam:iOS,fam:iOS,maj:iOS_13,maj:iOS_13,maj:iOS_13,leaf:iOS_13_5.0,leaf:iOS_13_4.0,leaf:iOS_13_3.0|leaf:iOS_13_4.0|leaf:iOS_13_5.0
10635,fam:iOS,fam:iOS,fam:iOS,maj:iOS_13,maj:iOS_13,maj:iOS_13,leaf:iOS_13_5.0,leaf:iOS_13_4.0,leaf:iOS_13_4.0|leaf:iOS_13_5.0
10636,fam:iOS,fam:iOS,fam:iOS,maj:iOS_13,maj:iOS_13,maj:iOS_13,leaf:iOS_13_5.0,leaf:iOS_13_4.0,leaf:iOS_13_4.0|leaf:iOS_13_5.0
10637,fam:iOS,fam:iOS,fam:iOS,maj:iOS_13,maj:iOS_13,maj:iOS_13,leaf:iOS_13_5.0,leaf:iOS_13_4.0,leaf:iOS_13_3.0|leaf:iOS_13_4.0|leaf:iOS_13_5.0
10639,fam:iOS,fam:iOS,fam:iOS,maj:iOS_13,maj:iOS_13,maj:iOS_13,leaf:iOS_13_5.0,leaf:iOS_13_5.0,leaf:iOS_13_2.0|leaf:iOS_13_4.0|leaf:iOS_13_5.0
10642,fam:iOS,fam:iOS,fam:iOS,maj:iOS_13,maj:iOS_13,maj:iOS_13,leaf:iOS_13_5.0,leaf:iOS_13_4.0,leaf:iOS_13_3.0|leaf:iOS_13_4.0|leaf:iOS_13_5.0
10643,fam:iOS,fam:iOS,fam:iOS,maj:iOS_13,maj:iOS_13,maj:iOS_13,leaf:iOS_13_5.0,leaf:iOS_13_4.0,leaf:iOS_13_4.0|leaf:iOS_13_5.0
10644,fam:iOS,fam:iOS,fam:iOS,maj:iOS_13,maj:iOS_13,maj:iOS_13,leaf:iOS_13_5.0,leaf:iOS_13_4.0,leaf:iOS_13_3.0|leaf:iOS_13_4.0|leaf:iOS_13_5.0
10649,fam:iOS,fam:iOS,fam:iOS,maj:iOS_13,maj:iOS_13,maj:iOS_13,leaf:iOS_13_5.0,leaf:iOS_13_4.0,leaf:iOS_13_3.0|leaf:iOS_13_4.0|leaf:iOS_13_5.0
10651,fam:iOS,fam:iOS,fam:iOS,maj:iOS_13,maj:iOS_13,maj:iOS_13,leaf:iOS_13_5.0,leaf:iOS_13_4.0,leaf:iOS_13_3.0|leaf:iOS_13_4.0|leaf:iOS_13_5.0
10654,fam:iOS,fam:iOS,fam:iOS,maj:iOS_13,maj:iOS_13,maj:iOS_13,leaf:iOS_13_5.0,leaf:iOS_13_4.0,leaf:iOS_13_3.0|leaf:iOS_13_4.0|leaf:iOS_13_5.0
10655,fam:iOS,fam:iOS,fam:iOS,maj:iOS_13,maj:iOS_13,maj:iOS_13,leaf:iOS_13_5.0,leaf:iOS_13_4.0,leaf:iOS_13_3.0|leaf:iOS_13_4.0|leaf:iOS_13_5.0
10657,fam:iOS,fam:iOS,fam:iOS,maj:iOS_13,maj:iOS_13,maj:iOS_13,leaf:iOS_13_5.0,leaf:iOS_13_3.0,leaf:iOS_13_3.0|leaf:iOS_13_4.0|leaf:iOS_13_5.0
10661,fam:iOS,fam:iOS,fam:iOS,maj:iOS_13,maj:iOS_13,maj:iOS_13,leaf:iOS_13_5.0,leaf:iOS_13_5.0,leaf:iOS_13_2.0|leaf:iOS_13_4.0|leaf:iOS_13_5.0
10662,fam:iOS,fam:iOS,fam:iOS,maj:iOS_13,maj:iOS_13,maj:iOS_13,leaf:iOS_13_5.0,leaf:iOS_13_4.0,leaf:iOS_13_3.0|leaf:iOS_13_4.0|leaf:iOS_13_5.0
10663,fam:iOS,fam:iOS,fam:iOS,maj:iOS_13,maj:iOS_13,maj:iOS_13,leaf:iOS_13_5.0,leaf:iOS_13_3.0,leaf:iOS_13_3.0|leaf:iOS_13_4.0|leaf:iOS_13_5.0
10664,fam:iOS,fam:iOS,fam:iOS,maj:iOS_13,maj:iOS_13,maj:iOS_13,leaf:iOS_13_5.0,leaf:iOS_13_4.0,leaf:iOS_13_4.0|leaf:iOS_13_5.0|leaf:macOS_10_11.0
10665,fam:iOS,fam:iOS,fam:iOS,maj:iOS_13,maj:iOS_13,maj:iOS_13,leaf:iOS_13_5.0,leaf:iOS_13_4.0,leaf:iOS_13_3.0|leaf:iOS_13_4.0|leaf:iOS_13_5.0
10667,fam:iOS,fam:iOS,fam:iOS,maj:iOS_13,maj:iOS_13,maj:iOS_13,leaf:iOS_13_5.0,leaf:iOS_13_4.0,leaf:iOS_13_3.0|leaf:iOS_13_4.0|leaf:iOS_13_5.0
10668,fam:iOS,fam:iOS,fam:iOS,maj:iOS_13,maj:iOS_13,maj:iOS_13,leaf:iOS_13_5.0,leaf:iOS_13_4.0,leaf:iOS_13_3.0|leaf:iOS_13_4.0|leaf:iOS_13_5.0
10669,fam:iOS,fam:iOS,fam:iOS,maj:iOS_13,maj:iOS_13,maj:iOS_13,leaf:iOS_13_5.0,leaf:iOS_13_5.0,leaf:iOS_13_2.0|leaf:iOS_13_4.0|leaf:iOS_13_5.0
10670,fam:iOS,fam:iOS,fam:iOS,maj:iOS_13,maj:iOS_13,maj:iOS_13,leaf:iOS_13_5.0,leaf:iOS_13_4.0,leaf:iOS_13_3.0|leaf:iOS_13_4.0|leaf:iOS_13_5.0
10671,fam:iOS,fam:iOS,fam:iOS,maj:iOS_13,maj:iOS_13,maj:iOS_13,leaf:iOS_13_5.0,leaf:iOS_13_4.0,leaf:iOS_13_3.0|leaf:iOS_13_4.0|leaf:iOS_13_5.0
10672,fam:iOS,fam:iOS,fam:iOS,maj:iOS_13,maj:iOS_13,maj:iOS_13,leaf:iOS_13_5.0,leaf:iOS_13_4.0,leaf:iOS_13_4.0|leaf:iOS_13_5.0
10673,fam:iOS,fam:iOS,fam:iOS,maj:iOS_13,maj:iOS_13,maj:iOS_13,leaf:iOS_13_5.0,leaf:iOS_13_4.0,leaf:iOS_13_3.0|leaf:iOS_13_4.0|leaf:iOS_13_5.0
10674,fam:iOS,fam:iOS,,maj:iOS_13,maj:iOS_13,maj:iOS_13|maj:macOS_10,leaf:iOS_13_5.0,leaf:iOS_13_5.0,leaf:iOS_13_3.0|leaf:iOS_13_4.0|leaf:iOS_13_5.0|leaf:macOS_10_11.0
10678,fam:iOS,fam:iOS,fam:iOS,maj:iOS_13,maj:iOS_13,maj:iOS_13,leaf:iOS_13_5.0,leaf:iOS_13_4.0,leaf:iOS_13_3.0|leaf:iOS_13_4.0|leaf:iOS_13_5.0
10679,fam:iOS,fam:macOS,,maj:iOS_13,maj:macOS_10,maj:macOS_10,leaf:iOS_13_5.0,leaf:macOS_10_15.0,leaf:macOS_10_15.0
10681,fam:iOS,fam:iOS,fam:iOS,maj:iOS_13,maj:iOS_13,maj:iOS_13,leaf:iOS_13_5.0,leaf:iOS_13_4.0,leaf:iOS_13_3.0|leaf:iOS_13_4.0|leaf:iOS_13_5.0
10686,fam:iOS,fam:iOS,fam:iOS,maj:iOS_13,maj:iOS_13,maj:iOS_13,leaf:iOS_13_5.0,leaf:iOS_13_5.0,leaf:iOS_13_4.0|leaf:iOS_13_5.0
10688,fam:iOS,fam:iOS,fam:iOS,maj:iOS_13,maj:iOS_13,maj:iOS_13,leaf:iOS_13_5.0,leaf:iOS_13_5.0,leaf:iOS_13_4.0|leaf:iOS_13_5.0
10689,fam:iOS,fam:iOS,fam:iOS,maj:iOS_13,maj:iOS_13,maj:iOS_13,leaf:iOS_13_5.0,leaf:iOS_13_4.0,leaf:iOS_13_4.0|leaf:iOS_13_5.0
10692,fam:iOS,fam:iOS,fam:iOS,maj:iOS_13,maj:iOS_13,maj:iOS_13,leaf:iOS_13_5.0,leaf:iOS_13_4.0,leaf:iOS_13_3.0|leaf:iOS_13_4.0|leaf:iOS_13_5.0
10693,fam:iOS,fam:iOS,fam:iOS,maj:iOS_13,maj:iOS_13,maj:iOS_13,leaf:iOS_13_5.0,leaf:iOS_13_3.0,leaf:iOS_13_3.0|leaf:iOS_13_4.0|leaf:iOS_13_5.0
10694,fam:iOS,fam:iOS,fam:iOS,maj:iOS_13,maj:iOS_13,maj:iOS_13,leaf:iOS_13_5.0,leaf:iOS_13_4.0,leaf:iOS_13_3.0|leaf:iOS_13_4.0|leaf:iOS_13_5.0
10697,fam:iOS,fam:iOS,fam:iOS,maj:iOS_13,maj:iOS_13,maj:iOS_13,leaf:iOS_13_5.0,leaf:iOS_13_5.0,leaf:iOS_13_3.0|leaf:iOS_13_4.0|leaf:iOS_13_5.0
10699,fam:iOS,fam:iOS,fam:iOS,maj:iOS_13,maj:iOS_13,maj:iOS_13,leaf:iOS_13_5.0,leaf:iOS_13_4.0,leaf:iOS_13_4.0|leaf:iOS_13_5.0
10701,fam:iOS,fam:iOS,fam:iOS,maj:iOS_13,maj:iOS_13,maj:iOS_13,leaf:iOS_13_5.0,leaf:iOS_13_4.0,leaf:iOS_13_3.0|leaf:iOS_13_4.0|leaf:iOS_13_5.0
10705,fam:iOS,fam:iOS,fam:iOS,maj:iOS_13,maj:iOS_13,maj:iOS_13,leaf:iOS_13_5.0,leaf:iOS_13_4.0,leaf:iOS_13_3.0|leaf:iOS_13_4.0|leaf:iOS_13_5.0
10708,fam:iOS,fam:iOS,fam:iOS,maj:iOS_13,maj:iOS_13,maj:iOS_13,leaf:iOS_13_5.0,leaf:iOS_13_4.0,leaf:iOS_13_3.0|leaf:iOS_13_4.0|leaf:iOS_13_5.0
10710,fam:iOS,fam:iOS,fam:iOS,maj:iOS_13,maj:iOS_13,maj:iOS_13,leaf:iOS_13_5.0,leaf:iOS_13_4.0,leaf:iOS_13_3.0|leaf:iOS_13_4.0|leaf:iOS_13_5.0
10713,fam:iOS,fam:iOS,fam:iOS,maj:iOS_13,maj:iOS_13,maj:iOS_13,leaf:iOS_13_5.0,leaf:iOS_13_4.0,leaf:iOS_13_3.0|leaf:iOS_13_4.0|leaf:iOS_13_5.0
10715,fam:iOS,fam:iOS,fam:iOS,maj:iOS_13,maj:iOS_13,maj:iOS_13,leaf:iOS_13_5.0,leaf:iOS_13_4.0,leaf:iOS_13_4.0|leaf:iOS_13_5.0
10717,fam:iOS,fam:iOS,fam:iOS,maj:iOS_13,maj:iOS_13,maj:iOS_13,leaf:iOS_13_5.0,leaf:iOS_13_4.0,leaf:iOS_13_3.0|leaf:iOS_13_4.0|leaf:iOS_13_5.0
10719,fam:iOS,fam:iOS,fam:iOS,maj:iOS_13,maj:iOS_13,maj:iOS_13,leaf:iOS_13_5.0,leaf:iOS_13_4.0,leaf:iOS_13_4.0|leaf:iOS_13_5.0
10721,fam:iOS,fam:iOS,fam:iOS,maj:iOS_13,maj:iOS_13,maj:iOS_13,leaf:iOS_13_5.0,leaf:iOS_13_5.0,leaf:iOS_13_4.0|leaf:iOS_13_5.0
10722,fam:iOS,fam:iOS,fam:iOS,maj:iOS_13,maj:iOS_13,maj:iOS_13,leaf:iOS_13_5.0,leaf:iOS_13_4.0,leaf:iOS_13_3.0|leaf:iOS_13_4.0|leaf:iOS_13_5.0
10724,fam:iOS,fam:iOS,fam:iOS,maj:iOS_13,maj:iOS_13,maj:iOS_13,leaf:iOS_13_5.0,leaf:iOS_13_4.0,leaf:iOS_13_3.0|leaf:iOS_13_4.0|leaf:iOS_13_5.0
10726,fam:iOS,fam:iOS,fam:iOS,maj:iOS_13,maj:iOS_13,maj:iOS_13,leaf:iOS_13_5.0,leaf:iOS_13_4.0,leaf:iOS_13_3.0|leaf:iOS_13_4.0|leaf:iOS_13_5.0
10728,fam:iOS,fam:iOS,fam:iOS,maj:iOS_13,maj:iOS_13,maj:iOS_13,leaf:iOS_13_5.0,leaf:iOS_13_4.0,leaf:iOS_13_3.0|leaf:iOS_13_4.0|leaf:iOS_13_5.0
10730,fam:iOS,fam:iOS,fam:iOS,maj:iOS_13,maj:iOS_13,maj:iOS_13,leaf:iOS_13_5.0,leaf:iOS_13_4.0,leaf:iOS_13_4.0|leaf:iOS_13_5.0
10731,fam:iOS,fam:iOS,fam:iOS,maj:iOS_13,maj:iOS_13,maj:iOS_13,leaf:iOS_13_5.0,leaf:iOS_13_4.0,leaf:iOS_13_3.0|leaf:iOS_13_4.0|leaf:iOS_13_5.0
10733,fam:iOS,fam:iOS,fam:iOS,maj:iOS_13,maj:iOS_13,maj:iOS_13,leaf:iOS_13_5.0,leaf:iOS_13_4.0,leaf:iOS_13_3.0|leaf:iOS_13_4.0|leaf:iOS_13_5.0
10738,fam:iOS,fam:iOS,fam:iOS,maj:iOS_13,maj:iOS_13,maj:iOS_13,leaf:iOS_13_5.0,leaf:iOS_13_4.0,leaf:iOS_13_3.0|leaf:iOS_13_4.0|leaf:iOS_13_5.0
10739,fam:iOS,fam:iOS,fam:iOS,maj:iOS_13,maj:iOS_13,maj:iOS_13,leaf:iOS_13_5.0,leaf:iOS_13_4.0,leaf:iOS_13_3.0|leaf:iOS_13_4.0|leaf:iOS_13_5.0
10741,fam:iOS,fam:iOS,fam:iOS,maj:iOS_13,maj:iOS_13,maj:iOS_13,leaf:iOS_13_5.0,leaf:iOS_13_3.0,leaf:iOS_13_3.0|leaf:iOS_13_5.0
10743,fam:iOS,fam:macOS,fam:macOS,maj:iOS_13,maj:macOS_10,maj:macOS_10,leaf:iOS_13_5.0,leaf:macOS_10_15.0,leaf:macOS_10_14.0|leaf:macOS_10_15.0
10745,fam:iOS,fam:iOS,fam:iOS,maj:iOS_13,maj:iOS_13,maj:iOS_13,leaf:iOS_13_5.0,leaf:iOS_13_5.0,leaf:iOS_13_3.0|leaf:iOS_13_5.0
10748,fam:iOS,fam:iOS,fam:iOS,maj:iOS_13,maj:iOS_13,maj:iOS_13,leaf:iOS_13_5.0,leaf:iOS_13_4.0,leaf:iOS_13_4.0|leaf:iOS_13_5.0
10751,fam:iOS,fam:iOS,,maj:iOS_13,maj:macOS_10,maj:iOS_13|maj:macOS_10,leaf:iOS_13_5.0,leaf:macOS_10_15.0,leaf:iOS_13_5.0|leaf:macOS_10_15.0
10754,fam:iOS,fam:iOS,fam:iOS,maj:iOS_13,maj:iOS_13,maj:iOS_13,leaf:iOS_13_5.0,leaf:iOS_13_4.0,leaf:iOS_13_3.0|leaf:iOS_13_4.0|leaf:iOS_13_5.0
10755,fam:iOS,fam:macOS,fam:macOS,maj:iOS_13,maj:macOS_10,maj:macOS_10,leaf:iOS_13_5.0,leaf:macOS_10_15.0,leaf:macOS_10_14.0|leaf:macOS_10_15.0
10756,fam:iOS,fam:iOS,fam:iOS,maj:iOS_13,maj:iOS_13,maj:iOS_13,leaf:iOS_13_5.0,leaf:iOS_13_5.0,leaf:iOS_13_5.0
10758,fam:iOS,fam:iOS,fam:iOS,maj:iOS_13,maj:iOS_13,maj:iOS_13,leaf:iOS_13_5.0,leaf:iOS_13_4.0,leaf:iOS_13_3.0|leaf:iOS_13_4.0|leaf:iOS_13_5.0
10760,fam:iOS,fam:iOS,fam:iOS,maj:iOS_13,maj:iOS_13,maj:iOS_13,leaf:iOS_13_5.0,leaf:iOS_13_5.0,leaf:iOS_13_2.0|leaf:iOS_13_4.0|leaf:iOS_13_5.0
10761,fam:iOS,fam:iOS,fam:iOS,maj:iOS_13,maj:iOS_13,maj:iOS_13,leaf:iOS_13_5.0,leaf:iOS_13_5.0,leaf:iOS_13_3.0|leaf:iOS_13_4.0|leaf:iOS_13_5.0
10763,fam:iOS,fam:iOS,fam:iOS,maj:iOS_13,maj:iOS_13,maj:iOS_13,leaf:iOS_13_5.0,leaf:iOS_13_4.0,leaf:iOS_13_4.0|leaf:iOS_13_5.0
10764,fam:iOS,fam:iOS,fam:iOS,maj:iOS_13,maj:iOS_13,maj:iOS_13,leaf:iOS_13_5.0,leaf:iOS_13_5.0,leaf:iOS_13_4.0|leaf:iOS_13_5.0
10767,fam:iOS,fam:iOS,fam:iOS,maj:iOS_13,maj:iOS_13,maj:iOS_13,leaf:iOS_13_5.0,leaf:iOS_13_3.0,leaf:iOS_13_3.0|leaf:iOS_13_4.0|leaf:iOS_13_5.0
10769,fam:iOS,fam:iOS,fam:iOS,maj:iOS_13,maj:iOS_13,maj:iOS_13,leaf:iOS_13_5.0,leaf:iOS_13_4.0,leaf:iOS_13_3.0|leaf:iOS_13_4.0|leaf:iOS_13_5.0
10773,fam:iOS,fam:iOS,,maj:iOS_13,maj:iOS_13,maj:iOS_13|maj:macOS_10,leaf:iOS_13_5.0,leaf:macOS_10_11.0,leaf:iOS_13_3.0|leaf:iOS_13_4.0|leaf:iOS_13_5.0|leaf:macOS_10_11.0
10774,fam:iOS,fam:iOS,fam:iOS,maj:iOS_13,maj:iOS_13,maj:iOS_13,leaf:iOS_13_5.0,leaf:iOS_13_4.0,leaf:iOS_13_4.0|leaf:iOS_13_5.0
10776,fam:iOS,fam:iOS,fam:iOS,maj:iOS_13,maj:iOS_13,maj:iOS_13,leaf:iOS_13_5.0,leaf:iOS_13_5.0,leaf:iOS_13_2.0|leaf:iOS_13_4.0|leaf:iOS_13_5.0
10778,fam:iOS,fam:iOS,fam:iOS,maj:iOS_13,maj:iOS_13,maj:iOS_13,leaf:iOS_13_5.0,leaf:iOS_13_4.0,leaf:iOS_13_4.0|leaf:iOS_13_5.0
10781,fam:iOS,fam:iOS,fam:iOS,maj:iOS_13,maj:iOS_13,maj:iOS_13,leaf:iOS_13_5.0,leaf:iOS_13_3.0,leaf:iOS_13_3.0|leaf:iOS_13_4.0|leaf:iOS_13_5.0
10784,fam:iOS,fam:iOS,fam:iOS,maj:iOS_13,maj:iOS_13,maj:iOS_13,leaf:iOS_13_5.0,leaf:iOS_13_4.0,leaf:iOS_13_3.0|leaf:iOS_13_4.0|leaf:iOS_13_5.0|leaf:macOS_10_11.0
10785,fam:iOS,fam:iOS,fam:iOS,maj:iOS_13,maj:iOS_13,maj:iOS_13,leaf:iOS_13_5.0,leaf:iOS_13_5.0,leaf:iOS_13_3.0|leaf:iOS_13_5.0
10786,fam:iOS,fam:iOS,fam:iOS,maj:iOS_13,maj:iOS_13,maj:iOS_13,leaf:iOS_13_5.0,leaf:iOS_13_5.0,leaf:iOS_13_4.0|leaf:iOS_13_5.0
10787,fam:iOS,fam:iOS,fam:iOS,maj:iOS_13,maj:iOS_13,maj:iOS_13,leaf:iOS_13_5.0,leaf:iOS_13_4.0,leaf:iOS_13_3.0|leaf:iOS_13_4.0|leaf:iOS_13_5.0
10788,fam:iOS,fam:iOS,fam:iOS,maj:iOS_13,maj:iOS_13,maj:iOS_13,leaf:iOS_13_5.0,leaf:iOS_13_4.0,leaf:iOS_13_3.0|leaf:iOS_13_4.0|leaf:iOS_13_5.0|leaf:macOS_10_11.0
10789,fam:iOS,fam:iOS,fam:iOS,maj:iOS_13,maj:iOS_13,maj:iOS_13,leaf:iOS_13_5.0,leaf:iOS_13_4.0,leaf:iOS_13_4.0|leaf:iOS_13_5.0
10790,fam:iOS,fam:iOS,fam:iOS,maj:iOS_13,maj:iOS_13,maj:iOS_13,leaf:iOS_13_5.0,leaf:iOS_13_5.0,leaf:iOS_13_4.0|leaf:iOS_13_5.0
10792,fam:iOS,fam:iOS,fam:iOS,maj:iOS_13,maj:iOS_13,maj:iOS_13,leaf:iOS_13_5.0,leaf:iOS_13_4.0,leaf:iOS_13_4.0|leaf:iOS_13_5.0
10793,fam:iOS,fam:iOS,fam:iOS,maj:iOS_13,maj:iOS_13,maj:iOS_13,leaf:iOS_13_5.0,leaf:iOS_13_4.0,leaf:iOS_13_4.0|leaf:iOS_13_5.0
10795,fam:iOS,fam:iOS,fam:iOS,maj:iOS_13,maj:iOS_13,maj:iOS_13|maj:macOS_10,leaf:iOS_13_5.0,leaf:iOS_13_5.0,leaf:iOS_13_3.0|leaf:iOS_13_4.0|leaf:iOS_13_5.0
10796,fam:iOS,fam:iOS,fam:iOS,maj:iOS_13,maj:iOS_13,maj:iOS_13,leaf:iOS_13_5.0,leaf:iOS_13_4.0,leaf:iOS_13_3.0|leaf:iOS_13_4.0|leaf:iOS_13_5.0|leaf:macOS_10_11.0
10798,fam:iOS,fam:iOS,fam:iOS,maj:iOS_13,maj:iOS_13,maj:iOS_13,leaf:iOS_13_5.0,leaf:iOS_13_4.0,leaf:iOS_13_4.0|leaf:iOS_13_5.0|leaf:macOS_10_11.0
10800,fam:iOS,fam:iOS,fam:iOS,maj:iOS_13,maj:iOS_13,maj:iOS_13,leaf:iOS_13_5.0,leaf:iOS_13_3.0,leaf:iOS_13_3.0|leaf:iOS_13_5.0
10803,fam:iOS,fam:iOS,fam:iOS,maj:iOS_13,maj:iOS_13,maj:iOS_13,leaf:iOS_13_5.0,leaf:iOS_13_5.0,leaf:iOS_13_3.0|leaf:iOS_13_4.0|leaf:iOS_13_5.0
10805,fam:iOS,fam:iOS,fam:iOS,maj:iOS_13,maj:iOS_13,maj:iOS_13,leaf:iOS_13_5.0,leaf:iOS_13_4.0,leaf:iOS_13_3.0|leaf:iOS_13_4.0|leaf:iOS_13_5.0
10807,fam:iOS,fam:iOS,fam:iOS,maj:iOS_13,maj:iOS_13,maj:iOS_13,leaf:iOS_13_5.0,leaf:iOS_13_4.0,leaf:iOS_13_4.0|leaf:iOS_13_5.0
10808,fam:iOS,fam:iOS,fam:iOS,maj:iOS_13,maj:iOS_13,maj:iOS_13,leaf:iOS_13_5.0,leaf:iOS_13_5.0,leaf:iOS_13_3.0|leaf:iOS_13_4.0|leaf:iOS_13_5.0
10810,fam:iOS,fam:iOS,fam:iOS,maj:iOS_13,maj:iOS_13,maj:iOS_13,leaf:iOS_13_5.0,leaf:iOS_13_4.0,leaf:iOS_13_3.0|leaf:iOS_13_4.0|leaf:iOS_13_5.0
10812,fam:iOS,fam:iOS,fam:iOS,maj:iOS_13,maj:iOS_13,maj:iOS_13,leaf:iOS_13_5.0,leaf:iOS_13_5.0,leaf:iOS_13_3.0|leaf:iOS_13_4.0|leaf:iOS_13_5.0
10813,fam:iOS,fam:iOS,fam:iOS,maj:iOS_13,maj:iOS_13,maj:iOS_13,leaf:iOS_13_5.0,leaf:iOS_13_4.0,leaf:iOS_13_4.0|leaf:iOS_13_5.0
10815,fam:iOS,fam:iOS,fam:iOS,maj:iOS_13,maj:iOS_13,maj:iOS_13,leaf:iOS_13_5.0,leaf:iOS_13_4.0,leaf:iOS_13_3.0|leaf:iOS_13_4.0|leaf:iOS_13_5.0
10816,fam:iOS,fam:iOS,fam:iOS,maj:iOS_13,maj:iOS_13,maj:iOS_13,leaf:iOS_13_5.0,leaf:iOS_13_4.0,leaf:iOS_13_3.0|leaf:iOS_13_4.0|leaf:iOS_13_5.0
10821,fam:iOS,fam:iOS,fam:iOS,maj:iOS_13,maj:iOS_13,maj:iOS_13,leaf:iOS_13_5.0,leaf:iOS_13_4.0,leaf:iOS_13_3.0|leaf:iOS_13_4.0|leaf:iOS_13_5.0
10822,fam:iOS,fam:iOS,fam:iOS,maj:iOS_13,maj:iOS_13,maj:iOS_13,leaf:iOS_13_5.0,leaf:iOS_13_5.0,leaf:iOS_13_2.0|leaf:iOS_13_4.0|leaf:iOS_13_5.0
10825,fam:iOS,fam:iOS,fam:iOS,maj:iOS_13,maj:iOS_13,maj:iOS_13,leaf:iOS_13_5.0,leaf:iOS_13_4.0,leaf:iOS_13_3.0|leaf:iOS_13_4.0|leaf:iOS_13_5.0
10826,fam:iOS,fam:iOS,fam:iOS,maj:iOS_13,maj:iOS_13,maj:iOS_13,leaf:iOS_13_5.0,leaf:iOS_13_4.0,leaf:iOS_13_3.0|leaf:iOS_13_4.0|leaf:iOS_13_5.0
10830,fam:iOS,fam:iOS,fam:iOS,maj:iOS_13,maj:iOS_13,maj:iOS_13,leaf:iOS_13_5.0,leaf:iOS_13_4.0,leaf:iOS_13_4.0|leaf:iOS_13_5.0
10831,fam:iOS,fam:iOS,fam:iOS,maj:iOS_13,maj:iOS_13,maj:iOS_13,leaf:iOS_13_5.0,leaf:iOS_13_4.0,leaf:iOS_13_3.0|leaf:iOS_13_4.0|leaf:iOS_13_5.0
10837,fam:iOS,fam:iOS,fam:iOS,maj:iOS_13,maj:iOS_13,maj:iOS_13,leaf:iOS_13_5.0,leaf:iOS_13_4.0,leaf:iOS_13_3.0|leaf:iOS_13_4.0|leaf:iOS_13_5.0|leaf:macOS_10_11.0
10839,fam:iOS,fam:iOS,fam:iOS,maj:iOS_13,maj:iOS_13,maj:iOS_13,leaf:iOS_13_5.0,leaf:iOS_13_4.0,leaf:iOS_13_4.0|leaf:iOS_13_5.0|leaf:macOS_10_11.0
10840,fam:iOS,fam:iOS,fam:iOS,maj:iOS_13,maj:iOS_13,maj:iOS_13,leaf:iOS_13_5.0,leaf:iOS_13_4.0,leaf:iOS_13_3.0|leaf:iOS_13_4.0|leaf:iOS_13_5.0
10841,fam:iOS,fam:iOS,fam:iOS,maj:iOS_13,maj:iOS_13,maj:iOS_13,leaf:iOS_13_5.0,leaf:iOS_13_4.0,leaf:iOS_13_4.0|leaf:iOS_13_5.0
10844,fam:iOS,fam:iOS,fam:iOS,maj:iOS_13,maj:iOS_13,maj:iOS_13,leaf:iOS_13_5.0,leaf:iOS_13_5.0,leaf:iOS_13_3.0|leaf:iOS_13_4.0|leaf:iOS_13_5.0
10845,fam:iOS,fam:iOS,fam:iOS,maj:iOS_13,maj:iOS_13,maj:iOS_13,leaf:iOS_13_5.0,leaf:iOS_13_5.0,leaf:iOS_13_3.0|leaf:iOS_13_4.0|leaf:iOS_13_5.0
10846,fam:iOS,fam:iOS,fam:iOS,maj:iOS_13,maj:iOS_13,maj:iOS_13,leaf:iOS_13_5.0,leaf:iOS_13_3.0,leaf:iOS_13_3.0|leaf:iOS_13_4.0|leaf:iOS_13_5.0
10850,fam:iOS,fam:macOS,fam:macOS,maj:iOS_13,maj:macOS_10,maj:macOS_10,leaf:iOS_13_5.0,leaf:macOS_10_15.0,leaf:macOS_10_15.0
10852,fam:iOS,fam:iOS,fam:iOS,maj:iOS_13,maj:iOS_13,maj:iOS_13,leaf:iOS_13_5.0,leaf:iOS_13_4.0,leaf:iOS_13_3.0|leaf:iOS_13_4.0|leaf:iOS_13_5.0
10854,fam:iOS,fam:iOS,fam:iOS,maj:iOS_13,maj:iOS_13,maj:iOS_13,leaf:iOS_13_5.0,leaf:iOS_13_4.0,leaf:iOS_13_3.0|leaf:iOS_13_4.0|leaf:iOS_13_5.0
10855,fam:iOS,fam:iOS,fam:iOS,maj:iOS_13,maj:iOS_13,maj:iOS_13,leaf:iOS_13_5.0,leaf:iOS_13_4.0,leaf:iOS_13_3.0|leaf:iOS_13_4.0|leaf:iOS_13_5.0
10856,fam:iOS,fam:iOS,fam:iOS,maj:iOS_13,maj:iOS_13,maj:iOS_13,leaf:iOS_13_5.0,leaf:iOS_13_4.0,leaf:iOS_13_3.0|leaf:iOS_13_4.0|leaf:iOS_13_5.0
10859,fam:iOS,fam:iOS,fam:iOS,maj:iOS_13,maj:iOS_13,maj:iOS_13,leaf:iOS_13_5.0,leaf:iOS_13_4.0,leaf:iOS_13_3.0|leaf:iOS_13_4.0|leaf:iOS_13_5.0
10861,fam:iOS,fam:iOS,fam:iOS,maj:iOS_13,maj:iOS_13,maj:iOS_13,leaf:iOS_13_5.0,leaf:iOS_13_4.0,leaf:iOS_13_3.0|leaf:iOS_13_4.0|leaf:iOS_13_5.0
10863,fam:iOS,fam:iOS,fam:iOS,maj:iOS_13,maj:iOS_13,maj:iOS_13,leaf:iOS_13_5.0,leaf:iOS_13_4.0,leaf:iOS_13_3.0|leaf:iOS_13_4.0|leaf:iOS_13_5.0|leaf:macOS_10_11.0
10868,fam:iOS,fam:iOS,fam:iOS,maj:iOS_13,maj:iOS_13,maj:iOS_13,leaf:iOS_13_5.0,leaf:iOS_13_3.0,leaf:iOS_13_3.0|leaf:iOS_13_5.0
10869,fam:iOS,fam:iOS,fam:iOS,maj:iOS_13,maj:iOS_13,maj:iOS_13,leaf:iOS_13_5.0,leaf:iOS_13_4.0,leaf:iOS_13_4.0|leaf:iOS_13_5.0
10871,fam:iOS,fam:iOS,fam:iOS,maj:iOS_13,maj:iOS_13,maj:iOS_13,leaf:iOS_13_5.0,leaf:iOS_13_4.0,leaf:iOS_13_3.0|leaf:iOS_13_4.0|leaf:iOS_13_5.0
10873,fam:iOS,fam:iOS,fam:iOS,maj:iOS_13,maj:iOS_13,maj:iOS_13,leaf:iOS_13_5.0,leaf:iOS_13_4.0,leaf:iOS_13_3.0|leaf:iOS_13_4.0|leaf:iOS_13_5.0
10874,fam:iOS,fam:iOS,fam:iOS,maj:iOS_13,maj:iOS_13,maj:iOS_13,leaf:iOS_13_5.0,leaf:iOS_13_3.0,leaf:iOS_13_3.0|leaf:iOS_13_5.0
10875,fam:iOS,fam:iOS,fam:iOS,maj:iOS_13,maj:iOS_13,maj:iOS_13,leaf:iOS_13_5.0,leaf:iOS_13_4.0,leaf:iOS_13_4.0|leaf:iOS_13_5.0
10878,fam:iOS,fam:iOS,fam:iOS,maj:iOS_13,maj:iOS_13,maj:iOS_13,leaf:iOS_13_5.0,leaf:iOS_13_3.0,leaf:iOS_13_3.0|leaf:iOS_13_5.0
10879,fam:iOS,fam:iOS,fam:iOS,maj:iOS_13,maj:iOS_13,maj:iOS_13,leaf:iOS_13_5.0,leaf:iOS_13_4.0,leaf:iOS_13_3.0|leaf:iOS_13_4.0|leaf:iOS_13_5.0
10880,fam:iOS,fam:iOS,fam:iOS,maj:iOS_13,maj:iOS_13,maj:iOS_13,leaf:iOS_13_5.0,leaf:iOS_13_3.0,leaf:iOS_13_3.0|leaf:iOS_13_5.0
10881,fam:iOS,fam:iOS,,maj:iOS_13,maj:iOS_13,maj:iOS_13|maj:macOS_10,leaf:iOS_13_5.0,leaf:iOS_13_5.0,leaf:iOS_13_3.0|leaf:iOS_13_4.0|leaf:iOS_13_5.0|leaf:macOS_10_11.0
10883,fam:iOS,fam:iOS,fam:iOS,maj:iOS_13,maj:iOS_13,maj:iOS_13,leaf:iOS_13_5.0,leaf:iOS_13_5.0,leaf:iOS_13_4.0|leaf:iOS_13_5.0
10886,fam:iOS,fam:iOS,fam:iOS,maj:iOS_13,maj:iOS_13,maj:iOS_13,leaf:iOS_13_5.0,leaf:iOS_13_4.0,leaf:iOS_13_3.0|leaf:iOS_13_4.0|leaf:iOS_13_5.0
10889,fam:iOS,fam:iOS,fam:iOS,maj:iOS_13,maj:iOS_13,maj:iOS_13,leaf:iOS_13_5.0,leaf:iOS_13_4.0,leaf:iOS_13_4.0|leaf:iOS_13_5.0
10890,fam:iOS,fam:iOS,fam:iOS,maj:iOS_13,maj:iOS_13,maj:iOS_13,leaf:iOS_13_5.0,leaf:iOS_13_4.0,leaf:iOS_13_3.0|leaf:iOS_13_4.0|leaf:iOS_13_5.0
10891,fam:iOS,fam:iOS,fam:iOS,maj:iOS_13,maj:iOS_13,maj:iOS_13,leaf:iOS_13_5.0,leaf:iOS_13_4.0,leaf:iOS_13_3.0|leaf:iOS_13_4.0|leaf:iOS_13_5.0
10894,fam:iOS,fam:iOS,fam:iOS,maj:iOS_13,maj:iOS_13,maj:iOS_13,leaf:iOS_13_5.0,leaf:iOS_13_4.0,leaf:iOS_13_4.0|leaf:iOS_13_5.0|leaf:macOS_10_11.0
10898,fam:iOS,fam:iOS,fam:iOS,maj:iOS_13,maj:iOS_13,maj:iOS_13|maj:macOS_10,leaf:iOS_13_5.0,leaf:iOS_13_5.0,leaf:iOS_13_3.0|leaf:iOS_13_4.0|leaf:iOS_13_5.0
10899,fam:iOS,fam:iOS,fam:iOS,maj:iOS_13,maj:iOS_13,maj:iOS_13,leaf:iOS_13_5.0,leaf:iOS_13_4.0,leaf:iOS_13_3.0|leaf:iOS_13_4.0|leaf:iOS_13_5.0
10900,fam:iOS,fam:iOS,fam:iOS,maj:iOS_13,maj:iOS_13,maj:iOS_13,leaf:iOS_13_5.0,leaf:iOS_13_5.0,leaf:iOS_13_5.0
10903,fam:iOS,fam:iOS,fam:iOS,maj:iOS_13,maj:iOS_13,maj:iOS_13,leaf:iOS_13_5.0,leaf:iOS_13_4.0,leaf:iOS_13_3.0|leaf:iOS_13_4.0|leaf:iOS_13_5.0
10904,fam:iOS,fam:iOS,fam:iOS,maj:iOS_13,maj:iOS_13,maj:iOS_13,leaf:iOS_13_5.0,leaf:iOS_13_5.0,leaf:iOS_13_2.0|leaf:iOS_13_4.0|leaf:iOS_13_5.0
10906,fam:iOS,fam:iOS,fam:iOS,maj:iOS_13,maj:iOS_13,maj:iOS_13,leaf:iOS_13_5.0,leaf:iOS_13_4.0,leaf:iOS_13_3.0|leaf:iOS_13_4.0|leaf:iOS_13_5.0
10908,fam:iOS,fam:iOS,fam:iOS,maj:iOS_13,maj:iOS_13,maj:iOS_13,leaf:iOS_13_5.0,leaf:iOS_13_4.0,leaf:iOS_13_4.0|leaf:iOS_13_5.0
10909,fam:iOS,fam:iOS,fam:iOS,maj:iOS_13,maj:iOS_13,maj:iOS_13,leaf:iOS_13_5.0,leaf:iOS_13_4.0,leaf:iOS_13_3.0|leaf:iOS_13_4.0|leaf:iOS_13_5.0
10911,fam:iOS,fam:iOS,fam:iOS,maj:iOS_13,maj:iOS_13,maj:iOS_13,leaf:iOS_13_5.0,leaf:iOS_13_4.0,leaf:iOS_13_3.0|leaf:iOS_13_4.0|leaf:iOS_13_5.0
10913,fam:iOS,fam:iOS,fam:iOS,maj:iOS_13,maj:iOS_13,maj:iOS_13,leaf:iOS_13_5.0,leaf:iOS_13_4.0,leaf:iOS_13_4.0|leaf:iOS_13_5.0
10914,fam:iOS,fam:iOS,fam:iOS,maj:iOS_13,maj:iOS_13,maj:iOS_13,leaf:iOS_13_5.0,leaf:iOS_13_4.0,leaf:iOS_13_3.0|leaf:iOS_13_4.0|leaf:iOS_13_5.0
10918,fam:iOS,fam:iOS,fam:iOS,maj:iOS_13,maj:iOS_13,maj:iOS_13,leaf:iOS_13_5.0,leaf:iOS_13_4.0,leaf:iOS_13_4.0|leaf:iOS_13_5.0
10919,fam:iOS,fam:iOS,fam:iOS,maj:iOS_13,maj:iOS_13,maj:iOS_13,leaf:iOS_13_5.0,leaf:iOS_13_4.0,leaf:iOS_13_3.0|leaf:iOS_13_4.0|leaf:iOS_13_5.0
10921,fam:iOS,fam:iOS,fam:iOS,maj:iOS_13,maj:iOS_13,maj:iOS_13,leaf:iOS_13_5.0,leaf:iOS_13_4.0,leaf:iOS_13_3.0|leaf:iOS_13_4.0|leaf:iOS_13_5.0
10922,fam:iOS,fam:iOS,fam:iOS,maj:iOS_13,maj:iOS_13,maj:iOS_13,leaf:iOS_13_5.0,leaf:iOS_13_4.0,leaf:iOS_13_3.0|leaf:iOS_13_4.0|leaf:iOS_13_5.0
10923,fam:iOS,fam:iOS,fam:iOS,maj:iOS_13,maj:iOS_13,maj:iOS_13,leaf:iOS_13_5.0,leaf:iOS_13_5.0,leaf:iOS_13_5.0
10924,fam:iOS,fam:iOS,fam:iOS,maj:iOS_13,maj:iOS_13,maj:iOS_13,leaf:iOS_13_5.0,leaf:iOS_13_4.0,leaf:iOS_13_3.0|leaf:iOS_13_4.0|leaf:iOS_13_5.0
10925,fam:iOS,fam:iOS,fam:iOS,maj:iOS_13,maj:iOS_13,maj:iOS_13,leaf:iOS_13_5.0,leaf:iOS_13_5.0,leaf:iOS_13_4.0|leaf:iOS_13_5.0
10928,fam:iOS,fam:iOS,fam:iOS,maj:iOS_13,maj:iOS_13,maj:iOS_13,leaf:iOS_13_5.0,leaf:iOS_13_4.0,leaf:iOS_13_4.0|leaf:iOS_13_5.0
10931,fam:iOS,fam:iOS,fam:iOS,maj:iOS_13,maj:iOS_13,maj:iOS_13,leaf:iOS_13_5.0,leaf:iOS_13_4.0,leaf:iOS_13_4.0|leaf:iOS_13_5.0|leaf:macOS_10_11.0
10932,fam:iOS,fam:iOS,fam:iOS,maj:iOS_13,maj:iOS_13,maj:iOS_13,leaf:iOS_13_5.0,leaf:iOS_13_3.0,leaf:iOS_13_3.0|leaf:iOS_13_5.0
10933,fam:iOS,fam:iOS,,maj:iOS_13,maj:iOS_13,maj:iOS_13|maj:macOS_10,leaf:iOS_13_5.0,leaf:macOS_10_11.0,leaf:iOS_13_3.0|leaf:iOS_13_4.0|leaf:iOS_13_5.0|leaf:macOS_10_11.0
10934,fam:iOS,fam:iOS,fam:iOS,maj:iOS_13,maj:iOS_13,maj:iOS_13,leaf:iOS_13_5.0,leaf:iOS_13_3.0,leaf:iOS_13_3.0|leaf:iOS_13_4.0|leaf:iOS_13_5.0
10935,fam:iOS,fam:iOS,fam:iOS,maj:iOS_13,maj:iOS_13,maj:iOS_13,leaf:iOS_13_5.0,leaf:iOS_13_4.0,leaf:iOS_13_3.0|leaf:iOS_13_4.0|leaf:iOS_13_5.0
10938,fam:iOS,fam:iOS,fam:iOS,maj:iOS_13,maj:iOS_13,maj:iOS_13,leaf:iOS_13_5.0,leaf:iOS_13_5.0,leaf:iOS_13_4.0|leaf:iOS_13_5.0
10940,fam:iOS,fam:iOS,fam:iOS,maj:iOS_13,maj:iOS_13,maj:iOS_13,leaf:iOS_13_5.0,leaf:iOS_13_4.0,leaf:iOS_13_3.0|leaf:iOS_13_4.0|leaf:iOS_13_5.0
10948,fam:iOS,fam:iOS,fam:iOS,maj:iOS_13,maj:iOS_13,maj:iOS_13,leaf:iOS_13_5.0,leaf:iOS_13_4.0,leaf:iOS_13_3.0|leaf:iOS_13_4.0|leaf:iOS_13_5.0
10950,fam:iOS,fam:iOS,fam:iOS,maj:iOS_13,maj:iOS_13,maj:iOS_13,leaf:iOS_13_5.0,leaf:iOS_13_4.0,leaf:iOS_13_3.0|leaf:iOS_13_4.0|leaf:iOS_13_5.0
10951,fam:iOS,fam:iOS,fam:iOS,maj:iOS_13,maj:iOS_13,maj:iOS_13,leaf:iOS_13_5.0,leaf:iOS_13_4.0,leaf:iOS_13_4.0|leaf:iOS_13_5.0
10953,fam:iOS,fam:iOS,fam:iOS,maj:iOS_13,maj:iOS_13,maj:iOS_13,leaf:iOS_13_5.0,leaf:iOS_13_4.0,leaf:iOS_13_4.0|leaf:iOS_13_5.0
10954,fam:iOS,fam:iOS,fam:iOS,maj:iOS_13,maj:iOS_13,maj:iOS_13,leaf:iOS_13_5.0,leaf:iOS_13_4.0,leaf:iOS_13_3.0|leaf:iOS_13_4.0|leaf:iOS_13_5.0
10955,fam:iOS,fam:iOS,fam:iOS,maj:iOS_13,maj:iOS_13,maj:iOS_13,leaf:iOS_13_5.0,leaf:iOS_13_4.0,leaf:iOS_13_3.0|leaf:iOS_13_4.0|leaf:iOS_13_5.0
10956,fam:iOS,fam:iOS,fam:iOS,maj:iOS_13,maj:iOS_13,maj:iOS_13,leaf:iOS_13_5.0,leaf:iOS_13_4.0,leaf:iOS_13_3.0|leaf:iOS_13_4.0|leaf:iOS_13_5.0
10957,fam:iOS,fam:iOS,fam:iOS,maj:iOS_13,maj:iOS_13,maj:iOS_13,leaf:iOS_13_5.0,leaf:iOS_13_4.0,leaf:iOS_13_3.0|leaf:iOS_13_4.0|leaf:iOS_13_5.0
10961,fam:iOS,fam:iOS,fam:iOS,maj:iOS_13,maj:iOS_13,maj:iOS_13,leaf:iOS_13_5.0,leaf:iOS_13_5.0,leaf:iOS_13_4.0|leaf:iOS_13_5.0
10962,fam:iOS,fam:iOS,fam:iOS,maj:iOS_13,maj:iOS_13,maj:iOS_13,leaf:iOS_13_5.0,leaf:iOS_13_3.0,leaf:iOS_13_3.0|leaf:iOS_13_4.0|leaf:iOS_13_5.0
10963,fam:iOS,fam:iOS,fam:iOS,maj:iOS_13,maj:iOS_13,maj:iOS_13,leaf:iOS_13_5.0,leaf:iOS_13_4.0,leaf:iOS_13_3.0|leaf:iOS_13_4.0|leaf:iOS_13_5.0
10966,fam:iOS,fam:iOS,fam:iOS,maj:iOS_13,maj:iOS_13,maj:iOS_13,leaf:iOS_13_5.0,leaf:iOS_13_4.0,leaf:iOS_13_3.0|leaf:iOS_13_4.0|leaf:iOS_13_5.0
10968,fam:iOS,fam:iOS,fam:iOS,maj:iOS_13,maj:iOS_13,maj:iOS_13,leaf:iOS_13_5.0,leaf:iOS_13_4.0,leaf:iOS_13_3.0|leaf:iOS_13_4.0|leaf:iOS_13_5.0
10969,fam:iOS,fam:iOS,fam:iOS,maj:iOS_13,maj:iOS_13,maj:iOS_13,leaf:iOS_13_5.0,leaf:iOS_13_4.0,leaf:iOS_13_3.0|leaf:iOS_13_4.0|leaf:iOS_13_5.0
10970,fam:iOS,fam:iOS,fam:iOS,maj:iOS_13,maj:iOS_13,maj:iOS_13,leaf:iOS_13_5.0,leaf:iOS_13_5.0,leaf:iOS_13_4.0|leaf:iOS_13_5.0
10971,fam:iOS,fam:iOS,fam:iOS,maj:iOS_13,maj:iOS_13,maj:iOS_13,leaf:iOS_13_5.0,leaf:iOS_13_4.0,leaf:iOS_13_4.0|leaf:iOS_13_5.0
10976,fam:iOS,fam:iOS,fam:iOS,maj:iOS_13,maj:iOS_13,maj:iOS_13,leaf:iOS_13_5.0,leaf:iOS_13_4.0,leaf:iOS_13_4.0|leaf:iOS_13_5.0
10978,fam:iOS,fam:iOS,fam:iOS,maj:iOS_13,maj:iOS_13,maj:iOS_13,leaf:iOS_13_5.0,leaf:iOS_13_4.0,leaf:iOS_13_4.0|leaf:iOS_13_5.0
10981,fam:iOS,fam:iOS,fam:iOS,maj:iOS_13,maj:iOS_13,maj:iOS_13,leaf:iOS_13_5.0,leaf:iOS_13_4.0,leaf:iOS_13_3.0|leaf:iOS_13_4.0|leaf:iOS_13_5.0
10982,fam:iOS,fam:iOS,fam:iOS,maj:iOS_13,maj:iOS_13,maj:iOS_13,leaf:iOS_13_5.0,leaf:iOS_13_4.0,leaf:iOS_13_4.0|leaf:iOS_13_5.0
10986,fam:iOS,fam:iOS,fam:iOS,maj:iOS_13,maj:iOS_13,maj:iOS_13,leaf:iOS_13_5.0,leaf:iOS_13_4.0,leaf:iOS_13_3.0|leaf:iOS_13_4.0|leaf:iOS_13_5.0
10988,fam:iOS,fam:iOS,fam:iOS,maj:iOS_13,maj:iOS_13,maj:iOS_13,leaf:iOS_13_5.0,leaf:iOS_13_4.0,leaf:iOS_13_3.0|leaf:iOS_13_4.0|leaf:iOS_13_5.0|leaf:macOS_10_11.0
10989,fam:iOS,fam:iOS,fam:iOS,maj:iOS_13,maj:iOS_13,maj:iOS_13,leaf:iOS_13_5.0,leaf:iOS_13_4.0,leaf:iOS_13_4.0
10991,fam:iOS,fam:iOS,fam:iOS,maj:iOS_13,maj:iOS_13,maj:iOS_13,leaf:iOS_13_5.0,leaf:iOS_13_4.0,leaf:iOS_13_3.0|leaf:iOS_13_4.0|leaf:iOS_13_5.0|leaf:macOS_10_11.0
11000,fam:iOS,fam:iOS,fam:iOS,maj:iOS_13,maj:iOS_13,maj:iOS_13,leaf:iOS_13_5.0,leaf:iOS_13_3.0,leaf:iOS_13_3.0|leaf:iOS_13_5.0
11001,fam:iOS,fam:iOS,,maj:iOS_13,maj:iOS_13,maj:iOS_13,leaf:iOS_13_5.0,leaf:iOS_13_5.0,leaf:iOS_13_3.0|leaf:iOS_13_4.0|leaf:iOS_13_5.0
11005,fam:iOS,fam:iOS,fam:iOS,maj:iOS_13,maj:iOS_13,maj:iOS_13,leaf:iOS_13_5.0,leaf:iOS_13_4.0,leaf:iOS_13_3.0|leaf:iOS_13_4.0|leaf:iOS_13_5.0
11011,fam:iOS,fam:iOS,fam:iOS,maj:iOS_13,maj:iOS_13,maj:iOS_13,leaf:iOS_13_5.0,leaf:iOS_13_4.0,leaf:iOS_13_4.0|leaf:iOS_13_5.0
11014,fam:iOS,fam:iOS,fam:iOS,maj:iOS_13,maj:iOS_13,maj:iOS_13,leaf:iOS_13_5.0,leaf:iOS_13_4.0,leaf:iOS_13_3.0|leaf:iOS_13_4.0|leaf:iOS_13_5.0
11017,fam:iOS,fam:iOS,fam:iOS,maj:iOS_13,maj:iOS_13,maj:iOS_13,leaf:iOS_13_5.0,leaf:iOS_13_3.0,leaf:iOS_13_3.0|leaf:iOS_13_5.0
11024,fam:iOS,fam:iOS,fam:iOS,maj:iOS_13,maj:iOS_13,maj:iOS_13,leaf:iOS_13_5.0,leaf:iOS_13_4.0,leaf:iOS_13_3.0|leaf:iOS_13_4.0|leaf:iOS_13_5.0
11026,fam:iOS,fam:iOS,fam:iOS,maj:iOS_13,maj:iOS_13,maj:iOS_13,leaf:iOS_13_5.0,leaf:iOS_13_4.0,leaf:iOS_13_3.0|leaf:iOS_13_4.0|leaf:iOS_13_5.0
11028,fam:iOS,fam:iOS,fam:iOS,maj:iOS_13,maj:iOS_13,maj:iOS_13,leaf:iOS_13_5.0,leaf:iOS_13_5.0,leaf:iOS_13_3.0|leaf:iOS_13_5.0
11030,fam:iOS,fam:iOS,fam:iOS,maj:iOS_13,maj:iOS_13,maj:iOS_13,leaf:iOS_13_5.0,leaf:iOS_13_4.0,leaf:iOS_13_4.0|leaf:iOS_13_5.0
11031,fam:iOS,fam:iOS,fam:iOS,maj:iOS_13,maj:iOS_13,maj:iOS_13,leaf:iOS_13_5.0,leaf:iOS_13_5.0,leaf:iOS_13_5.0
11033,fam:iOS,fam:iOS,fam:iOS,maj:iOS_13,maj:iOS_13,maj:iOS_13,leaf:iOS_13_5.0,leaf:iOS_13_5.0,leaf:iOS_13_5.0
11039,fam:iOS,fam:iOS,fam:iOS,maj:iOS_13,maj:iOS_13,maj:iOS_13,leaf:iOS_13_5.0,leaf:iOS_13_4.0,leaf:iOS_13_3.0|leaf:iOS_13_4.0|leaf:iOS_13_5.0
11041,fam:iOS,fam:iOS,fam:iOS,maj:iOS_13,maj:iOS_13,maj:iOS_13,leaf:iOS_13_5.0,leaf:iOS_13_5.0,leaf:iOS_13_4.0|leaf:iOS_13_5.0
11042,fam:iOS,fam:iOS,fam:iOS,maj:iOS_13,maj:iOS_13,maj:iOS_13,leaf:iOS_13_5.0,leaf:iOS_13_3.0,leaf:iOS_13_3.0|leaf:iOS_13_4.0|leaf:iOS_13_5.0
11047,fam:iOS,fam:iOS,fam:iOS,maj:iOS_13,maj:iOS_13,maj:iOS_13,leaf:iOS_13_5.0,leaf:iOS_13_4.0,leaf:iOS_13_3.0|leaf:iOS_13_4.0|leaf:iOS_13_5.0
11048,fam:iOS,fam:iOS,fam:iOS,maj:iOS_13,maj:iOS_13,maj:iOS_13,leaf:iOS_13_5.0,leaf:iOS_13_4.0,leaf:iOS_13_3.0|leaf:iOS_13_4.0|leaf:iOS_13_5.0
11054,fam:iOS,fam:iOS,fam:iOS,maj:iOS_13,maj:iOS_13,maj:iOS_13,leaf:iOS_13_5.0,leaf:iOS_13_4.0,leaf:iOS_13_3.0|leaf:iOS_13_4.0|leaf:iOS_13_5.0
11057,fam:iOS,fam:iOS,fam:iOS,maj:iOS_13,maj:iOS_13,maj:iOS_13,leaf:iOS_13_5.0,leaf:iOS_13_3.0,leaf:iOS_13_3.0|leaf:iOS_13_5.0
11059,fam:iOS,fam:iOS,fam:iOS,maj:iOS_13,maj:iOS_13,maj:iOS_13,leaf:iOS_13_5.0,leaf:iOS_13_4.0,leaf:iOS_13_3.0|leaf:iOS_13_4.0|leaf:iOS_13_5.0
11060,fam:iOS,fam:iOS,fam:iOS,maj:iOS_13,maj:iOS_13,maj:iOS_13,leaf:iOS_13_5.0,leaf:iOS_13_4.0,leaf:iOS_13_3.0|leaf:iOS_13_4.0|leaf:iOS_13_5.0
11062,fam:iOS,fam:iOS,fam:iOS,maj:iOS_13,maj:iOS_13,maj:iOS_13,leaf:iOS_13_5.0,leaf:iOS_13_4.0,leaf:iOS_13_3.0|leaf:iOS_13_4.0|leaf:iOS_13_5.0
11063,fam:iOS,fam:iOS,fam:iOS,maj:iOS_13,maj:iOS_13,maj:iOS_13,leaf:iOS_13_5.0,leaf:iOS_13_4.0,leaf:iOS_13_3.0|leaf:iOS_13_4.0|leaf:iOS_13_5.0
11065,fam:iOS,fam:iOS,fam:iOS,maj:iOS_13,maj:iOS_13,maj:iOS_13,leaf:iOS_13_5.0,leaf:iOS_13_4.0,leaf:iOS_13_3.0|leaf:iOS_13_4.0|leaf:iOS_13_5.0
11066,fam:iOS,fam:iOS,fam:iOS,maj:iOS_13,maj:iOS_13,maj:iOS_13,leaf:iOS_13_5.0,leaf:iOS_13_4.0,leaf:iOS_13_3.0|leaf:iOS_13_4.0|leaf:iOS_13_5.0
11067,fam:iOS,fam:iOS,fam:iOS,maj:iOS_13,maj:iOS_13,maj:iOS_13,leaf:iOS_13_5.0,leaf:iOS_13_4.0,leaf:iOS_13_3.0|leaf:iOS_13_4.0|leaf:iOS_13_5.0
11070,fam:iOS,fam:iOS,fam:iOS,maj:iOS_13,maj:iOS_13,maj:iOS_13,leaf:iOS_13_5.0,leaf:iOS_13_5.0,leaf:iOS_13_5.0
11073,fam:iOS,fam:iOS,fam:iOS,maj:iOS_13,maj:iOS_13,maj:iOS_13,leaf:iOS_13_5.0,leaf:iOS_13_5.0,leaf:iOS_13_3.0|leaf:iOS_13_5.0
11075,fam:iOS,fam:iOS,fam:iOS,maj:iOS_13,maj:iOS_13,maj:iOS_13,leaf:iOS_13_5.0,leaf:iOS_13_5.0,leaf:iOS_13_2.0|leaf:iOS_13_4.0|leaf:iOS_13_5.0
11080,fam:iOS,fam:iOS,fam:iOS,maj:iOS_13,maj:iOS_13,maj:iOS_13,leaf:iOS_13_5.0,leaf:iOS_13_3.0,leaf:iOS_13_3.0|leaf:iOS_13_4.0|leaf:iOS_13_5.0
11081,fam:iOS,fam:iOS,fam:iOS,maj:iOS_13,maj:iOS_13,maj:iOS_13,leaf:iOS_13_5.0,leaf:iOS_13_4.0,leaf:iOS_13_4.0
11082,fam:iOS,fam:iOS,fam:iOS,maj:iOS_13,maj:iOS_13,maj:iOS_13,leaf:iOS_13_5.0,leaf:iOS_13_5.0,leaf:iOS_13_5.0
11083,fam:iOS,fam:iOS,fam:iOS,maj:iOS_13,maj:iOS_13,maj:iOS_13,leaf:iOS_13_5.0,leaf:iOS_13_5.0,leaf:iOS_13_3.0|leaf:iOS_13_4.0|leaf:iOS_13_5.0
11084,fam:iOS,fam:iOS,fam:iOS,maj:iOS_13,maj:iOS_13,maj:iOS_13,leaf:iOS_13_5.0,leaf:iOS_13_4.0,leaf:iOS_13_3.0|leaf:iOS_13_4.0|leaf:iOS_13_5.0|leaf:macOS_10_11.0
11085,fam:iOS,fam:iOS,fam:iOS,maj:iOS_13,maj:iOS_13,maj:iOS_13,leaf:iOS_13_5.0,leaf:iOS_13_4.0,leaf:iOS_13_3.0|leaf:iOS_13_4.0|leaf:iOS_13_5.0
11088,fam:iOS,fam:iOS,fam:iOS,maj:iOS_13,maj:iOS_13,maj:iOS_13,leaf:iOS_13_5.0,leaf:iOS_13_4.0,leaf:iOS_13_3.0|leaf:iOS_13_4.0|leaf:iOS_13_5.0
11089,fam:iOS,fam:iOS,,maj:iOS_13,maj:macOS_10,maj:macOS_10,leaf:iOS_13_5.0,leaf:iOS_13_5.0,leaf:iOS_13_5.0|leaf:macOS_10_15.0
11090,fam:iOS,fam:iOS,fam:iOS,maj:iOS_13,maj:iOS_13,maj:iOS_13,leaf:iOS_13_5.0,leaf:iOS_13_4.0,leaf:iOS_13_3.0|leaf:iOS_13_4.0|leaf:iOS_13_5.0
11091,fam:iOS,fam:iOS,fam:iOS,maj:iOS_13,maj:iOS_13,maj:iOS_13,leaf:iOS_13_5.0,leaf:iOS_13_4.0,leaf:iOS_13_3.0|leaf:iOS_13_4.0|leaf:iOS_13_5.0
11092,fam:iOS,fam:iOS,fam:iOS,maj:iOS_13,maj:iOS_13,maj:iOS_13,leaf:iOS_13_5.0,leaf:iOS_13_4.0,leaf:iOS_13_3.0|leaf:iOS_13_4.0|leaf:iOS_13_5.0
11096,fam:iOS,fam:iOS,fam:iOS,maj:iOS_13,maj:iOS_13,maj:iOS_13,leaf:iOS_13_5.0,leaf:iOS_13_5.0,leaf:iOS_13_5.0
11099,fam:iOS,fam:iOS,fam:iOS,maj:iOS_13,maj:iOS_13,maj:iOS_13,leaf:iOS_13_5.0,leaf:iOS_13_4.0,leaf:iOS_13_3.0|leaf:iOS_13_4.0|leaf:iOS_13_5.0
11100,fam:iOS,fam:iOS,fam:iOS,maj:iOS_13,maj:iOS_13,maj:iOS_13,leaf:iOS_13_5.0,leaf:iOS_13_4.0,leaf:iOS_13_3.0|leaf:iOS_13_4.0|leaf:iOS_13_5.0
11101,fam:iOS,fam:iOS,fam:iOS,maj:iOS_13,maj:iOS_13,maj:iOS_13,leaf:iOS_13_5.0,leaf:iOS_13_5.0,leaf:iOS_13_4.0|leaf:iOS_13_5.0
11102,fam:iOS,fam:iOS,fam:iOS,maj:iOS_13,maj:iOS_13,maj:iOS_13,leaf:iOS_13_5.0,leaf:iOS_13_4.0,leaf:iOS_13_3.0|leaf:iOS_13_4.0|leaf:iOS_13_5.0
11103,fam:iOS,fam:iOS,fam:iOS,maj:iOS_13,maj:iOS_13,maj:iOS_13,leaf:iOS_13_5.0,leaf:iOS_13_4.0,leaf:iOS_13_3.0|leaf:iOS_13_4.0|leaf:iOS_13_5.0
11105,fam:iOS,fam:iOS,fam:iOS,maj:iOS_13,maj:iOS_13,maj:iOS_13,leaf:iOS_13_5.0,leaf:iOS_13_4.0,leaf:iOS_13_3.0|leaf:iOS_13_4.0|leaf:iOS_13_5.0
11107,fam:iOS,fam:iOS,fam:iOS,maj:iOS_13,maj:iOS_13,maj:iOS_13,leaf:iOS_13_5.0,leaf:iOS_13_4.0,leaf:iOS_13_3.0|leaf:iOS_13_4.0|leaf:iOS_13_5.0
11108,fam:iOS,fam:iOS,fam:iOS,maj:iOS_13,maj:iOS_13,maj:iOS_13,leaf:iOS_13_5.0,leaf:iOS_13_4.0,leaf:iOS_13_3.0|leaf:iOS_13_4.0|leaf:iOS_13_5.0
11109,fam:iOS,fam:iOS,fam:iOS,maj:iOS_13,maj:iOS_13,maj:iOS_13,leaf:iOS_13_5.0,leaf:iOS_13_5.0,leaf:iOS_13_3.0|leaf:iOS_13_4.0|leaf:iOS_13_5.0
11110,fam:iOS,fam:iOS,fam:iOS,maj:iOS_13,maj:iOS_13,maj:iOS_13,leaf:iOS_13_5.0,leaf:iOS_13_4.0,leaf:iOS_13_4.0|leaf:iOS_13_5.0
11111,fam:iOS,fam:iOS,fam:iOS,maj:iOS_13,maj:iOS_13,maj:iOS_13,leaf:iOS_13_5.0,leaf:iOS_13_3.0,leaf:iOS_13_3.0|leaf:iOS_13_5.0
11113,fam:iOS,fam:iOS,fam:iOS,maj:iOS_13,maj:iOS_13,maj:iOS_13,leaf:iOS_13_5.0,leaf:iOS_13_4.0,leaf:iOS_13_3.0|leaf:iOS_13_4.0|leaf:iOS_13_5.0
11114,fam:iOS,fam:iOS,fam:iOS,maj:iOS_13,maj:iOS_13,maj:iOS_13,leaf:iOS_13_5.0,leaf:iOS_13_4.0,leaf:iOS_13_3.0|leaf:iOS_13_4.0|leaf:iOS_13_5.0
11116,fam:iOS,fam:iOS,fam:iOS,maj:iOS_13,maj:iOS_13,maj:iOS_13,leaf:iOS_13_5.0,leaf:iOS_13_4.0,leaf:iOS_13_3.0|leaf:iOS_13_4.0|leaf:iOS_13_5.0
11117,fam:iOS,fam:iOS,fam:iOS,maj:iOS_13,maj:iOS_13,maj:iOS_13,leaf:iOS_13_5.0,leaf:iOS_13_4.0,leaf:iOS_13_3.0|leaf:iOS_13_4.0|leaf:iOS_13_5.0
11120,fam:iOS,fam:iOS,fam:iOS,maj:iOS_13,maj:iOS_13,maj:iOS_13,leaf:iOS_13_5.0,leaf:iOS_13_4.0,leaf:iOS_13_4.0|leaf:iOS_13_5.0
11122,fam:iOS,fam:iOS,fam:iOS,maj:iOS_13,maj:iOS_13,maj:iOS_13,leaf:iOS_13_5.0,leaf:iOS_13_3.0,leaf:iOS_13_3.0|leaf:iOS_13_5.0
11123,fam:iOS,fam:iOS,fam:iOS,maj:iOS_13,maj:iOS_13,maj:iOS_13,leaf:iOS_13_5.0,leaf:iOS_13_4.0,leaf:iOS_13_3.0|leaf:iOS_13_4.0|leaf:iOS_13_5.0
11125,fam:iOS,fam:iOS,fam:iOS,maj:iOS_13,maj:iOS_13,maj:iOS_13,leaf:iOS_13_5.0,leaf:iOS_13_4.0,leaf:iOS_13_3.0|leaf:iOS_13_4.0|leaf:iOS_13_5.0
11131,fam:iOS,fam:iOS,fam:iOS,maj:iOS_13,maj:iOS_13,maj:iOS_13,leaf:iOS_13_5.0,leaf:iOS_13_4.0,leaf:iOS_13_3.0|leaf:iOS_13_4.0|leaf:iOS_13_5.0
11132,fam:iOS,fam:iOS,fam:iOS,maj:iOS_13,maj:iOS_13,maj:iOS_13,leaf:iOS_13_5.0,leaf:iOS_13_4.0,leaf:iOS_13_3.0|leaf:iOS_13_4.0|leaf:iOS_13_5.0
11135,fam:iOS,fam:iOS,fam:iOS,maj:iOS_13,maj:iOS_13,maj:iOS_13,leaf:iOS_13_5.0,leaf:iOS_13_4.0,leaf:iOS_13_4.0|leaf:iOS_13_5.0|leaf:macOS_10_11.0
11140,fam:iOS,fam:iOS,fam:iOS,maj:iOS_13,maj:iOS_13,maj:iOS_13,leaf:iOS_13_5.0,leaf:iOS_13_5.0,leaf:iOS_13_3.0|leaf:iOS_13_4.0|leaf:iOS_13_5.0
11142,fam:iOS,fam:iOS,,maj:iOS_13,maj:macOS_10,maj:iOS_13|maj:macOS_10,leaf:iOS_13_5.0,leaf:iOS_13_5.0,leaf:iOS_13_5.0|leaf:macOS_10_15.0
11144,fam:iOS,fam:iOS,,maj:iOS_13,maj:iOS_13,maj:iOS_13|maj:macOS_10,leaf:iOS_13_5.0,leaf:iOS_13_5.0,leaf:iOS_13_3.0|leaf:iOS_13_4.0|leaf:iOS_13_5.0|leaf:macOS_10_11.0
11145,fam:iOS,fam:iOS,fam:iOS,maj:iOS_13,maj:iOS_13,maj:iOS_13,leaf:iOS_13_5.0,leaf:iOS_13_4.0,leaf:iOS_13_3.0|leaf:iOS_13_4.0|leaf:iOS_13_5.0|leaf:macOS_10_11.0
11148,fam:iOS,fam:iOS,fam:iOS,maj:iOS_13,maj:iOS_13,maj:iOS_13,leaf:iOS_13_5.0,leaf:iOS_13_4.0,leaf:iOS_13_3.0|leaf:iOS_13_4.0|leaf:iOS_13_5.0
11149,fam:iOS,fam:iOS,fam:iOS,maj:iOS_13,maj:iOS_13,maj:iOS_13,leaf:iOS_13_5.0,leaf:iOS_13_4.0,leaf:iOS_13_3.0|leaf:iOS_13_4.0|leaf:iOS_13_5.0
11151,fam:iOS,fam:iOS,fam:iOS,maj:iOS_13,maj:iOS_13,maj:iOS_13,leaf:iOS_13_5.0,leaf:iOS_13_4.0,leaf:iOS_13_3.0|leaf:iOS_13_4.0|leaf:iOS_13_5.0
11153,fam:iOS,fam:iOS,fam:iOS,maj:iOS_13,maj:iOS_13,maj:iOS_13,leaf:iOS_13_5.0,leaf:iOS_13_4.0,leaf:iOS_13_3.0|leaf:iOS_13_4.0|leaf:iOS_13_5.0
11154,fam:iOS,fam:iOS,fam:iOS,maj:iOS_13,maj:iOS_13,maj:iOS_13,leaf:iOS_13_5.0,leaf:iOS_13_4.0,leaf:iOS_13_3.0|leaf:iOS_13_4.0|leaf:iOS_13_5.0
11159,fam:iOS,fam:iOS,fam:iOS,maj:iOS_13,maj:iOS_13,maj:iOS_13,leaf:iOS_13_5.0,leaf:iOS_13_4.0,leaf:iOS_13_3.0|leaf:iOS_13_4.0|leaf:iOS_13_5.0
11161,fam:iOS,fam:iOS,fam:iOS,maj:iOS_13,maj:iOS_13,maj:iOS_13,leaf:iOS_13_5.0,leaf:iOS_13_4.0,leaf:iOS_13_3.0|leaf:iOS_13_4.0|leaf:iOS_13_5.0
11167,fam:iOS,fam:iOS,fam:iOS,maj:iOS_13,maj:iOS_13,maj:iOS_13,leaf:iOS_13_5.0,leaf:iOS_13_4.0,leaf:iOS_13_4.0|leaf:iOS_13_5.0
11168,fam:iOS,fam:iOS,fam:iOS,maj:iOS_13,maj:iOS_13,maj:iOS_13,leaf:iOS_13_5.0,leaf:iOS_13_4.0,leaf:iOS_13_3.0|leaf:iOS_13_4.0|leaf:iOS_13_5.0
11169,fam:iOS,fam:iOS,fam:iOS,maj:iOS_13,maj:iOS_13,maj:iOS_13,leaf:iOS_13_5.0,leaf:iOS_13_4.0,leaf:iOS_13_4.0
11170,fam:iOS,fam:iOS,fam:iOS,maj:iOS_13,maj:iOS_13,maj:iOS_13,leaf:iOS_13_5.0,leaf:iOS_13_5.0,leaf:iOS_13_2.0|leaf:iOS_13_4.0|leaf:iOS_13_5.0
11171,fam:iOS,fam:iOS,fam:iOS,maj:iOS_13,maj:iOS_13,maj:iOS_13,leaf:iOS_13_5.0,leaf:iOS_13_4.0,leaf:iOS_13_3.0|leaf:iOS_13_4.0|leaf:iOS_13_5.0
11173,fam:iOS,fam:iOS,fam:iOS,maj:iOS_13,maj:iOS_13,maj:iOS_13,leaf:iOS_13_5.0,leaf:iOS_13_4.0,leaf:iOS_13_3.0|leaf:iOS_13_4.0|leaf:iOS_13_5.0
11174,fam:iOS,fam:iOS,fam:iOS,maj:iOS_13,maj:iOS_13,maj:iOS_13,leaf:iOS_13_5.0,leaf:iOS_13_4.0,leaf:iOS_13_3.0|leaf:iOS_13_4.0|leaf:iOS_13_5.0
11176,fam:iOS,fam:iOS,fam:iOS,maj:iOS_13,maj:iOS_13,maj:iOS_13,leaf:iOS_13_5.0,leaf:iOS_13_5.0,leaf:iOS_13_4.0|leaf:iOS_13_5.0
11177,fam:iOS,fam:iOS,fam:iOS,maj:iOS_13,maj:iOS_13,maj:iOS_13,leaf:iOS_13_5.0,leaf:iOS_13_5.0,leaf:iOS_13_2.0|leaf:iOS_13_4.0|leaf:iOS_13_5.0
11178,fam:iOS,fam:iOS,fam:iOS,maj:iOS_13,maj:iOS_13,maj:iOS_13,leaf:iOS_13_5.0,leaf:iOS_13_4.0,leaf:iOS_13_4.0|leaf:iOS_13_5.0
11179,fam:iOS,fam:iOS,fam:iOS,maj:iOS_13,maj:iOS_13,maj:iOS_13,leaf:iOS_13_5.0,leaf:iOS_13_4.0,leaf:iOS_13_4.0
11180,fam:iOS,fam:iOS,fam:iOS,maj:iOS_13,maj:iOS_13,maj:iOS_13,leaf:iOS_13_5.0,leaf:iOS_13_5.0,leaf:iOS_13_4.0|leaf:iOS_13_5.0
11181,fam:iOS,fam:iOS,fam:iOS,maj:iOS_13,maj:iOS_13,maj:iOS_13,leaf:iOS_13_5.0,leaf:iOS_13_4.0,leaf:iOS_13_3.0|leaf:iOS_13_4.0|leaf:iOS_13_5.0
11183,fam:iOS,fam:iOS,fam:iOS,maj:iOS_13,maj:iOS_13,maj:iOS_13,leaf:iOS_13_5.0,leaf:iOS_13_4.0,leaf:iOS_13_3.0|leaf:iOS_13_4.0|leaf:iOS_13_5.0
11185,fam:iOS,fam:iOS,fam:iOS,maj:iOS_13,maj:iOS_13,maj:iOS_13,leaf:iOS_13_5.0,leaf:iOS_13_4.0,leaf:iOS_13_3.0|leaf:iOS_13_4.0|leaf:iOS_13_5.0
11186,fam:iOS,fam:iOS,fam:iOS,maj:iOS_13,maj:iOS_13,maj:iOS_13,leaf:iOS_13_5.0,leaf:iOS_13_4.0,leaf:iOS_13_3.0|leaf:iOS_13_4.0|leaf:iOS_13_5.0
11187,fam:iOS,fam:iOS,fam:iOS,maj:iOS_13,maj:iOS_13,maj:iOS_13,leaf:iOS_13_5.0,leaf:iOS_13_4.0,leaf:iOS_13_3.0|leaf:iOS_13_4.0|leaf:iOS_13_5.0|leaf:macOS_10_11.0
11192,fam:iOS,fam:iOS,fam:iOS,maj:iOS_13,maj:iOS_13,maj:iOS_13,leaf:iOS_13_5.0,leaf:iOS_13_4.0,leaf:iOS_13_3.0|leaf:iOS_13_4.0|leaf:iOS_13_5.0
11193,fam:iOS,fam:iOS,fam:iOS,maj:iOS_13,maj:iOS_13,maj:iOS_13,leaf:iOS_13_5.0,leaf:iOS_13_4.0,leaf:iOS_13_3.0|leaf:iOS_13_4.0|leaf:iOS_13_5.0
11194,fam:iOS,fam:iOS,fam:iOS,maj:iOS_13,maj:iOS_13,maj:iOS_13,leaf:iOS_13_5.0,leaf:iOS_13_5.0,leaf:iOS_13_2.0|leaf:iOS_13_4.0|leaf:iOS_13_5.0
11196,fam:iOS,fam:iOS,fam:iOS,maj:iOS_13,maj:iOS_13,maj:iOS_13,leaf:iOS_13_5.0,leaf:iOS_13_4.0,leaf:iOS_13_3.0|leaf:iOS_13_4.0|leaf:iOS_13_5.0
11197,fam:iOS,fam:iOS,fam:iOS,maj:iOS_13,maj:iOS_13,maj:iOS_13,leaf:iOS_13_5.0,leaf:iOS_13_5.0,leaf:iOS_13_4.0|leaf:iOS_13_5.0
11198,fam:iOS,fam:iOS,fam:iOS,maj:iOS_13,maj:iOS_13,maj:iOS_13,leaf:iOS_13_5.0,leaf:iOS_13_5.0,leaf:iOS_13_3.0|leaf:iOS_13_5.0
11199,fam:iOS,fam:iOS,fam:iOS,maj:iOS_13,maj:iOS_13,maj:iOS_13,leaf:iOS_13_5.0,leaf:iOS_13_4.0,leaf:iOS_13_3.0|leaf:iOS_13_4.0|leaf:iOS_13_5.0
11200,fam:iOS,fam:iOS,fam:iOS,maj:iOS_13,maj:iOS_13,maj:iOS_13,leaf:iOS_13_5.0,leaf:iOS_13_4.0,leaf:iOS_13_3.0|leaf:iOS_13_4.0|leaf:iOS_13_5.0
11204,fam:iOS,fam:macOS,fam:macOS,maj:iOS_13,maj:macOS_10,maj:macOS_10,leaf:iOS_13_5.0,leaf:macOS_10_15.0,leaf:macOS_10_15.0
11212,fam:iOS,fam:iOS,fam:iOS,maj:iOS_13,maj:iOS_13,maj:iOS_13,leaf:iOS_13_5.0,leaf:iOS_13_4.0,leaf:iOS_13_4.0
11213,fam:iOS,fam:iOS,fam:iOS,maj:iOS_13,maj:iOS_13,maj:iOS_13,leaf:iOS_13_5.0,leaf:iOS_13_3.0,leaf:iOS_13_3.0|leaf:iOS_13_4.0|leaf:iOS_13_5.0
11214,fam:iOS,fam:iOS,,maj:iOS_13,maj:iOS_13,maj:iOS_13|maj:macOS_10,leaf:iOS_13_5.0,leaf:iOS_13_5.0,leaf:iOS_13_3.0|leaf:iOS_13_4.0|leaf:iOS_13_5.0|leaf:macOS_10_11.0
11215,fam:iOS,fam:iOS,fam:iOS,maj:iOS_13,maj:iOS_13,maj:iOS_13,leaf:iOS_13_5.0,leaf:iOS_13_4.0,leaf:iOS_13_3.0|leaf:iOS_13_4.0|leaf:iOS_13_5.0
11218,fam:iOS,fam:iOS,fam:iOS,maj:iOS_13,maj:iOS_13,maj:iOS_13,leaf:iOS_13_5.0,leaf:iOS_13_4.0,leaf:iOS_13_4.0|leaf:iOS_13_5.0|leaf:macOS_10_11.0
11219,fam:iOS,fam:iOS,,maj:iOS_13,maj:iOS_13,maj:iOS_13|maj:macOS_10,leaf:iOS_13_5.0,leaf:macOS_10_11.0,leaf:iOS_13_3.0|leaf:iOS_13_4.0|leaf:iOS_13_5.0|leaf:macOS_10_11.0
11220,fam:iOS,fam:iOS,fam:iOS,maj:iOS_13,maj:iOS_13,maj:iOS_13,leaf:iOS_13_5.0,leaf:iOS_13_3.0,leaf:iOS_13_3.0|leaf:iOS_13_5.0
11223,fam:iOS,fam:iOS,fam:iOS,maj:iOS_13,maj:iOS_13,maj:iOS_13,leaf:iOS_13_5.0,leaf:iOS_13_5.0,leaf:iOS_13_3.0|leaf:iOS_13_4.0|leaf:iOS_13_5.0
11235,fam:iOS,fam:iOS,fam:iOS,maj:iOS_13,maj:iOS_13,maj:iOS_13,leaf:iOS_13_5.0,leaf:iOS_13_5.0,leaf:iOS_13_5.0
11236,fam:iOS,fam:iOS,fam:iOS,maj:iOS_13,maj:iOS_13,maj:iOS_13,leaf:iOS_13_5.0,leaf:iOS_13_5.0,leaf:iOS_13_5.0
11237,fam:iOS,fam:iOS,fam:iOS,maj:iOS_13,maj:iOS_13,maj:iOS_13,leaf:iOS_13_5.0,leaf:iOS_13_5.0,leaf:iOS_13_4.0|leaf:iOS_13_5.0
11240,fam:iOS,fam:iOS,fam:iOS,maj:iOS_13,maj:iOS_13,maj:iOS_13,leaf:iOS_13_5.0,leaf:iOS_13_4.0,leaf:iOS_13_4.0|leaf:iOS_13_5.0
11241,fam:iOS,fam:iOS,fam:iOS,maj:iOS_13,maj:iOS_13,maj:iOS_13,leaf:iOS_13_5.0,leaf:iOS_13_4.0,leaf:iOS_13_4.0|leaf:iOS_13_5.0|leaf:macOS_10_11.0
11243,fam:iOS,fam:iOS,fam:iOS,maj:iOS_13,maj:iOS_13,maj:iOS_13,leaf:iOS_13_5.0,leaf:iOS_13_3.0,leaf:iOS_13_3.0|leaf:iOS_13_4.0|leaf:iOS_13_5.0
11245,fam:iOS,fam:iOS,fam:iOS,maj:iOS_13,maj:iOS_13,maj:iOS_13,leaf:iOS_13_5.0,leaf:iOS_13_4.0,leaf:iOS_13_3.0|leaf:iOS_13_4.0|leaf:iOS_13_5.0
11248,fam:iOS,fam:iOS,fam:iOS,maj:iOS_13,maj:iOS_13,maj:iOS_13,leaf:iOS_13_5.0,leaf:iOS_13_4.0,leaf:iOS_13_3.0|leaf:iOS_13_4.0|leaf:iOS_13_5.0
11249,fam:iOS,fam:iOS,fam:iOS,maj:iOS_13,maj:iOS_13,maj:iOS_13,leaf:iOS_13_5.0,leaf:iOS_13_4.0,leaf:iOS_13_3.0|leaf:iOS_13_4.0|leaf:iOS_13_5.0
11250,fam:iOS,fam:iOS,fam:iOS,maj:iOS_13,maj:iOS_13,maj:iOS_13,leaf:iOS_13_5.0,leaf:iOS_13_4.0,leaf:iOS_13_3.0|leaf:iOS_13_4.0|leaf:iOS_13_5.0
11251,fam:iOS,fam:iOS,fam:iOS,maj:iOS_13,maj:iOS_13,maj:iOS_13,leaf:iOS_13_5.0,leaf:iOS_13_4.0,leaf:iOS_13_3.0|leaf:iOS_13_4.0|leaf:iOS_13_5.0
11252,fam:iOS,fam:iOS,fam:iOS,maj:iOS_13,maj:iOS_13,maj:iOS_13,leaf:iOS_13_5.0,leaf:iOS_13_4.0,leaf:iOS_13_3.0|leaf:iOS_13_4.0|leaf:iOS_13_5.0
11255,fam:iOS,fam:iOS,fam:iOS,maj:iOS_13,maj:iOS_13,maj:iOS_13,leaf:iOS_13_5.0,leaf:iOS_13_4.0,leaf:iOS_13_3.0|leaf:iOS_13_4.0|leaf:iOS_13_5.0
11256,fam:iOS,fam:iOS,fam:iOS,maj:iOS_13,maj:iOS_13,maj:iOS_13,leaf:iOS_13_5.0,leaf:iOS_13_4.0,leaf:iOS_13_3.0|leaf:iOS_13_4.0|leaf:iOS_13_5.0
11258,fam:iOS,fam:iOS,fam:iOS,maj:iOS_13,maj:iOS_13,maj:iOS_13,leaf:iOS_13_5.0,leaf:iOS_13_5.0,leaf:iOS_13_4.0|leaf:iOS_13_5.0
11260,fam:iOS,fam:iOS,fam:iOS,maj:iOS_13,maj:iOS_13,maj:iOS_13,leaf:iOS_13_5.0,leaf:iOS_13_4.0,leaf:iOS_13_3.0|leaf:iOS_13_4.0|leaf:iOS_13_5.0
11265,fam:iOS,fam:iOS,fam:iOS,maj:iOS_13,maj:iOS_13,maj:iOS_13,leaf:iOS_13_5.0,leaf:iOS_13_4.0,leaf:iOS_13_4.0|leaf:iOS_13_5.0|leaf:macOS_10_11.0
11267,fam:iOS,fam:iOS,fam:iOS,maj:iOS_13,maj:iOS_13,maj:iOS_13,leaf:iOS_13_5.0,leaf:iOS_13_4.0,leaf:iOS_13_3.0|leaf:iOS_13_4.0|leaf:iOS_13_5.0
11268,fam:iOS,fam:iOS,fam:iOS,maj:iOS_13,maj:iOS_13,maj:iOS_13,leaf:iOS_13_5.0,leaf:iOS_13_4.0,leaf:iOS_13_3.0|leaf:iOS_13_4.0|leaf:iOS_13_5.0
11270,fam:iOS,fam:iOS,fam:iOS,maj:iOS_13,maj:iOS_13,maj:iOS_13,leaf:iOS_13_5.0,leaf:iOS_13_5.0,leaf:iOS_13_4.0|leaf:iOS_13_5.0
11272,fam:iOS,fam:iOS,fam:iOS,maj:iOS_13,maj:iOS_13,maj:iOS_13,leaf:iOS_13_5.0,leaf:iOS_13_4.0,leaf:iOS_13_3.0|leaf:iOS_13_4.0|leaf:iOS_13_5.0
11274,fam:iOS,fam:iOS,,maj:iOS_13,maj:iOS_13,maj:iOS_13|maj:macOS_10,leaf:iOS_13_5.0,leaf:macOS_10_11.0,leaf:iOS_13_3.0|leaf:iOS_13_4.0|leaf:iOS_13_5.0|leaf:macOS_10_11.0
11277,fam:iOS,fam:iOS,fam:iOS,maj:iOS_13,maj:iOS_13,maj:iOS_13,leaf:iOS_13_5.0,leaf:iOS_13_4.0,leaf:iOS_13_3.0|leaf:iOS_13_4.0|leaf:iOS_13_5.0
11278,fam:iOS,fam:iOS,fam:iOS,maj:iOS_13,maj:iOS_13,maj:iOS_13,leaf:iOS_13_5.0,leaf:iOS_13_4.0,leaf:iOS_13_3.0|leaf:iOS_13_4.0|leaf:iOS_13_5.0
11280,fam:iOS,fam:iOS,fam:iOS,maj:iOS_13,maj:iOS_13,maj:iOS_13,leaf:iOS_13_5.0,leaf:iOS_13_5.0,leaf:iOS_13_3.0|leaf:iOS_13_4.0|leaf:iOS_13_5.0
11282,fam:iOS,fam:iOS,fam:iOS,maj:iOS_13,maj:iOS_13,maj:iOS_13,leaf:iOS_13_5.0,leaf:iOS_13_4.0,leaf:iOS_13_3.0|leaf:iOS_13_4.0|leaf:iOS_13_5.0
11283,fam:iOS,fam:iOS,,maj:iOS_13,maj:iOS_13,maj:iOS_13|maj:macOS_10,leaf:iOS_13_5.0,leaf:iOS_13_5.0,leaf:iOS_13_3.0|leaf:iOS_13_4.0|leaf:iOS_13_5.0|leaf:macOS_10_11.0
11288,fam:iOS,fam:iOS,fam:iOS,maj:iOS_13,maj:iOS_13,maj:iOS_13,leaf:iOS_13_5.0,leaf:iOS_13_4.0,leaf:iOS_13_3.0|leaf:iOS_13_4.0|leaf:iOS_13_5.0
11289,fam:iOS,fam:iOS,fam:iOS,maj:iOS_13,maj:iOS_13,maj:iOS_13,leaf:iOS_13_5.0,leaf:iOS_13_4.0,leaf:iOS_13_3.0|leaf:iOS_13_4.0|leaf:iOS_13_5.0
11290,fam:iOS,fam:iOS,fam:iOS,maj:iOS_13,maj:iOS_13,maj:iOS_13,leaf:iOS_13_5.0,leaf:iOS_13_4.0,leaf:iOS_13_3.0|leaf:iOS_13_4.0|leaf:iOS_13_5.0
11292,fam:iOS,fam:iOS,fam:iOS,maj:iOS_13,maj:iOS_13,maj:iOS_13,leaf:iOS_13_5.0,leaf:iOS_13_4.0,leaf:iOS_13_3.0|leaf:iOS_13_4.0|leaf:iOS_13_5.0
11297,fam:iOS,fam:iOS,fam:iOS,maj:iOS_13,maj:iOS_13,maj:iOS_13,leaf:iOS_13_5.0,leaf:iOS_13_3.0,leaf:iOS_13_3.0|leaf:iOS_13_4.0|leaf:iOS_13_5.0
11298,fam:iOS,fam:iOS,fam:iOS,maj:iOS_13,maj:iOS_13,maj:iOS_13,leaf:iOS_13_5.0,leaf:iOS_13_4.0,leaf:iOS_13_3.0|leaf:iOS_13_4.0|leaf:iOS_13_5.0
11299,fam:iOS,fam:iOS,fam:iOS,maj:iOS_13,maj:iOS_13,maj:iOS_13,leaf:iOS_13_5.0,leaf:iOS_13_5.0,leaf:iOS_13_4.0|leaf:iOS_13_5.0
11300,fam:iOS,fam:iOS,fam:iOS,maj:iOS_13,maj:iOS_13,maj:iOS_13,leaf:iOS_13_5.0,leaf:iOS_13_4.0,leaf:iOS_13_3.0|leaf:iOS_13_4.0|leaf:iOS_13_5.0
11304,fam:iOS,fam:iOS,fam:iOS,maj:iOS_13,maj:iOS_13,maj:iOS_13,leaf:iOS_13_5.0,leaf:iOS_13_4.0,leaf:iOS_13_4.0|leaf:iOS_13_5.0
11305,fam:iOS,fam:iOS,fam:iOS,maj:iOS_13,maj:iOS_13,maj:iOS_13,leaf:iOS_13_5.0,leaf:iOS_13_4.0,leaf:iOS_13_3.0|leaf:iOS_13_4.0|leaf:iOS_13_5.0
11306,fam:iOS,fam:iOS,fam:iOS,maj:iOS_13,maj:iOS_13,maj:iOS_13,leaf:iOS_13_5.0,leaf:iOS_13_4.0,leaf:iOS_13_4.0|leaf:iOS_13_5.0
11307,fam:iOS,fam:iOS,fam:iOS,maj:iOS_13,maj:iOS_13,maj:iOS_13,leaf:iOS_13_5.0,leaf:iOS_13_4.0,leaf:iOS_13_3.0|leaf:iOS_13_4.0|leaf:iOS_13_5.0
11308,fam:iOS,fam:iOS,fam:iOS,maj:iOS_13,maj:iOS_13,maj:iOS_13,leaf:iOS_13_5.0,leaf:iOS_13_5.0,leaf:iOS_13_3.0|leaf:iOS_13_5.0
11311,fam:iOS,fam:iOS,fam:iOS,maj:iOS_13,maj:iOS_13,maj:iOS_13,leaf:iOS_13_5.0,leaf:iOS_13_4.0,leaf:iOS_13_3.0|leaf:iOS_13_4.0|leaf:iOS_13_5.0
11312,fam:iOS,fam:iOS,fam:iOS,maj:iOS_13,maj:iOS_13,maj:iOS_13,leaf:iOS_13_5.0,leaf:iOS_13_4.0,leaf:iOS_13_4.0|leaf:iOS_13_5.0
11316,fam:iOS,fam:iOS,fam:iOS,maj:iOS_13,maj:iOS_13,maj:iOS_13,leaf:iOS_13_5.0,leaf:iOS_13_4.0,leaf:iOS_13_3.0|leaf:iOS_13_4.0|leaf:iOS_13_5.0
11317,fam:iOS,fam:iOS,fam:iOS,maj:iOS_13,maj:iOS_13,maj:iOS_13,leaf:iOS_13_5.0,leaf:iOS_13_5.0,leaf:iOS_13_5.0
11320,fam:iOS,fam:iOS,fam:iOS,maj:iOS_13,maj:iOS_13,maj:iOS_13,leaf:iOS_13_5.0,leaf:iOS_13_4.0,leaf:iOS_13_4.0|leaf:iOS_13_5.0
11321,fam:iOS,fam:iOS,fam:iOS,maj:iOS_13,maj:iOS_13,maj:iOS_13,leaf:iOS_13_5.0,leaf:iOS_13_4.0,leaf:iOS_13_4.0|leaf:iOS_13_5.0
11322,fam:iOS,fam:iOS,fam:iOS,maj:iOS_13,maj:iOS_13,maj:iOS_13,leaf:iOS_13_5.0,leaf:iOS_13_5.0,leaf:iOS_13_3.0|leaf:iOS_13_5.0
11323,fam:iOS,fam:iOS,fam:iOS,maj:iOS_13,maj:iOS_13,maj:iOS_13,leaf:iOS_13_5.0,leaf:iOS_13_4.0,leaf:iOS_13_3.0|leaf:iOS_13_4.0|leaf:iOS_13_5.0
11324,fam:iOS,fam:iOS,fam:iOS,maj:iOS_13,maj:iOS_13,maj:iOS_13,leaf:iOS_13_5.0,leaf:iOS_13_4.0,leaf:iOS_13_4.0|leaf:iOS_13_5.0|leaf:macOS_10_11.0
11325,fam:iOS,fam:iOS,fam:iOS,maj:iOS_13,maj:iOS_13,maj:iOS_13,leaf:iOS_13_5.0,leaf:iOS_13_4.0,leaf:iOS_13_3.0|leaf:iOS_13_4.0|leaf:iOS_13_5.0
11326,fam:iOS,fam:iOS,fam:iOS,maj:iOS_13,maj:iOS_13,maj:iOS_13,leaf:iOS_13_5.0,leaf:iOS_13_4.0,leaf:iOS_13_3.0|leaf:iOS_13_4.0|leaf:iOS_13_5.0
11328,fam:iOS,fam:iOS,fam:iOS,maj:iOS_13,maj:iOS_13,maj:iOS_13,leaf:iOS_13_5.0,leaf:iOS_13_4.0,leaf:iOS_13_3.0|leaf:iOS_13_4.0|leaf:iOS_13_5.0
11331,fam:iOS,fam:iOS,,maj:iOS_13,maj:iOS_13,maj:iOS_13|maj:macOS_10,leaf:iOS_13_5.0,leaf:iOS_13_5.0,leaf:iOS_13_3.0|leaf:iOS_13_4.0|leaf:iOS_13_5.0|leaf:macOS_10_11.0
11332,fam:iOS,fam:iOS,fam:iOS,maj:iOS_13,maj:iOS_13,maj:iOS_13,leaf:iOS_13_5.0,leaf:iOS_13_4.0,leaf:iOS_13_3.0|leaf:iOS_13_4.0|leaf:iOS_13_5.0
11333,fam:iOS,fam:iOS,fam:iOS,maj:iOS_13,maj:iOS_13,maj:iOS_13,leaf:iOS_13_5.0,leaf:iOS_13_4.0,leaf:iOS_13_3.0|leaf:iOS_13_4.0|leaf:iOS_13_5.0
11335,fam:iOS,fam:iOS,fam:iOS,maj:iOS_13,maj:iOS_13,maj:iOS_13,leaf:iOS_13_5.0,leaf:iOS_13_3.0,leaf:iOS_13_3.0|leaf:iOS_13_4.0|leaf:iOS_13_5.0
11337,fam:iOS,fam:iOS,fam:iOS,maj:iOS_13,maj:iOS_13,maj:iOS_13,leaf:iOS_13_5.0,leaf:iOS_13_4.0,leaf:iOS_13_3.0|leaf:iOS_13_4.0|leaf:iOS_13_5.0
11338,fam:iOS,fam:iOS,fam:iOS,maj:iOS_13,maj:iOS_13,maj:iOS_13,leaf:iOS_13_5.0,leaf:iOS_13_3.0,leaf:iOS_13_3.0
11340,fam:iOS,fam:iOS,fam:iOS,maj:iOS_13,maj:iOS_13,maj:iOS_13,leaf:iOS_13_5.0,leaf:iOS_13_4.0,leaf:iOS_13_4.0|leaf:iOS_13_5.0
11341,fam:iOS,fam:iOS,fam:iOS,maj:iOS_13,maj:iOS_13,maj:iOS_13,leaf:iOS_13_5.0,leaf:iOS_13_4.0,leaf:iOS_13_3.0|leaf:iOS_13_4.0|leaf:iOS_13_5.0
11343,fam:iOS,fam:iOS,fam:iOS,maj:iOS_13,maj:iOS_13,maj:iOS_13,leaf:iOS_13_5.0,leaf:iOS_13_4.0,leaf:iOS_13_3.0|leaf:iOS_13_4.0|leaf:iOS_13_5.0
11344,fam:iOS,fam:iOS,fam:iOS,maj:iOS_13,maj:iOS_13,maj:iOS_13,leaf:iOS_13_5.0,leaf:iOS_13_5.0,leaf:iOS_13_3.0|leaf:iOS_13_4.0|leaf:iOS_13_5.0
11346,fam:iOS,fam:iOS,fam:iOS,maj:iOS_13,maj:iOS_13,maj:iOS_13,leaf:iOS_13_5.0,leaf:iOS_13_3.0,leaf:iOS_13_3.0
11347,fam:iOS,fam:iOS,fam:iOS,maj:iOS_13,maj:iOS_13,maj:iOS_13,leaf:iOS_13_5.0,leaf:iOS_13_3.0,leaf:iOS_13_3.0|leaf:iOS_13_4.0|leaf:iOS_13_5.0
11349,fam:iOS,fam:iOS,fam:iOS,maj:iOS_13,maj:iOS_13,maj:iOS_13,leaf:iOS_13_5.0,leaf:iOS_13_4.0,leaf:iOS_13_4.0|leaf:iOS_13_5.0
11350,fam:iOS,fam:iOS,fam:iOS,maj:iOS_13,maj:iOS_13,maj:iOS_13,leaf:iOS_13_5.0,leaf:iOS_13_4.0,leaf:iOS_13_4.0|leaf:iOS_13_5.0|leaf:macOS_10_11.0
11351,fam:iOS,fam:iOS,fam:iOS,maj:iOS_13,maj:iOS_13,maj:iOS_13,leaf:iOS_13_5.0,leaf:iOS_13_4.0,leaf:iOS_13_3.0|leaf:iOS_13_4.0|leaf:iOS_13_5.0
11352,fam:iOS,fam:iOS,fam:iOS,maj:iOS_13,maj:iOS_13,maj:iOS_13,leaf:iOS_13_5.0,leaf:iOS_13_4.0,leaf:iOS_13_3.0|leaf:iOS_13_4.0|leaf:iOS_13_5.0
11358,fam:iOS,fam:iOS,fam:iOS,maj:iOS_13,maj:iOS_13,maj:iOS_13,leaf:iOS_13_5.0,leaf:iOS_13_5.0,leaf:iOS_13_3.0|leaf:iOS_13_4.0|leaf:iOS_13_5.0
11362,fam:iOS,fam:iOS,fam:iOS,maj:iOS_13,maj:iOS_13,maj:iOS_13,leaf:iOS_13_5.0,leaf:iOS_13_5.0,leaf:iOS_13_4.0|leaf:iOS_13_5.0
11363,fam:iOS,fam:iOS,fam:iOS,maj:iOS_13,maj:iOS_13,maj:iOS_13,leaf:iOS_13_5.0,leaf:iOS_13_4.0,leaf:iOS_13_3.0|leaf:iOS_13_4.0|leaf:iOS_13_5.0
11364,fam:iOS,fam:iOS,fam:iOS,maj:iOS_13,maj:iOS_13,maj:iOS_13,leaf:iOS_13_5.0,leaf:iOS_13_5.0,leaf:iOS_13_5.0
11365,fam:iOS,fam:iOS,fam:iOS,maj:iOS_13,maj:iOS_13,maj:iOS_13,leaf:iOS_13_5.0,leaf:iOS_13_4.0,leaf:iOS_13_3.0|leaf:iOS_13_4.0|leaf:iOS_13_5.0
11366,fam:iOS,fam:iOS,fam:iOS,maj:iOS_13,maj:iOS_13,maj:iOS_13,leaf:iOS_13_5.0,leaf:iOS_13_4.0,leaf:iOS_13_3.0|leaf:iOS_13_4.0|leaf:iOS_13_5.0|leaf:macOS_10_11.0
11370,fam:iOS,fam:iOS,fam:iOS,maj:iOS_13,maj:iOS_13,maj:iOS_13,leaf:iOS_13_5.0,leaf:iOS_13_4.0,leaf:iOS_13_3.0|leaf:iOS_13_4.0|leaf:iOS_13_5.0
11371,fam:iOS,fam:iOS,fam:iOS,maj:iOS_13,maj:iOS_13,maj:iOS_13,leaf:iOS_13_5.0,leaf:iOS_13_4.0,leaf:iOS_13_4.0|leaf:iOS_13_5.0
11372,fam:iOS,fam:iOS,fam:iOS,maj:iOS_13,maj:iOS_13,maj:iOS_13,leaf:iOS_13_5.0,leaf:iOS_13_4.0,leaf:iOS_13_3.0|leaf:iOS_13_4.0|leaf:iOS_13_5.0
11376,fam:iOS,fam:iOS,fam:iOS,maj:iOS_13,maj:iOS_13,maj:iOS_13,leaf:iOS_13_5.0,leaf:iOS_13_4.0,leaf:iOS_13_4.0|leaf:iOS_13_5.0|leaf:macOS_10_11.0
11377,fam:iOS,fam:iOS,fam:iOS,maj:iOS_13,maj:iOS_13,maj:iOS_13,leaf:iOS_13_5.0,leaf:iOS_13_5.0,leaf:iOS_13_4.0|leaf:iOS_13_5.0
11378,fam:iOS,fam:iOS,fam:iOS,maj:iOS_13,maj:iOS_13,maj:iOS_13,leaf:iOS_13_5.0,leaf:iOS_13_4.0,leaf:iOS_13_3.0|leaf:iOS_13_4.0|leaf:iOS_13_5.0
11384,fam:iOS,fam:iOS,fam:iOS,maj:iOS_13,maj:iOS_13,maj:iOS_13,leaf:iOS_13_5.0,leaf:iOS_13_4.0,leaf:iOS_13_4.0|leaf:iOS_13_5.0|leaf:macOS_10_11.0
11385,fam:iOS,fam:iOS,,maj:iOS_13,maj:iOS_13,maj:iOS_13|maj:macOS_10,leaf:iOS_13_5.0,leaf:macOS_10_11.0,leaf:macOS_10_11.0
11386,fam:iOS,fam:iOS,fam:iOS,maj:iOS_13,maj:iOS_13,maj:iOS_13,leaf:iOS_13_5.0,leaf:iOS_13_4.0,leaf:iOS_13_3.0|leaf:iOS_13_4.0|leaf:iOS_13_5.0
11388,fam:iOS,fam:iOS,fam:iOS,maj:iOS_13,maj:iOS_13,maj:iOS_13,leaf:iOS_13_5.0,leaf:iOS_13_5.0,leaf:iOS_13_4.0|leaf:iOS_13_5.0
11389,fam:iOS,fam:iOS,fam:iOS,maj:iOS_13,maj:iOS_13,maj:iOS_13,leaf:iOS_13_5.0,leaf:iOS_13_4.0,leaf:iOS_13_3.0|leaf:iOS_13_4.0|leaf:iOS_13_5.0
11390,fam:iOS,fam:iOS,fam:iOS,maj:iOS_13,maj:iOS_13,maj:iOS_13,leaf:iOS_13_5.0,leaf:iOS_13_4.0,leaf:iOS_13_3.0|leaf:iOS_13_4.0|leaf:iOS_13_5.0
11391,fam:iOS,fam:iOS,fam:iOS,maj:iOS_13,maj:iOS_13,maj:iOS_13,leaf:iOS_13_5.0,leaf:iOS_13_3.0,leaf:iOS_13_3.0|leaf:iOS_13_4.0|leaf:iOS_13_5.0
11393,fam:iOS,fam:iOS,,maj:iOS_13,maj:iOS_13,maj:iOS_13|maj:macOS_10,leaf:iOS_13_5.0,leaf:iOS_13_5.0,leaf:iOS_13_5.0|leaf:macOS_10_15.0
11394,fam:iOS,fam:iOS,fam:iOS,maj:iOS_13,maj:iOS_13,maj:iOS_13,leaf:iOS_13_5.0,leaf:iOS_13_5.0,leaf:iOS_13_4.0|leaf:iOS_13_5.0
11396,fam:iOS,fam:iOS,fam:iOS,maj:iOS_13,maj:iOS_13,maj:iOS_13,leaf:iOS_13_5.0,leaf:iOS_13_3.0,leaf:iOS_13_3.0|leaf:iOS_13_4.0|leaf:iOS_13_5.0
11397,fam:iOS,fam:iOS,fam:iOS,maj:iOS_13,maj:iOS_13,maj:iOS_13,leaf:iOS_13_5.0,leaf:iOS_13_4.0,leaf:iOS_13_3.0|leaf:iOS_13_4.0|leaf:iOS_13_5.0
11398,fam:iOS,fam:iOS,fam:iOS,maj:iOS_13,maj:iOS_13,maj:iOS_13,leaf:iOS_13_5.0,leaf:iOS_13_5.0,leaf:iOS_13_5.0
11399,fam:iOS,fam:iOS,fam:iOS,maj:iOS_13,maj:iOS_13,maj:iOS_13,leaf:iOS_13_5.0,leaf:iOS_13_4.0,leaf:iOS_13_3.0|leaf:iOS_13_4.0|leaf:iOS_13_5.0
11400,fam:iOS,fam:iOS,fam:iOS,maj:iOS_13,maj:iOS_13,maj:iOS_13,leaf:iOS_13_5.0,leaf:iOS_13_5.0,leaf:iOS_13_3.0|leaf:iOS_13_4.0|leaf:iOS_13_5.0|leaf:macOS_10_11.0
11403,fam:iOS,fam:iOS,fam:iOS,maj:iOS_13,maj:iOS_13,maj:iOS_13,leaf:iOS_13_5.0,leaf:iOS_13_4.0,leaf:iOS_13_3.0|leaf:iOS_13_4.0|leaf:iOS_13_5.0
11404,fam:iOS,fam:iOS,fam:iOS,maj:iOS_13,maj:iOS_13,maj:iOS_13,leaf:iOS_13_5.0,leaf:iOS_13_5.0,leaf:iOS_13_5.0
11407,fam:iOS,fam:iOS,fam:iOS,maj:iOS_13,maj:iOS_13,maj:iOS_13,leaf:iOS_13_5.0,leaf:iOS_13_4.0,leaf:iOS_13_3.0|leaf:iOS_13_4.0|leaf:iOS_13_5.0
11409,fam:iOS,fam:iOS,fam:iOS,maj:iOS_13,maj:iOS_13,maj:iOS_13,leaf:iOS_13_5.0,leaf:iOS_13_4.0,leaf:iOS_13_3.0|leaf:iOS_13_4.0|leaf:iOS_13_5.0
11410,fam:iOS,fam:iOS,fam:iOS,maj:iOS_13,maj:iOS_13,maj:iOS_13,leaf:iOS_13_5.0,leaf:iOS_13_3.0,leaf:iOS_13_3.0|leaf:iOS_13_4.0|leaf:iOS_13_5.0
11412,fam:iOS,fam:Android,fam:Android,maj:iOS_13,maj:Android_10,maj:Android_10,leaf:iOS_13_5.0,leaf:Android_10,leaf:Android_10|leaf:Android_9
11424,fam:iOS,fam:iOS,fam:iOS,maj:iOS_13,maj:iOS_13,maj:iOS_13,leaf:iOS_13_5.0,leaf:iOS_13_5.0,leaf:iOS_13_3.0|leaf:iOS_13_4.0|leaf:iOS_13_5.0
11425,fam:iOS,fam:iOS,fam:iOS,maj:iOS_13,maj:iOS_13,maj:iOS_13,leaf:iOS_13_5.0,leaf:iOS_13_5.0,leaf:iOS_13_3.0|leaf:iOS_13_4.0|leaf:iOS_13_5.0
11426,fam:iOS,fam:iOS,fam:iOS,maj:iOS_13,maj:iOS_13,maj:iOS_13,leaf:iOS_13_5.0,leaf:iOS_13_4.0,leaf:iOS_13_3.0|leaf:iOS_13_4.0|leaf:iOS_13_5.0
11433,fam:iOS,fam:iOS,fam:iOS,maj:iOS_13,maj:iOS_13,maj:iOS_13,leaf:iOS_13_5.0,leaf:iOS_13_4.0,leaf:iOS_13_3.0|leaf:iOS_13_4.0|leaf:iOS_13_5.0|leaf:macOS_10_11.0
11435,fam:iOS,fam:iOS,fam:iOS,maj:iOS_13,maj:iOS_13,maj:iOS_13,leaf:iOS_13_5.0,leaf:iOS_13_4.0,leaf:iOS_13_3.0|leaf:iOS_13_4.0|leaf:iOS_13_5.0
11436,fam:iOS,fam:iOS,fam:iOS,maj:iOS_13,maj:iOS_13,maj:iOS_13,leaf:iOS_13_5.0,leaf:iOS_13_4.0,leaf:iOS_13_4.0|leaf:iOS_13_5.0
11437,fam:iOS,fam:iOS,fam:iOS,maj:iOS_13,maj:iOS_13,maj:iOS_13,leaf:iOS_13_5.0,leaf:iOS_13_4.0,leaf:iOS_13_4.0|leaf:iOS_13_5.0
11438,fam:iOS,fam:iOS,fam:iOS,maj:iOS_13,maj:iOS_13,maj:iOS_13,leaf:iOS_13_5.0,leaf:iOS_13_4.0,leaf:iOS_13_3.0|leaf:iOS_13_4.0|leaf:iOS_13_5.0
11444,fam:iOS,fam:iOS,fam:iOS,maj:iOS_13,maj:iOS_13,maj:iOS_13,leaf:iOS_13_5.0,leaf:iOS_13_3.0,leaf:iOS_13_3.0|leaf:iOS_13_4.0|leaf:iOS_13_5.0
11445,fam:iOS,fam:iOS,fam:iOS,maj:iOS_13,maj:iOS_13,maj:iOS_13,leaf:iOS_13_5.0,leaf:iOS_13_3.0,leaf:iOS_13_3.0|leaf:iOS_13_4.0|leaf:iOS_13_5.0
11446,fam:iOS,fam:iOS,,maj:iOS_13,maj:macOS_10,maj:macOS_10,leaf:iOS_13_5.0,leaf:iOS_13_5.0,leaf:iOS_13_5.0|leaf:macOS_10_15.0
11447,fam:iOS,fam:iOS,fam:iOS,maj:iOS_13,maj:iOS_13,maj:iOS_13,leaf:iOS_13_5.0,leaf:iOS_13_4.0,leaf:iOS_13_3.0|leaf:iOS_13_4.0|leaf:iOS_13_5.0
11449,fam:iOS,fam:iOS,fam:iOS,maj:iOS_13,maj:iOS_13,maj:iOS_13,leaf:iOS_13_5.0,leaf:iOS_13_4.0,leaf:iOS_13_3.0|leaf:iOS_13_4.0|leaf:iOS_13_5.0
11452,fam:iOS,fam:iOS,fam:iOS,maj:iOS_13,maj:iOS_13,maj:iOS_13,leaf:iOS_13_5.0,leaf:iOS_13_3.0,leaf:iOS_13_3.0|leaf:iOS_13_4.0|leaf:iOS_13_5.0
11456,fam:iOS,fam:iOS,fam:iOS,maj:iOS_13,maj:iOS_13,maj:iOS_13,leaf:iOS_13_5.0,leaf:iOS_13_5.0,leaf:iOS_13_2.0|leaf:iOS_13_4.0|leaf:iOS_13_5.0
11457,fam:iOS,fam:iOS,fam:iOS,maj:iOS_13,maj:iOS_13,maj:iOS_13,leaf:iOS_13_5.0,leaf:iOS_13_5.0,leaf:iOS_13_3.0|leaf:iOS_13_4.0|leaf:iOS_13_5.0|leaf:macOS_10_11.0
11458,fam:iOS,fam:iOS,fam:iOS,maj:iOS_13,maj:iOS_13,maj:iOS_13,leaf:iOS_13_5.0,leaf:iOS_13_4.0,leaf:iOS_13_3.0|leaf:iOS_13_4.0|leaf:iOS_13_5.0
11459,fam:iOS,fam:iOS,fam:iOS,maj:iOS_13,maj:iOS_13,maj:iOS_13,leaf:iOS_13_5.0,leaf:iOS_13_4.0,leaf:iOS_13_3.0|leaf:iOS_13_4.0|leaf:iOS_13_5.0
11462,fam:iOS,fam:iOS,fam:iOS,maj:iOS_13,maj:iOS_13,maj:iOS_13,leaf:iOS_13_5.0,leaf:iOS_13_4.0,leaf:iOS_13_4.0|leaf:iOS_13_5.0
11463,fam:iOS,fam:iOS,fam:iOS,maj:iOS_13,maj:iOS_13,maj:iOS_13,leaf:iOS_13_5.0,leaf:iOS_13_4.0,leaf:iOS_13_3.0|leaf:iOS_13_4.0|leaf:iOS_13_5.0
11464,fam:iOS,fam:iOS,fam:iOS,maj:iOS_13,maj:iOS_13,maj:iOS_13,leaf:iOS_13_5.0,leaf:iOS_13_4.0,leaf:iOS_13_3.0|leaf:iOS_13_4.0|leaf:iOS_13_5.0
11465,fam:iOS,fam:iOS,fam:iOS,maj:iOS_13,maj:iOS_13,maj:iOS_13,leaf:iOS_13_5.0,leaf:iOS_13_4.0,leaf:iOS_13_3.0|leaf:iOS_13_4.0|leaf:iOS_13_5.0
11466,fam:iOS,fam:iOS,fam:iOS,maj:iOS_13,maj:iOS_13,maj:iOS_13,leaf:iOS_13_5.0,leaf:iOS_13_4.0,leaf:iOS_13_3.0|leaf:iOS_13_4.0|leaf:iOS_13_5.0
11467,fam:iOS,fam:iOS,fam:iOS,maj:iOS_13,maj:iOS_13,maj:iOS_13,leaf:iOS_13_5.0,leaf:iOS_13_5.0,leaf:iOS_13_3.0|leaf:iOS_13_4.0|leaf:iOS_13_5.0
11473,fam:iOS,fam:iOS,fam:iOS,maj:iOS_13,maj:iOS_13,maj:iOS_13,leaf:iOS_13_5.0,leaf:iOS_13_4.0,leaf:iOS_13_4.0|leaf:iOS_13_5.0|leaf:macOS_10_11.0
11474,fam:iOS,fam:iOS,fam:iOS,maj:iOS_13,maj:iOS_13,maj:iOS_13,leaf:iOS_13_5.0,leaf:iOS_13_4.0,leaf:iOS_13_3.0|leaf:iOS_13_4.0|leaf:iOS_13_5.0
11477,fam:iOS,fam:iOS,fam:iOS,maj:iOS_13,maj:iOS_13,maj:iOS_13,leaf:iOS_13_5.0,leaf:iOS_13_4.0,leaf:iOS_13_3.0|leaf:iOS_13_4.0|leaf:iOS_13_5.0
11478,fam:iOS,fam:iOS,fam:iOS,maj:iOS_13,maj:iOS_13,maj:iOS_13,leaf:iOS_13_5.0,leaf:iOS_13_4.0,leaf:iOS_13_3.0|leaf:iOS_13_4.0|leaf:iOS_13_5.0
11479,fam:iOS,fam:iOS,fam:iOS,maj:iOS_13,maj:iOS_13,maj:iOS_13,leaf:iOS_13_5.0,leaf:iOS_13_4.0,leaf:iOS_13_3.0|leaf:iOS_13_4.0|leaf:iOS_13_5.0
11482,fam:iOS,fam:iOS,fam:iOS,maj:iOS_13,maj:iOS_13,maj:iOS_13,leaf:iOS_13_5.0,leaf:iOS_13_5.0,leaf:iOS_13_4.0|leaf:iOS_13_5.0
11484,fam:iOS,fam:iOS,fam:iOS,maj:iOS_13,maj:iOS_13,maj:iOS_13,leaf:iOS_13_5.0,leaf:iOS_13_3.0,leaf:iOS_13_3.0|leaf:iOS_13_5.0
11486,fam:iOS,fam:iOS,fam:iOS,maj:iOS_13,maj:iOS_13,maj:iOS_13,leaf:iOS_13_5.0,leaf:iOS_13_5.0,leaf:iOS_13_5.0
11487,fam:iOS,fam:iOS,fam:iOS,maj:iOS_13,maj:iOS_13,maj:iOS_13,leaf:iOS_13_5.0,leaf:iOS_13_4.0,leaf:iOS_13_3.0|leaf:iOS_13_4.0|leaf:iOS_13_5.0
11488,fam:iOS,fam:iOS,fam:iOS,maj:iOS_13,maj:iOS_13,maj:iOS_13,leaf:iOS_13_5.0,leaf:iOS_13_4.0,leaf:iOS_13_3.0|leaf:iOS_13_4.0|leaf:iOS_13_5.0
11492,fam:iOS,fam:iOS,fam:iOS,maj:iOS_13,maj:iOS_13,maj:iOS_13,leaf:iOS_13_5.0,leaf:iOS_13_4.0,leaf:iOS_13_3.0|leaf:iOS_13_4.0|leaf:iOS_13_5.0
11496,fam:iOS,fam:iOS,fam:iOS,maj:iOS_13,maj:iOS_13,maj:iOS_13,leaf:iOS_13_5.0,leaf:iOS_13_5.0,leaf:iOS_13_2.0|leaf:iOS_13_4.0|leaf:iOS_13_5.0
11499,fam:iOS,fam:iOS,fam:iOS,maj:iOS_13,maj:iOS_13,maj:iOS_13,leaf:iOS_13_5.0,leaf:iOS_13_4.0,leaf:iOS_13_3.0|leaf:iOS_13_4.0|leaf:iOS_13_5.0
11500,fam:iOS,fam:iOS,fam:iOS,maj:iOS_13,maj:iOS_13,maj:iOS_13,leaf:iOS_13_5.0,leaf:iOS_13_4.0,leaf:iOS_13_4.0
11501,fam:iOS,fam:iOS,fam:iOS,maj:iOS_13,maj:iOS_13,maj:iOS_13,leaf:iOS_13_5.0,leaf:iOS_13_5.0,leaf:iOS_13_3.0|leaf:iOS_13_4.0|leaf:iOS_13_5.0
11502,fam:iOS,fam:iOS,fam:iOS,maj:iOS_13,maj:iOS_13,maj:iOS_13,leaf:iOS_13_5.0,leaf:iOS_13_5.0,leaf:iOS_13_4.0|leaf:iOS_13_5.0
11508,fam:iOS,fam:iOS,fam:iOS,maj:iOS_13,maj:iOS_13,maj:iOS_13,leaf:iOS_13_5.0,leaf:iOS_13_4.0,leaf:iOS_13_4.0|leaf:iOS_13_5.0|leaf:macOS_10_11.0
11510,fam:iOS,fam:iOS,fam:iOS,maj:iOS_13,maj:iOS_13,maj:iOS_13,leaf:iOS_13_5.0,leaf:iOS_13_4.0,leaf:iOS_13_3.0|leaf:iOS_13_4.0|leaf:iOS_13_5.0
11513,fam:iOS,fam:iOS,fam:iOS,maj:iOS_13,maj:iOS_13,maj:iOS_13,leaf:iOS_13_5.0,leaf:iOS_13_5.0,leaf:iOS_13_4.0|leaf:iOS_13_5.0
11518,fam:iOS,fam:iOS,fam:iOS,maj:iOS_13,maj:iOS_13,maj:iOS_13,leaf:iOS_13_5.0,leaf:iOS_13_4.0,leaf:iOS_13_3.0|leaf:iOS_13_4.0|leaf:iOS_13_5.0
11519,fam:iOS,fam:iOS,fam:iOS,maj:iOS_13,maj:iOS_13,maj:iOS_13,leaf:iOS_13_5.0,leaf:iOS_13_4.0,leaf:iOS_13_3.0|leaf:iOS_13_4.0|leaf:iOS_13_5.0
11523,fam:iOS,fam:iOS,fam:iOS,maj:iOS_13,maj:iOS_13,maj:iOS_13,leaf:iOS_13_5.0,leaf:iOS_13_4.0,leaf:iOS_13_3.0|leaf:iOS_13_4.0|leaf:iOS_13_5.0
11526,fam:iOS,fam:iOS,fam:iOS,maj:iOS_13,maj:iOS_13,maj:iOS_13,leaf:iOS_13_5.0,leaf:iOS_13_4.0,leaf:iOS_13_3.0|leaf:iOS_13_4.0|leaf:iOS_13_5.0
11527,fam:iOS,fam:iOS,fam:iOS,maj:iOS_13,maj:iOS_13,maj:iOS_13,leaf:iOS_13_5.0,leaf:iOS_13_5.0,leaf:iOS_13_4.0|leaf:iOS_13_5.0
11528,fam:iOS,fam:iOS,fam:iOS,maj:iOS_13,maj:iOS_13,maj:iOS_13,leaf:iOS_13_5.0,leaf:iOS_13_4.0,leaf:iOS_13_4.0|leaf:iOS_13_5.0
11529,fam:iOS,fam:iOS,fam:iOS,maj:iOS_13,maj:iOS_13,maj:iOS_13,leaf:iOS_13_5.0,leaf:iOS_13_5.0,leaf:iOS_13_4.0|leaf:iOS_13_5.0
11530,fam:iOS,fam:iOS,fam:iOS,maj:iOS_13,maj:iOS_13,maj:iOS_13,leaf:iOS_13_5.0,leaf:iOS_13_4.0,leaf:iOS_13_3.0|leaf:iOS_13_4.0|leaf:iOS_13_5.0|leaf:macOS_10_11.0
11532,fam:iOS,fam:iOS,,maj:iOS_13,maj:iOS_13,maj:iOS_13|maj:macOS_10,leaf:iOS_13_5.0,leaf:iOS_13_5.0,leaf:iOS_13_3.0|leaf:iOS_13_4.0|leaf:iOS_13_5.0|leaf:macOS_10_11.0
11534,fam:iOS,fam:iOS,fam:iOS,maj:iOS_13,maj:iOS_13,maj:iOS_13,leaf:iOS_13_5.0,leaf:iOS_13_4.0,leaf:iOS_13_4.0|leaf:iOS_13_5.0
11535,fam:iOS,fam:iOS,fam:iOS,maj:iOS_13,maj:iOS_13,maj:iOS_13,leaf:iOS_13_5.0,leaf:iOS_13_4.0,leaf:iOS_13_4.0|leaf:iOS_13_5.0
11538,fam:iOS,fam:iOS,fam:iOS,maj:iOS_13,maj:iOS_13,maj:iOS_13,leaf:iOS_13_5.0,leaf:iOS_13_4.0,leaf:iOS_13_3.0|leaf:iOS_13_4.0|leaf:iOS_13_5.0
11541,fam:iOS,fam:iOS,fam:iOS,maj:iOS_13,maj:iOS_13,maj:iOS_13,leaf:iOS_13_5.0,leaf:iOS_13_4.0,leaf:iOS_13_3.0|leaf:iOS_13_4.0|leaf:iOS_13_5.0
11543,fam:iOS,fam:iOS,fam:iOS,maj:iOS_13,maj:iOS_13,maj:iOS_13,leaf:iOS_13_5.0,leaf:iOS_13_4.0,leaf:iOS_13_3.0|leaf:iOS_13_4.0|leaf:iOS_13_5.0
11544,fam:iOS,fam:iOS,fam:iOS,maj:iOS_13,maj:iOS_13,maj:iOS_13,leaf:iOS_13_5.0,leaf:iOS_13_4.0,leaf:iOS_13_3.0|leaf:iOS_13_4.0|leaf:iOS_13_5.0
11545,fam:iOS,fam:iOS,fam:iOS,maj:iOS_13,maj:iOS_13,maj:iOS_13,leaf:iOS_13_5.0,leaf:iOS_13_4.0,leaf:iOS_13_3.0|leaf:iOS_13_4.0|leaf:iOS_13_5.0
11547,fam:iOS,fam:iOS,fam:iOS,maj:iOS_13,maj:iOS_13,maj:iOS_13,leaf:iOS_13_5.0,leaf:iOS_13_4.0,leaf:iOS_13_4.0|leaf:iOS_13_5.0|leaf:macOS_10_11.0
11553,fam:iOS,fam:iOS,fam:iOS,maj:iOS_13,maj:iOS_13,maj:iOS_13,leaf:iOS_13_5.0,leaf:iOS_13_5.0,leaf:iOS_13_3.0|leaf:iOS_13_5.0
11555,fam:iOS,fam:iOS,fam:iOS,maj:iOS_13,maj:iOS_13,maj:iOS_13,leaf:iOS_13_5.0,leaf:iOS_13_4.0,leaf:iOS_13_4.0|leaf:iOS_13_5.0
11556,fam:iOS,fam:iOS,fam:iOS,maj:iOS_13,maj:iOS_13,maj:iOS_13,leaf:iOS_13_5.0,leaf:iOS_13_5.0,leaf:iOS_13_3.0|leaf:iOS_13_5.0
11561,fam:iOS,fam:iOS,fam:iOS,maj:iOS_13,maj:iOS_13,maj:iOS_13,leaf:iOS_13_5.0,leaf:iOS_13_4.0,leaf:iOS_13_3.0|leaf:iOS_13_4.0|leaf:iOS_13_5.0
11565,fam:iOS,fam:iOS,fam:iOS,maj:iOS_13,maj:iOS_13,maj:iOS_13,leaf:iOS_13_5.0,leaf:iOS_13_4.0,leaf:iOS_13_3.0|leaf:iOS_13_4.0|leaf:iOS_13_5.0
11567,fam:iOS,fam:iOS,fam:iOS,maj:iOS_13,maj:iOS_13,maj:iOS_13,leaf:iOS_13_5.0,leaf:iOS_13_4.0,leaf:iOS_13_3.0|leaf:iOS_13_4.0|leaf:iOS_13_5.0
11572,fam:iOS,fam:iOS,fam:iOS,maj:iOS_13,maj:iOS_13,maj:iOS_13,leaf:iOS_13_5.0,leaf:iOS_13_4.0,leaf:iOS_13_4.0|leaf:iOS_13_5.0
11574,fam:iOS,fam:iOS,fam:iOS,maj:iOS_13,maj:iOS_13,maj:iOS_13,leaf:iOS_13_5.0,leaf:iOS_13_4.0,leaf:iOS_13_3.0|leaf:iOS_13_4.0|leaf:iOS_13_5.0
11575,fam:iOS,fam:iOS,fam:iOS,maj:iOS_13,maj:iOS_13,maj:iOS_13,leaf:iOS_13_5.0,leaf:iOS_13_4.0,leaf:iOS_13_3.0|leaf:iOS_13_4.0|leaf:iOS_13_5.0
11577,fam:iOS,fam:iOS,fam:iOS,maj:iOS_13,maj:iOS_13,maj:iOS_13,leaf:iOS_13_5.0,leaf:iOS_13_4.0,leaf:iOS_13_3.0|leaf:iOS_13_4.0|leaf:iOS_13_5.0
11579,fam:iOS,fam:iOS,fam:iOS,maj:iOS_13,maj:iOS_13,maj:iOS_13,leaf:iOS_13_5.0,leaf:iOS_13_4.0,leaf:iOS_13_3.0|leaf:iOS_13_4.0|leaf:iOS_13_5.0
11581,fam:iOS,fam:iOS,fam:iOS,maj:iOS_13,maj:iOS_13,maj:iOS_13,leaf:iOS_13_5.0,leaf:iOS_13_4.0,leaf:iOS_13_3.0|leaf:iOS_13_4.0|leaf:iOS_13_5.0
11582,fam:iOS,fam:iOS,fam:iOS,maj:iOS_13,maj:iOS_13,maj:iOS_13,leaf:iOS_13_5.0,leaf:iOS_13_5.0,leaf:iOS_13_3.0|leaf:iOS_13_4.0|leaf:iOS_13_5.0
11583,fam:iOS,fam:iOS,fam:iOS,maj:iOS_13,maj:iOS_13,maj:iOS_13,leaf:iOS_13_5.0,leaf:iOS_13_5.0,leaf:iOS_13_4.0|leaf:iOS_13_5.0
11584,fam:iOS,fam:iOS,,maj:iOS_13,maj:iOS_13,maj:iOS_13|maj:macOS_10,leaf:iOS_13_5.0,leaf:macOS_10_11.0,leaf:iOS_13_3.0|leaf:iOS_13_4.0|leaf:iOS_13_5.0|leaf:macOS_10_11.0
11586,fam:iOS,fam:iOS,fam:iOS,maj:iOS_13,maj:iOS_13,maj:iOS_13,leaf:iOS_13_5.0,leaf:iOS_13_4.0,leaf:iOS_13_4.0|leaf:iOS_13_5.0
11588,fam:iOS,fam:iOS,fam:iOS,maj:iOS_13,maj:iOS_13,maj:iOS_13,leaf:iOS_13_5.0,leaf:iOS_13_4.0,leaf:iOS_13_3.0|leaf:iOS_13_4.0|leaf:iOS_13_5.0
11589,fam:iOS,fam:iOS,fam:iOS,maj:iOS_13,maj:iOS_13,maj:iOS_13,leaf:iOS_13_5.0,leaf:iOS_13_5.0,leaf:iOS_13_2.0|leaf:iOS_13_4.0|leaf:iOS_13_5.0
11591,fam:iOS,fam:iOS,fam:iOS,maj:iOS_13,maj:iOS_13,maj:iOS_13,leaf:iOS_13_5.0,leaf:iOS_13_4.0,leaf:iOS_13_4.0|leaf:iOS_13_5.0
11593,fam:iOS,fam:iOS,fam:iOS,maj:iOS_13,maj:iOS_13,maj:iOS_13,leaf:iOS_13_5.0,leaf:iOS_13_4.0,leaf:iOS_13_3.0|leaf:iOS_13_4.0|leaf:iOS_13_5.0
11595,fam:iOS,fam:iOS,fam:iOS,maj:iOS_13,maj:iOS_13,maj:iOS_13,leaf:iOS_13_5.0,leaf:iOS_13_4.0,leaf:iOS_13_3.0|leaf:iOS_13_4.0|leaf:iOS_13_5.0
11599,fam:iOS,fam:iOS,fam:iOS,maj:iOS_13,maj:iOS_13,maj:iOS_13,leaf:iOS_13_5.0,leaf:iOS_13_4.0,leaf:iOS_13_3.0|leaf:iOS_13_4.0|leaf:iOS_13_5.0
11600,fam:iOS,fam:iOS,fam:iOS,maj:iOS_13,maj:iOS_13,maj:iOS_13,leaf:iOS_13_5.0,leaf:iOS_13_3.0,leaf:iOS_13_3.0|leaf:iOS_13_5.0
11603,fam:iOS,fam:iOS,fam:iOS,maj:iOS_13,maj:iOS_13,maj:iOS_13,leaf:iOS_13_5.0,leaf:iOS_13_4.0,leaf:iOS_13_3.0|leaf:iOS_13_4.0|leaf:iOS_13_5.0
11605,fam:iOS,fam:iOS,fam:iOS,maj:iOS_13,maj:iOS_13,maj:iOS_13,leaf:iOS_13_6.0,leaf:iOS_13_3.0,leaf:iOS_13_3.0|leaf:iOS_13_4.0|leaf:iOS_13_5.0
11607,fam:iOS,fam:iOS,fam:iOS,maj:iOS_13,maj:iOS_13,maj:iOS_13,leaf:iOS_13_6.0,leaf:iOS_13_4.0,leaf:iOS_13_3.0|leaf:iOS_13_4.0|leaf:iOS_13_5.0|leaf:macOS_10_11.0
11610,fam:iOS,fam:iOS,,maj:iOS_13,maj:iOS_13,maj:iOS_13|maj:macOS_10,leaf:iOS_13_6.0,leaf:iOS_13_5.0,leaf:iOS_13_3.0|leaf:iOS_13_4.0|leaf:iOS_13_5.0|leaf:macOS_10_11.0
11611,fam:iOS,fam:iOS,fam:iOS,maj:iOS_13,maj:iOS_13,maj:iOS_13,leaf:iOS_13_6.0,leaf:iOS_13_4.0,leaf:iOS_13_3.0|leaf:iOS_13_4.0|leaf:iOS_13_5.0
11613,fam:iOS,fam:iOS,,maj:iOS_14,maj:iOS_14,maj:iOS_14,leaf:iOS_14_0.0,leaf:iOS_14_0.0,leaf:iOS_14_0.0
11615,fam:iOS,fam:iOS,fam:iOS,maj:iOS_14,maj:iOS_14,maj:iOS_14,leaf:iOS_14_0.0,leaf:iOS_14_0.0,leaf:iOS_14_0.0
11616,fam:iOS,fam:iOS,fam:iOS,maj:iOS_14,maj:iOS_14,maj:iOS_14,leaf:iOS_14_0.0,leaf:iOS_14_0.0,leaf:iOS_14_0.0
11617,fam:iOS,fam:iOS,fam:iOS,maj:iOS_14,maj:iOS_14,maj:iOS_14,leaf:iOS_14_0.0,leaf:iOS_14_0.0,leaf:iOS_14_0.0
11621,fam:iOS,fam:iOS,fam:iOS,maj:iOS_14,maj:iOS_14,maj:iOS_14,leaf:iOS_14_0.0,leaf:iOS_14_0.0,leaf:iOS_14_0.0
11622,fam:iOS,fam:iOS,fam:iOS,maj:iOS_14,maj:iOS_14,maj:iOS_14,leaf:iOS_14_0.0,leaf:iOS_14_0.0,leaf:iOS_14_0.0
11624,fam:iOS,fam:iOS,fam:iOS,maj:iOS_14,maj:iOS_14,maj:iOS_14,leaf:iOS_14_0.0,leaf:iOS_14_0.0,leaf:iOS_14_0.0
11628,fam:iOS,fam:iOS,,maj:iOS_14,maj:iOS_14,maj:iOS_14,leaf:iOS_14_0.0,leaf:iOS_14_0.0,leaf:iOS_14_0.0
11629,fam:iOS,fam:iOS,fam:iOS,maj:iOS_14,maj:iOS_14,maj:iOS_14,leaf:iOS_14_0.0,leaf:iOS_14_0.0,leaf:iOS_14_0.0
11632,fam:macOS,fam:macOS,fam:macOS,maj:macOS_10,maj:macOS_10,maj:macOS_10,leaf:macOS_10_10.0,leaf:macOS_10_10.0,leaf:macOS_10_10.0
11633,fam:macOS,fam:macOS,fam:macOS,maj:macOS_10,maj:macOS_10,maj:macOS_10,leaf:macOS_10_10.0,leaf:macOS_10_10.0,leaf:macOS_10_10.0|leaf:macOS_10_12.0|leaf:macOS_10_13.0
11634,fam:macOS,fam:macOS,,maj:macOS_10,maj:Windows_8,maj:Windows_8,leaf:macOS_10_10.0,leaf:macOS_10_10.0,leaf:macOS_10_10.0
11637,fam:macOS,fam:macOS,fam:macOS,maj:macOS_10,maj:macOS_10,maj:macOS_10,leaf:macOS_10_10.0,leaf:macOS_10_11.0,leaf:macOS_10_10.0|leaf:macOS_10_11.0|leaf:macOS_10_13.0
11638,fam:macOS,fam:macOS,fam:macOS,maj:macOS_10,maj:macOS_10,maj:macOS_10,leaf:macOS_10_10.0,leaf:macOS_10_10.0,leaf:macOS_10_10.0
11642,fam:macOS,fam:macOS,fam:macOS,maj:macOS_10,maj:macOS_10,maj:macOS_10,leaf:macOS_10_10.0,leaf:macOS_10_11.0,leaf:macOS_10_11.0|leaf:macOS_10_13.0
11644,fam:macOS,fam:macOS,fam:macOS,maj:macOS_10,maj:macOS_10,maj:macOS_10,leaf:macOS_10_10.0,leaf:macOS_10_10.0,leaf:macOS_10_10.0
11646,fam:macOS,fam:macOS,fam:macOS,maj:macOS_10,maj:macOS_10,maj:macOS_10,leaf:macOS_10_10.0,leaf:macOS_10_10.0,leaf:macOS_10_10.0|leaf:macOS_10_12.0|leaf:macOS_10_13.0
11647,fam:macOS,fam:macOS,fam:macOS,maj:macOS_10,maj:macOS_10,maj:macOS_10,leaf:macOS_10_10.0,leaf:macOS_10_10.0,leaf:macOS_10_10.0
11649,fam:macOS,fam:macOS,fam:macOS,maj:macOS_10,maj:macOS_10,maj:macOS_10,leaf:macOS_10_10.0,leaf:macOS_10_10.0,leaf:macOS_10_10.0|leaf:macOS_10_11.0|leaf:macOS_10_12.0|leaf:macOS_10_13.0
11651,fam:macOS,fam:macOS,fam:macOS,maj:macOS_10,maj:macOS_10,maj:Linux_OTHER|maj:macOS_10,leaf:macOS_10_10.0,leaf:macOS_10_13.0,leaf:macOS_10_10.0|leaf:macOS_10_11.0|leaf:macOS_10_13.0
11653,fam:macOS,fam:macOS,fam:macOS,maj:macOS_10,maj:macOS_10,maj:macOS_10,leaf:macOS_10_10.0,leaf:macOS_10_11.0,leaf:macOS_10_10.0|leaf:macOS_10_11.0|leaf:macOS_10_13.0
11655,fam:macOS,fam:iOS,,maj:macOS_10,maj:macOS_10,maj:iOS_13|maj:macOS_10,leaf:macOS_10_11.0,leaf:macOS_10_11.0,leaf:macOS_10_11.0
11657,fam:macOS,fam:iOS,fam:iOS,maj:macOS_10,maj:iOS_13,maj:iOS_13,leaf:macOS_10_11.0,leaf:iOS_13_4.0,leaf:iOS_13_3.0|leaf:iOS_13_4.0|leaf:iOS_13_5.0
11660,fam:macOS,fam:macOS,,maj:macOS_10,maj:macOS_10,maj:macOS_10,leaf:macOS_10_11.0,leaf:macOS_10_11.0,leaf:macOS_10_11.0
11663,fam:macOS,fam:Windows,,maj:macOS_10,maj:Linux_OTHER,maj:Linux_OTHER,leaf:macOS_10_11.0,leaf:Android_4_0.0,
11667,fam:macOS,fam:iOS,fam:iOS,maj:macOS_10,maj:iOS_13,maj:iOS_13,leaf:macOS_10_11.0,leaf:iOS_13_4.0,leaf:iOS_13_3.0|leaf:iOS_13_4.0|leaf:iOS_13_5.0|leaf:macOS_10_11.0
11668,fam:macOS,fam:macOS,,maj:macOS_10,maj:iOS_14,maj:iOS_14,leaf:macOS_10_11.0,leaf:iOS_14_0.0,leaf:iOS_14_0.0|leaf:macOS_10_11.0
11669,fam:macOS,fam:iOS,fam:iOS,maj:macOS_10,maj:iOS_13,maj:iOS_13,leaf:macOS_10_11.0,leaf:iOS_13_4.0,leaf:iOS_13_3.0|leaf:iOS_13_4.0|leaf:iOS_13_5.0|leaf:macOS_10_11.0
11670,fam:macOS,fam:macOS,fam:macOS,maj:macOS_10,maj:macOS_10,maj:macOS_10,leaf:macOS_10_11.0,leaf:macOS_10_11.0,leaf:macOS_10_11.0
11671,fam:macOS,fam:Windows,,maj:macOS_10,maj:Windows_10,maj:Windows_10,leaf:macOS_10_11.0,leaf:macOS_10_10.0,leaf:Windows_XP|leaf:macOS_10_10.0
11673,fam:macOS,fam:macOS,fam:macOS,maj:macOS_10,maj:macOS_10,maj:macOS_10,leaf:macOS_10_11.0,leaf:macOS_10_11.0,leaf:macOS_10_11.0
11674,fam:macOS,fam:iOS,,maj:macOS_10,maj:macOS_10,maj:iOS_13|maj:macOS_10,leaf:macOS_10_11.0,leaf:macOS_10_11.0,leaf:macOS_10_11.0
11675,fam:macOS,fam:iOS,fam:iOS,maj:macOS_10,maj:iOS_13,maj:iOS_13,leaf:macOS_10_11.0,leaf:iOS_13_4.0,leaf:iOS_13_3.0|leaf:iOS_13_4.0|leaf:iOS_13_5.0
11677,fam:macOS,fam:macOS,fam:macOS,maj:macOS_10,maj:macOS_10,maj:macOS_10,leaf:macOS_10_11.0,leaf:macOS_10_13.0,leaf:macOS_10_10.0|leaf:macOS_10_12.0|leaf:macOS_10_13.0
11678,fam:macOS,fam:iOS,fam:iOS,maj:macOS_10,maj:iOS_13,maj:iOS_13,leaf:macOS_10_11.0,leaf:iOS_13_4.0,leaf:iOS_13_3.0|leaf:iOS_13_4.0|leaf:iOS_13_5.0
11680,fam:macOS,fam:iOS,fam:iOS,maj:macOS_10,maj:iOS_13,maj:iOS_13,leaf:macOS_10_11.0,leaf:iOS_13_3.0,leaf:iOS_13_3.0|leaf:iOS_13_4.0|leaf:iOS_13_5.0
11683,fam:macOS,fam:macOS,,maj:macOS_10,maj:Windows_8,maj:Windows_8,leaf:macOS_10_11.0,leaf:macOS_10_10.0,leaf:macOS_10_10.0
11686,fam:macOS,fam:macOS,fam:macOS,maj:macOS_10,maj:macOS_10,maj:macOS_10,leaf:macOS_10_11.0,leaf:macOS_10_11.0,leaf:macOS_10_11.0
11687,fam:macOS,fam:iOS,,maj:macOS_10,maj:iOS_13,maj:iOS_13|maj:macOS_10,leaf:macOS_10_11.0,leaf:macOS_10_11.0,leaf:iOS_13_3.0|leaf:iOS_13_4.0|leaf:iOS_13_5.0|leaf:macOS_10_11.0
11690,fam:macOS,fam:macOS,fam:macOS,maj:macOS_10,maj:macOS_10,maj:macOS_10,leaf:macOS_10_11.0,leaf:macOS_10_13.0,leaf:macOS_10_10.0|leaf:macOS_10_12.0|leaf:macOS_10_13.0
11695,fam:macOS,fam:macOS,fam:macOS,maj:macOS_10,maj:macOS_10,maj:macOS_10,leaf:macOS_10_11.0,leaf:macOS_10_11.0,leaf:macOS_10_11.0
11697,fam:macOS,fam:iOS,fam:iOS,maj:macOS_10,maj:iOS_13,maj:iOS_13,leaf:macOS_10_11.0,leaf:iOS_13_4.0,leaf:iOS_13_4.0|leaf:iOS_13_5.0|leaf:macOS_10_11.0
11700,fam:macOS,fam:macOS,fam:macOS,maj:macOS_10,maj:macOS_10,maj:macOS_10,leaf:macOS_10_11.0,leaf:macOS_10_11.0,leaf:macOS_10_10.0|leaf:macOS_10_11.0
11702,fam:macOS,fam:iOS,,maj:macOS_10,maj:iOS_13,maj:iOS_13|maj:macOS_10,leaf:macOS_10_11.0,leaf:macOS_10_11.0,leaf:iOS_13_3.0|leaf:iOS_13_4.0|leaf:iOS_13_5.0|leaf:macOS_10_11.0
11704,fam:macOS,fam:macOS,fam:macOS,maj:macOS_10,maj:macOS_10,maj:macOS_10,leaf:macOS_10_11.0,leaf:macOS_10_11.0,leaf:macOS_10_11.0
11705,fam:macOS,fam:iOS,,maj:macOS_10,maj:macOS_10,maj:iOS_13|maj:macOS_10,leaf:macOS_10_11.0,leaf:macOS_10_11.0,leaf:macOS_10_11.0
11706,fam:macOS,fam:macOS,fam:macOS,maj:macOS_10,maj:macOS_10,maj:macOS_10,leaf:macOS_10_11.0,leaf:macOS_10_13.0,leaf:macOS_10_11.0|leaf:macOS_10_13.0
11707,fam:macOS,fam:iOS,fam:iOS,maj:macOS_10,maj:iOS_13,maj:iOS_13,leaf:macOS_10_11.0,leaf:iOS_13_4.0,leaf:iOS_13_4.0
11708,fam:macOS,fam:macOS,,maj:macOS_10,maj:Linux_Ubuntu,maj:Linux_Ubuntu,leaf:macOS_10_11.0,leaf:macOS_10_11.0,leaf:macOS_10_11.0
11712,fam:macOS,fam:macOS,fam:macOS,maj:macOS_10,maj:macOS_10,maj:macOS_10,leaf:macOS_10_11.0,leaf:macOS_10_11.0,leaf:macOS_10_11.0
11713,fam:macOS,fam:iOS,,maj:macOS_10,maj:iOS_13,maj:iOS_13|maj:macOS_10,leaf:macOS_10_11.0,leaf:macOS_10_11.0,leaf:iOS_13_3.0|leaf:iOS_13_4.0|leaf:iOS_13_5.0|leaf:macOS_10_11.0
11714,fam:macOS,fam:macOS,fam:macOS,maj:macOS_10,maj:macOS_10,maj:macOS_10,leaf:macOS_10_11.0,leaf:macOS_10_11.0,leaf:macOS_10_11.0
11715,fam:macOS,fam:macOS,fam:macOS,maj:macOS_10,maj:macOS_10,maj:macOS_10,leaf:macOS_10_11.0,leaf:macOS_10_13.0,leaf:macOS_10_10.0|leaf:macOS_10_12.0|leaf:macOS_10_13.0
11719,fam:macOS,fam:iOS,,maj:macOS_10,maj:macOS_10,maj:iOS_13|maj:macOS_10,leaf:macOS_10_11.0,leaf:macOS_10_11.0,leaf:macOS_10_11.0
11722,fam:macOS,fam:macOS,fam:macOS,maj:macOS_10,maj:macOS_10,maj:macOS_10,leaf:macOS_10_12.0,leaf:macOS_10_10.0,leaf:macOS_10_10.0|leaf:macOS_10_11.0|leaf:macOS_10_12.0|leaf:macOS_10_13.0
11723,fam:macOS,fam:macOS,fam:macOS,maj:macOS_10,maj:macOS_10,maj:macOS_10,leaf:macOS_10_12.0,leaf:macOS_10_12.0,leaf:macOS_10_12.0
11724,fam:macOS,fam:macOS,fam:macOS,maj:macOS_10,maj:macOS_10,maj:macOS_10,leaf:macOS_10_12.0,leaf:macOS_10_11.0,leaf:macOS_10_10.0|leaf:macOS_10_11.0|leaf:macOS_10_12.0
11725,fam:macOS,fam:Windows,fam:Windows,maj:macOS_10,maj:Windows_10,maj:Windows_10,leaf:macOS_10_12.0,leaf:Windows_10,leaf:Windows_10
11726,fam:macOS,fam:macOS,fam:macOS,maj:macOS_10,maj:macOS_10,maj:macOS_10,leaf:macOS_10_12.0,leaf:macOS_10_12.0,leaf:macOS_10_12.0
11728,fam:macOS,fam:macOS,fam:macOS,maj:macOS_10,maj:macOS_10,maj:macOS_10,leaf:macOS_10_12.0,leaf:macOS_10_11.0,leaf:macOS_10_10.0|leaf:macOS_10_11.0
11729,fam:macOS,fam:macOS,fam:macOS,maj:macOS_10,maj:macOS_10,maj:macOS_10,leaf:macOS_10_12.0,leaf:macOS_10_13.0,leaf:macOS_10_12.0|leaf:macOS_10_13.0
11730,fam:macOS,fam:macOS,fam:macOS,maj:macOS_10,maj:macOS_10,maj:macOS_10,leaf:macOS_10_12.0,leaf:macOS_10_12.0,leaf:macOS_10_12.0
11736,fam:macOS,fam:macOS,fam:macOS,maj:macOS_10,maj:macOS_10,maj:macOS_10,leaf:macOS_10_12.0,leaf:macOS_10_12.0,leaf:macOS_10_12.0
11743,fam:macOS,fam:macOS,fam:macOS,maj:macOS_10,maj:macOS_10,maj:macOS_10,leaf:macOS_10_12.0,leaf:macOS_10_12.0,leaf:macOS_10_12.0
11744,fam:macOS,fam:macOS,fam:macOS,maj:macOS_10,maj:macOS_10,maj:macOS_10,leaf:macOS_10_12.0,leaf:macOS_10_12.0,leaf:macOS_10_12.0
11745,fam:macOS,fam:macOS,fam:macOS,maj:macOS_10,maj:macOS_10,maj:macOS_10,leaf:macOS_10_12.0,leaf:macOS_10_13.0,leaf:macOS_10_10.0|leaf:macOS_10_13.0
11746,fam:macOS,fam:macOS,fam:macOS,maj:macOS_10,maj:macOS_10,maj:macOS_10,leaf:macOS_10_12.0,leaf:macOS_10_13.0,leaf:macOS_10_10.0|leaf:macOS_10_11.0|leaf:macOS_10_13.0
11747,fam:macOS,fam:macOS,fam:macOS,maj:macOS_10,maj:macOS_10,maj:macOS_10,leaf:macOS_10_12.0,leaf:macOS_10_12.0,leaf:macOS_10_12.0
11748,fam:macOS,fam:macOS,fam:macOS,maj:macOS_10,maj:macOS_10,maj:macOS_10,leaf:macOS_10_12.0,leaf:macOS_10_12.0,leaf:macOS_10_12.0
11750,fam:macOS,fam:macOS,fam:macOS,maj:macOS_10,maj:macOS_10,maj:macOS_10,leaf:macOS_10_12.0,leaf:macOS_10_12.0,leaf:macOS_10_10.0|leaf:macOS_10_11.0|leaf:macOS_10_12.0
11751,fam:macOS,fam:macOS,fam:macOS,maj:macOS_10,maj:macOS_10,maj:macOS_10,leaf:macOS_10_12.0,leaf:macOS_10_12.0,leaf:macOS_10_12.0
11752,fam:macOS,fam:macOS,,maj:macOS_10,maj:macOS_10,maj:macOS_10,leaf:macOS_10_12.0,leaf:macOS_10_13.0,leaf:macOS_10_13.0
11753,fam:macOS,fam:macOS,fam:macOS,maj:macOS_10,maj:macOS_10,maj:macOS_10,leaf:macOS_10_12.0,leaf:iOS_13_1.0,leaf:iOS_13_1.0|leaf:macOS_10_12.0
11761,fam:macOS,fam:macOS,fam:macOS,maj:macOS_10,maj:macOS_10,maj:macOS_10,leaf:macOS_10_13.0,leaf:macOS_10_13.0,leaf:macOS_10_13.0
11762,fam:macOS,fam:macOS,fam:macOS,maj:macOS_10,maj:macOS_10,maj:macOS_10,leaf:macOS_10_13.0,leaf:macOS_10_13.0,leaf:macOS_10_10.0|leaf:macOS_10_12.0|leaf:macOS_10_13.0
11764,fam:macOS,fam:macOS,fam:macOS,maj:macOS_10,maj:macOS_10,maj:macOS_10,leaf:macOS_10_13.0,leaf:macOS_10_13.0,leaf:macOS_10_13.0
11765,fam:macOS,fam:macOS,fam:macOS,maj:macOS_10,maj:macOS_10,maj:macOS_10,leaf:macOS_10_13.0,leaf:macOS_10_13.0,leaf:macOS_10_13.0
11766,fam:macOS,fam:macOS,fam:macOS,maj:macOS_10,maj:macOS_10,maj:macOS_10,leaf:macOS_10_13.0,leaf:macOS_10_13.0,leaf:macOS_10_13.0
11767,fam:macOS,fam:macOS,fam:macOS,maj:macOS_10,maj:macOS_10,maj:macOS_10,leaf:macOS_10_13.0,leaf:macOS_10_13.0,leaf:macOS_10_13.0
11769,fam:macOS,fam:macOS,fam:macOS,maj:macOS_10,maj:macOS_10,maj:macOS_10,leaf:macOS_10_13.0,leaf:macOS_10_13.0,leaf:macOS_10_13.0
11773,fam:macOS,fam:macOS,fam:macOS,maj:macOS_10,maj:macOS_10,maj:macOS_10,leaf:macOS_10_13.0,leaf:macOS_10_11.0,leaf:macOS_10_10.0|leaf:macOS_10_11.0|leaf:macOS_10_13.0
11777,fam:macOS,fam:macOS,fam:macOS,maj:macOS_10,maj:macOS_10,maj:macOS_10,leaf:macOS_10_13.0,leaf:macOS_10_10.0,leaf:macOS_10_10.0|leaf:macOS_10_11.0|leaf:macOS_10_13.0
11778,fam:macOS,fam:macOS,fam:macOS,maj:macOS_10,maj:macOS_10,maj:macOS_10,leaf:macOS_10_13.0,leaf:macOS_10_13.0,leaf:macOS_10_13.0
11779,fam:macOS,fam:macOS,,maj:macOS_10,maj:macOS_10,maj:macOS_10,leaf:macOS_10_13.0,leaf:macOS_10_13.0,leaf:macOS_10_13.0
11782,fam:macOS,fam:macOS,fam:macOS,maj:macOS_10,maj:macOS_10,maj:macOS_10,leaf:macOS_10_13.0,leaf:macOS_10_13.0,leaf:macOS_10_13.0
11783,fam:macOS,fam:macOS,fam:macOS,maj:macOS_10,maj:macOS_10,maj:macOS_10,leaf:macOS_10_13.0,leaf:macOS_10_13.0,leaf:macOS_10_13.0
11784,fam:macOS,fam:macOS,,maj:macOS_10,maj:Windows_8,maj:Windows_8|maj:macOS_10,leaf:macOS_10_13.0,leaf:macOS_10_13.0,leaf:macOS_10_13.0|leaf:macOS_10_8.0
11785,fam:macOS,fam:macOS,fam:macOS,maj:macOS_10,maj:macOS_10,maj:macOS_10,leaf:macOS_10_13.0,leaf:macOS_10_13.0,leaf:macOS_10_13.0
11786,fam:macOS,fam:macOS,fam:macOS,maj:macOS_10,maj:macOS_10,maj:macOS_10,leaf:macOS_10_13.0,leaf:macOS_10_11.0,leaf:macOS_10_11.0|leaf:macOS_10_12.0
11789,fam:macOS,fam:macOS,fam:macOS,maj:macOS_10,maj:macOS_10,maj:macOS_10,leaf:macOS_10_13.0,leaf:macOS_10_13.0,leaf:macOS_10_13.0
11790,fam:macOS,fam:macOS,,maj:macOS_10,maj:macOS_10,maj:macOS_10,leaf:macOS_10_13.0,leaf:macOS_10_13.0,leaf:macOS_10_13.0
11791,fam:macOS,fam:macOS,fam:macOS,maj:macOS_10,maj:macOS_10,maj:macOS_10,leaf:macOS_10_13.0,leaf:macOS_10_13.0,leaf:macOS_10_13.0
11793,fam:macOS,fam:Linux,,maj:macOS_10,maj:iOS_12,maj:iOS_12|maj:macOS_10,leaf:macOS_10_13.0,leaf:Windows_Vista,leaf:Windows_Vista
11794,fam:macOS,fam:macOS,fam:macOS,maj:macOS_10,maj:macOS_10,maj:Linux_OTHER|maj:macOS_10,leaf:macOS_10_13.0,leaf:macOS_10_13.0,leaf:macOS_10_10.0|leaf:macOS_10_11.0|leaf:macOS_10_13.0
11800,fam:macOS,fam:macOS,fam:macOS,maj:macOS_10,maj:macOS_10,maj:macOS_10,leaf:macOS_10_13.0,leaf:macOS_10_13.0,leaf:macOS_10_13.0
11803,fam:macOS,fam:macOS,,maj:macOS_10,maj:macOS_10,maj:macOS_10,leaf:macOS_10_13.0,leaf:macOS_10_13.0,leaf:macOS_10_13.0
11805,fam:macOS,fam:macOS,fam:macOS,maj:macOS_10,maj:macOS_10,maj:macOS_10,leaf:macOS_10_13.0,leaf:macOS_10_13.0,leaf:macOS_10_13.0
11806,fam:macOS,fam:macOS,fam:macOS,maj:macOS_10,maj:macOS_10,maj:macOS_10,leaf:macOS_10_13.0,leaf:macOS_10_10.0,leaf:macOS_10_10.0|leaf:macOS_10_12.0|leaf:macOS_10_13.0
11807,fam:macOS,fam:macOS,fam:macOS,maj:macOS_10,maj:macOS_10,maj:macOS_10,leaf:macOS_10_13.0,leaf:macOS_10_13.0,leaf:macOS_10_13.0
11811,fam:macOS,fam:macOS,fam:macOS,maj:macOS_10,maj:macOS_10,maj:macOS_10,leaf:macOS_10_13.0,leaf:macOS_10_13.0,leaf:macOS_10_13.0
11814,fam:macOS,fam:macOS,,maj:macOS_10,maj:macOS_10,maj:macOS_10,leaf:macOS_10_13.0,leaf:macOS_10_13.0,leaf:macOS_10_13.0
11815,fam:macOS,fam:macOS,,maj:macOS_10,maj:macOS_10,maj:macOS_10,leaf:macOS_10_13.0,leaf:macOS_10_13.0,leaf:macOS_10_13.0
11819,fam:macOS,fam:macOS,fam:macOS,maj:macOS_10,maj:macOS_10,maj:macOS_10,leaf:macOS_10_13.0,leaf:macOS_10_10.0,leaf:macOS_10_10.0|leaf:macOS_10_12.0|leaf:macOS_10_13.0
11820,fam:macOS,fam:macOS,,maj:macOS_10,maj:macOS_10,maj:macOS_10,leaf:macOS_10_13.0,leaf:macOS_10_13.0,leaf:macOS_10_13.0
11823,fam:macOS,fam:macOS,fam:macOS,maj:macOS_10,maj:macOS_10,maj:macOS_10,leaf:macOS_10_13.0,leaf:macOS_10_13.0,leaf:macOS_10_13.0
11824,fam:macOS,fam:macOS,,maj:macOS_10,maj:macOS_10,maj:macOS_10,leaf:macOS_10_13.0,leaf:macOS_10_13.0,leaf:macOS_10_13.0
11830,fam:macOS,fam:macOS,fam:macOS,maj:macOS_10,maj:macOS_10,maj:macOS_10,leaf:macOS_10_13.0,leaf:macOS_10_12.0,leaf:macOS_10_11.0|leaf:macOS_10_12.0
11831,fam:macOS,fam:macOS,fam:macOS,maj:macOS_10,maj:macOS_10,maj:macOS_10,leaf:macOS_10_13.0,leaf:macOS_10_13.0,leaf:macOS_10_13.0
11832,fam:macOS,fam:macOS,fam:macOS,maj:macOS_10,maj:macOS_10,maj:macOS_10,leaf:macOS_10_13.0,leaf:macOS_10_13.0,leaf:macOS_10_13.0
11834,fam:macOS,fam:macOS,fam:macOS,maj:macOS_10,maj:macOS_10,maj:macOS_10,leaf:macOS_10_13.0,leaf:macOS_10_13.0,leaf:macOS_10_13.0
11836,fam:macOS,fam:macOS,,maj:macOS_10,maj:macOS_10,maj:macOS_10,leaf:macOS_10_13.0,leaf:macOS_10_13.0,leaf:macOS_10_13.0
11837,fam:macOS,fam:macOS,fam:macOS,maj:macOS_10,maj:macOS_10,maj:macOS_10,leaf:macOS_10_13.0,leaf:macOS_10_13.0,leaf:macOS_10_13.0
11842,fam:macOS,fam:macOS,fam:macOS,maj:macOS_10,maj:macOS_10,maj:macOS_10,leaf:macOS_10_13.0,leaf:macOS_10_13.0,leaf:macOS_10_13.0
11845,fam:macOS,fam:macOS,fam:macOS,maj:macOS_10,maj:macOS_10,maj:macOS_10,leaf:macOS_10_13.0,leaf:macOS_10_10.0,leaf:macOS_10_10.0|leaf:macOS_10_12.0|leaf:macOS_10_13.0
11846,fam:macOS,fam:macOS,fam:macOS,maj:macOS_10,maj:macOS_10,maj:macOS_10,leaf:macOS_10_13.0,leaf:macOS_10_13.0,leaf:macOS_10_13.0
11847,fam:macOS,fam:macOS,fam:macOS,maj:macOS_10,maj:macOS_10,maj:macOS_10,leaf:macOS_10_13.0,leaf:macOS_10_11.0,leaf:macOS_10_11.0|leaf:macOS_10_12.0
11851,fam:macOS,fam:macOS,fam:macOS,maj:macOS_10,maj:macOS_10,maj:macOS_10,leaf:macOS_10_13.0,leaf:macOS_10_13.0,leaf:macOS_10_13.0
11853,fam:macOS,fam:macOS,fam:macOS,maj:macOS_10,maj:macOS_10,maj:macOS_10,leaf:macOS_10_13.0,leaf:macOS_10_13.0,leaf:macOS_10_10.0|leaf:macOS_10_11.0|leaf:macOS_10_13.0
11854,fam:macOS,fam:macOS,fam:macOS,maj:macOS_10,maj:macOS_10,maj:macOS_10,leaf:macOS_10_13.0,leaf:macOS_10_13.0,leaf:macOS_10_13.0
11855,fam:macOS,fam:macOS,fam:macOS,maj:macOS_10,maj:macOS_10,maj:macOS_10,leaf:macOS_10_13.0,leaf:macOS_10_13.0,leaf:macOS_10_10.0|leaf:macOS_10_13.0
11856,fam:macOS,fam:macOS,fam:macOS,maj:macOS_10,maj:macOS_10,maj:macOS_10,leaf:macOS_10_13.0,leaf:macOS_10_10.0,leaf:macOS_10_10.0|leaf:macOS_10_11.0
11857,fam:macOS,fam:Linux,,maj:macOS_10,maj:iOS_12,maj:iOS_12,leaf:macOS_10_13.0,leaf:Windows_Vista,leaf:Linux_OTHER|leaf:Windows_Vista|leaf:macOS_10_14.0
11858,fam:macOS,fam:macOS,fam:macOS,maj:macOS_10,maj:macOS_10,maj:macOS_10,leaf:macOS_10_13.0,leaf:macOS_10_13.0,leaf:macOS_10_13.0
11860,fam:macOS,fam:macOS,fam:macOS,maj:macOS_10,maj:macOS_10,maj:macOS_10,leaf:macOS_10_13.0,leaf:macOS_10_13.0,leaf:macOS_10_13.0
11861,fam:macOS,fam:macOS,fam:macOS,maj:macOS_10,maj:macOS_10,maj:macOS_10,leaf:macOS_10_13.0,leaf:macOS_10_13.0,leaf:macOS_10_13.0
11863,fam:macOS,fam:macOS,fam:macOS,maj:macOS_10,maj:macOS_10,maj:macOS_10,leaf:macOS_10_13.0,leaf:macOS_10_10.0,leaf:macOS_10_10.0|leaf:macOS_10_12.0|leaf:macOS_10_13.0
11864,fam:macOS,fam:macOS,fam:macOS,maj:macOS_10,maj:macOS_10,maj:macOS_10,leaf:macOS_10_13.0,leaf:macOS_10_13.0,leaf:macOS_10_13.0
11865,fam:macOS,fam:macOS,fam:macOS,maj:macOS_10,maj:macOS_10,maj:macOS_10,leaf:macOS_10_14.0,leaf:macOS_10_14.0,leaf:macOS_10_14.0
11868,fam:macOS,fam:macOS,fam:macOS,maj:macOS_10,maj:macOS_10,maj:macOS_10,leaf:macOS_10_14.0,leaf:macOS_10_15.0,leaf:macOS_10_15.0
11872,fam:macOS,fam:macOS,fam:macOS,maj:macOS_10,maj:macOS_10,maj:macOS_10,leaf:macOS_10_14.0,leaf:macOS_10_14.0,leaf:macOS_10_14.0
11875,fam:macOS,fam:macOS,fam:macOS,maj:macOS_10,maj:macOS_10,maj:macOS_10,leaf:macOS_10_14.0,leaf:macOS_10_14.0,leaf:macOS_10_14.0
11876,fam:macOS,fam:macOS,fam:macOS,maj:macOS_10,maj:macOS_10,maj:macOS_10,leaf:macOS_10_14.0,leaf:macOS_10_15.0,leaf:macOS_10_14.0|leaf:macOS_10_15.0
11879,fam:macOS,fam:macOS,fam:macOS,maj:macOS_10,maj:macOS_10,maj:macOS_10,leaf:macOS_10_14.0,leaf:macOS_10_15.0,leaf:macOS_10_14.0|leaf:macOS_10_15.0
11880,fam:macOS,fam:macOS,fam:macOS,maj:macOS_10,maj:macOS_10,maj:macOS_10,leaf:macOS_10_14.0,leaf:macOS_10_14.0,leaf:macOS_10_14.0
11882,fam:macOS,fam:macOS,fam:macOS,maj:macOS_10,maj:macOS_10,maj:macOS_10,leaf:macOS_10_14.0,leaf:macOS_10_14.0,leaf:macOS_10_14.0
11883,fam:macOS,fam:Linux,,maj:macOS_10,maj:iOS_12,maj:iOS_12|maj:macOS_10,leaf:macOS_10_14.0,leaf:Windows_Vista,leaf:Windows_Vista
11885,fam:macOS,fam:macOS,fam:macOS,maj:macOS_10,maj:macOS_10,maj:macOS_10,leaf:macOS_10_14.0,leaf:macOS_10_15.0,leaf:macOS_10_15.0
11887,fam:macOS,fam:macOS,fam:macOS,maj:macOS_10,maj:macOS_10,maj:macOS_10,leaf:macOS_10_14.0,leaf:macOS_10_14.0,leaf:macOS_10_14.0
11888,fam:macOS,fam:macOS,fam:macOS,maj:macOS_10,maj:macOS_10,maj:macOS_10,leaf:macOS_10_14.0,leaf:macOS_10_14.0,leaf:macOS_10_14.0
11891,fam:macOS,fam:Linux,,maj:macOS_10,maj:Linux_OTHER,maj:Linux_OTHER,leaf:macOS_10_14.0,leaf:Android_OTHER,leaf:Android_OTHER|leaf:Linux_OTHER
11893,fam:macOS,fam:macOS,fam:macOS,maj:macOS_10,maj:macOS_10,maj:macOS_10,leaf:macOS_10_14.0,leaf:macOS_10_14.0,leaf:macOS_10_14.0
11901,fam:macOS,fam:macOS,fam:macOS,maj:macOS_10,maj:macOS_10,maj:macOS_10,leaf:macOS_10_14.0,leaf:macOS_10_14.0,leaf:macOS_10_14.0|leaf:macOS_10_15.0
11902,fam:macOS,fam:macOS,fam:macOS,maj:macOS_10,maj:macOS_10,maj:macOS_10,leaf:macOS_10_14.0,leaf:macOS_10_14.0,leaf:macOS_10_14.0
11903,fam:macOS,fam:macOS,fam:macOS,maj:macOS_10,maj:macOS_10,maj:macOS_10,leaf:macOS_10_14.0,leaf:macOS_10_14.0,leaf:macOS_10_14.0
11910,fam:macOS,fam:macOS,fam:macOS,maj:macOS_10,maj:macOS_10,maj:macOS_10,leaf:macOS_10_14.0,leaf:macOS_10_14.0,leaf:macOS_10_14.0
11911,fam:macOS,fam:macOS,fam:macOS,maj:macOS_10,maj:macOS_10,maj:macOS_10,leaf:macOS_10_14.0,leaf:macOS_10_14.0,leaf:macOS_10_14.0
11914,fam:macOS,fam:macOS,fam:macOS,maj:macOS_10,maj:macOS_10,maj:macOS_10,leaf:macOS_10_14.0,leaf:macOS_10_14.0,leaf:macOS_10_14.0
11915,fam:macOS,fam:macOS,fam:macOS,maj:macOS_10,maj:macOS_10,maj:macOS_10,leaf:macOS_10_14.0,leaf:macOS_10_14.0,leaf:macOS_10_14.0
11916,fam:macOS,fam:macOS,fam:macOS,maj:macOS_10,maj:macOS_10,maj:macOS_10,leaf:macOS_10_14.0,leaf:macOS_10_14.0,leaf:macOS_10_14.0
11917,fam:macOS,fam:macOS,fam:macOS,maj:macOS_10,maj:macOS_10,maj:macOS_10,leaf:macOS_10_14.0,leaf:macOS_10_14.0,leaf:macOS_10_14.0
11918,fam:macOS,fam:macOS,fam:macOS,maj:macOS_10,maj:macOS_10,maj:macOS_10,leaf:macOS_10_14.0,leaf:macOS_10_15.0,leaf:macOS_10_14.0|leaf:macOS_10_15.0
11923,fam:macOS,fam:macOS,fam:macOS,maj:macOS_10,maj:macOS_10,maj:macOS_10,leaf:macOS_10_14.0,leaf:macOS_10_15.0,leaf:macOS_10_14.0|leaf:macOS_10_15.0
11925,fam:macOS,fam:macOS,fam:macOS,maj:macOS_10,maj:macOS_10,maj:macOS_10,leaf:macOS_10_14.0,leaf:macOS_10_14.0,leaf:macOS_10_14.0
11926,fam:macOS,fam:macOS,fam:macOS,maj:macOS_10,maj:macOS_10,maj:macOS_10,leaf:macOS_10_14.0,leaf:macOS_10_15.0,leaf:macOS_10_15.0
11928,fam:macOS,fam:macOS,fam:macOS,maj:macOS_10,maj:macOS_10,maj:macOS_10,leaf:macOS_10_14.0,leaf:macOS_10_15.0,leaf:macOS_10_14.0|leaf:macOS_10_15.0
11929,fam:macOS,fam:macOS,fam:macOS,maj:macOS_10,maj:macOS_10,maj:macOS_10,leaf:macOS_10_14.0,leaf:macOS_10_14.0,leaf:macOS_10_14.0
11930,fam:macOS,fam:macOS,fam:macOS,maj:macOS_10,maj:macOS_10,maj:macOS_10,leaf:macOS_10_14.0,leaf:macOS_10_14.0,leaf:macOS_10_14.0
11933,fam:macOS,fam:macOS,fam:macOS,maj:macOS_10,maj:macOS_10,maj:macOS_10,leaf:macOS_10_14.0,leaf:macOS_10_14.0,leaf:macOS_10_14.0
11936,fam:macOS,fam:iOS,,maj:macOS_10,maj:iOS_11,maj:iOS_11|maj:iOS_12,leaf:macOS_10_14.0,leaf:iOS_11_4.0,leaf:iOS_11_4.0
11937,fam:macOS,fam:iOS,,maj:macOS_10,maj:iOS_11,maj:iOS_11,leaf:macOS_10_14.0,leaf:iOS_11_4.0,leaf:iOS_11_4.0
11939,fam:macOS,fam:macOS,fam:macOS,maj:macOS_10,maj:macOS_10,maj:macOS_10,leaf:macOS_10_14.0,leaf:macOS_10_14.0,leaf:macOS_10_14.0
11940,fam:macOS,fam:macOS,fam:macOS,maj:macOS_10,maj:macOS_10,maj:macOS_10,leaf:macOS_10_14.0,leaf:macOS_10_14.0,leaf:macOS_10_14.0
11945,fam:macOS,fam:macOS,fam:macOS,maj:macOS_10,maj:macOS_10,maj:macOS_10,leaf:macOS_10_14.0,leaf:macOS_10_14.0,leaf:macOS_10_14.0
11948,fam:macOS,fam:macOS,fam:macOS,maj:macOS_10,maj:macOS_10,maj:macOS_10,leaf:macOS_10_14.0,leaf:macOS_10_14.0,leaf:macOS_10_14.0
11949,fam:macOS,fam:macOS,fam:macOS,maj:macOS_10,maj:macOS_10,maj:macOS_10,leaf:macOS_10_14.0,leaf:macOS_10_14.0,leaf:macOS_10_14.0
11951,fam:macOS,fam:macOS,fam:macOS,maj:macOS_10,maj:macOS_10,maj:macOS_10,leaf:macOS_10_14.0,leaf:macOS_10_14.0,leaf:macOS_10_14.0|leaf:macOS_10_15.0
11953,fam:macOS,fam:macOS,fam:macOS,maj:macOS_10,maj:macOS_10,maj:macOS_10,leaf:macOS_10_14.0,leaf:macOS_10_15.0,leaf:macOS_10_14.0|leaf:macOS_10_15.0
11954,fam:macOS,fam:macOS,fam:macOS,maj:macOS_10,maj:macOS_10,maj:macOS_10,leaf:macOS_10_14.0,leaf:macOS_10_14.0,leaf:macOS_10_14.0
11955,fam:macOS,fam:macOS,fam:macOS,maj:macOS_10,maj:macOS_10,maj:macOS_10,leaf:macOS_10_14.0,leaf:macOS_10_15.0,leaf:macOS_10_14.0|leaf:macOS_10_15.0
11957,fam:macOS,fam:macOS,fam:macOS,maj:macOS_10,maj:macOS_10,maj:macOS_10,leaf:macOS_10_14.0,leaf:macOS_10_14.0,leaf:macOS_10_14.0
11958,fam:macOS,fam:macOS,fam:macOS,maj:macOS_10,maj:macOS_10,maj:macOS_10,leaf:macOS_10_14.0,leaf:macOS_10_15.0,leaf:macOS_10_14.0|leaf:macOS_10_15.0
11959,fam:macOS,fam:macOS,fam:macOS,maj:macOS_10,maj:macOS_10,maj:macOS_10,leaf:macOS_10_14.0,leaf:macOS_10_14.0,leaf:macOS_10_14.0
11960,fam:macOS,fam:macOS,fam:macOS,maj:macOS_10,maj:macOS_10,maj:macOS_10,leaf:macOS_10_14.0,leaf:macOS_10_14.0,leaf:macOS_10_14.0
11962,fam:macOS,fam:macOS,fam:macOS,maj:macOS_10,maj:macOS_10,maj:macOS_10,leaf:macOS_10_14.0,leaf:macOS_10_14.0,leaf:macOS_10_14.0
11963,fam:macOS,fam:macOS,fam:macOS,maj:macOS_10,maj:macOS_10,maj:macOS_10,leaf:macOS_10_14.0,leaf:macOS_10_14.0,leaf:macOS_10_14.0
11964,fam:macOS,fam:iOS,,maj:macOS_10,maj:iOS_11,maj:iOS_11,leaf:macOS_10_14.0,leaf:iOS_11_4.0,leaf:iOS_11_4.0|leaf:macOS_10_14.0
11967,fam:macOS,fam:macOS,fam:macOS,maj:macOS_10,maj:macOS_10,maj:macOS_10,leaf:macOS_10_14.0,leaf:macOS_10_15.0,leaf:macOS_10_14.0|leaf:macOS_10_15.0
11968,fam:macOS,fam:macOS,fam:macOS,maj:macOS_10,maj:macOS_10,maj:macOS_10,leaf:macOS_10_14.0,leaf:macOS_10_14.0,leaf:macOS_10_14.0
11969,fam:macOS,fam:macOS,fam:macOS,maj:macOS_10,maj:macOS_10,maj:macOS_10,leaf:macOS_10_14.0,leaf:macOS_10_15.0,leaf:macOS_10_14.0|leaf:macOS_10_15.0
11971,fam:macOS,fam:macOS,fam:macOS,maj:macOS_10,maj:macOS_10,maj:macOS_10,leaf:macOS_10_14.0,leaf:macOS_10_14.0,leaf:macOS_10_14.0
11972,fam:macOS,fam:macOS,fam:macOS,maj:macOS_10,maj:macOS_10,maj:macOS_10,leaf:macOS_10_14.0,leaf:macOS_10_14.0,leaf:macOS_10_14.0
11973,fam:macOS,fam:macOS,fam:macOS,maj:macOS_10,maj:macOS_10,maj:macOS_10,leaf:macOS_10_14.0,leaf:macOS_10_15.0,leaf:macOS_10_14.0|leaf:macOS_10_15.0
11974,fam:macOS,fam:macOS,fam:macOS,maj:macOS_10,maj:macOS_10,maj:macOS_10,leaf:macOS_10_14.0,leaf:macOS_10_15.0,leaf:macOS_10_15.0
11977,fam:macOS,fam:macOS,fam:macOS,maj:macOS_10,maj:macOS_10,maj:macOS_10,leaf:macOS_10_14.0,leaf:macOS_10_14.0,leaf:macOS_10_14.0|leaf:macOS_10_15.0
11979,fam:macOS,fam:macOS,fam:macOS,maj:macOS_10,maj:macOS_10,maj:macOS_10,leaf:macOS_10_14.0,leaf:macOS_10_14.0,leaf:macOS_10_14.0
11982,fam:macOS,fam:macOS,fam:macOS,maj:macOS_10,maj:macOS_10,maj:macOS_10,leaf:macOS_10_14.0,leaf:macOS_10_15.0,leaf:macOS_10_14.0|leaf:macOS_10_15.0
11984,fam:macOS,fam:macOS,fam:macOS,maj:macOS_10,maj:macOS_10,maj:macOS_10,leaf:macOS_10_14.0,leaf:macOS_10_15.0,leaf:macOS_10_15.0
11986,fam:macOS,fam:macOS,fam:macOS,maj:macOS_10,maj:macOS_10,maj:macOS_10,leaf:macOS_10_14.0,leaf:macOS_10_15.0,leaf:macOS_10_14.0|leaf:macOS_10_15.0
11987,fam:macOS,fam:macOS,fam:macOS,maj:macOS_10,maj:macOS_10,maj:macOS_10,leaf:macOS_10_14.0,leaf:macOS_10_14.0,leaf:macOS_10_14.0
11991,fam:macOS,fam:macOS,fam:macOS,maj:macOS_10,maj:macOS_10,maj:macOS_10,leaf:macOS_10_14.0,leaf:macOS_10_14.0,leaf:macOS_10_14.0
11992,fam:macOS,fam:macOS,fam:macOS,maj:macOS_10,maj:macOS_10,maj:macOS_10,leaf:macOS_10_14.0,leaf:macOS_10_14.0,leaf:macOS_10_14.0
11993,fam:macOS,fam:macOS,fam:macOS,maj:macOS_10,maj:macOS_10,maj:macOS_10,leaf:macOS_10_14.0,leaf:macOS_10_14.0,leaf:macOS_10_14.0
11997,fam:macOS,fam:macOS,fam:macOS,maj:macOS_10,maj:macOS_10,maj:macOS_10,leaf:macOS_10_15.0,leaf:macOS_10_15.0,leaf:macOS_10_15.0
11998,fam:macOS,fam:macOS,fam:macOS,maj:macOS_10,maj:macOS_10,maj:macOS_10,leaf:macOS_10_15.0,leaf:macOS_10_15.0,leaf:macOS_10_15.0
11999,fam:macOS,fam:macOS,fam:macOS,maj:macOS_10,maj:macOS_10,maj:macOS_10,leaf:macOS_10_15.0,leaf:macOS_10_15.0,leaf:macOS_10_15.0
12001,fam:macOS,fam:macOS,fam:macOS,maj:macOS_10,maj:macOS_10,maj:macOS_10,leaf:macOS_10_15.0,leaf:macOS_10_15.0,leaf:macOS_10_14.0|leaf:macOS_10_15.0
12002,fam:macOS,fam:macOS,fam:macOS,maj:macOS_10,maj:macOS_10,maj:macOS_10,leaf:macOS_10_15.0,leaf:macOS_10_15.0,leaf:macOS_10_15.0
12003,fam:macOS,fam:macOS,fam:macOS,maj:macOS_10,maj:macOS_10,maj:macOS_10,leaf:macOS_10_15.0,leaf:macOS_10_15.0,leaf:macOS_10_15.0
12007,fam:macOS,fam:iOS,fam:iOS,maj:macOS_10,maj:iOS_13,maj:iOS_13,leaf:macOS_10_15.0,leaf:iOS_13_4.0,leaf:iOS_13_3.0|leaf:iOS_13_4.0|leaf:iOS_13_5.0
12008,fam:macOS,fam:macOS,fam:macOS,maj:macOS_10,maj:macOS_10,maj:macOS_10,leaf:macOS_10_15.0,leaf:macOS_10_15.0,leaf:macOS_10_15.0
12009,fam:macOS,fam:iOS,fam:iOS,maj:macOS_10,maj:iOS_13,maj:iOS_13,leaf:macOS_10_15.0,leaf:iOS_13_4.0,leaf:iOS_13_3.0|leaf:iOS_13_4.0|leaf:iOS_13_5.0
12011,fam:macOS,fam:macOS,fam:macOS,maj:macOS_10,maj:macOS_10,maj:macOS_10,leaf:macOS_10_15.0,leaf:macOS_10_15.0,leaf:macOS_10_15.0
12014,fam:macOS,fam:macOS,fam:macOS,maj:macOS_10,maj:macOS_10,maj:macOS_10,leaf:macOS_10_15.0,leaf:macOS_10_15.0,leaf:macOS_10_15.0
12015,fam:macOS,fam:macOS,fam:macOS,maj:macOS_10,maj:macOS_10,maj:macOS_10,leaf:macOS_10_15.0,leaf:macOS_10_15.0,leaf:macOS_10_15.0
12017,fam:macOS,fam:macOS,fam:macOS,maj:macOS_10,maj:macOS_10,maj:macOS_10,leaf:macOS_10_15.0,leaf:macOS_10_15.0,leaf:macOS_10_15.0
12025,fam:macOS,fam:macOS,fam:macOS,maj:macOS_10,maj:macOS_10,maj:macOS_10,leaf:macOS_10_15.0,leaf:macOS_10_15.0,leaf:macOS_10_15.0
12026,fam:macOS,fam:macOS,fam:macOS,maj:macOS_10,maj:macOS_10,maj:macOS_10,leaf:macOS_10_15.0,leaf:macOS_10_15.0,leaf:macOS_10_14.0|leaf:macOS_10_15.0
12028,fam:macOS,fam:iOS,fam:iOS,maj:macOS_10,maj:iOS_13,maj:iOS_13,leaf:macOS_10_15.0,leaf:iOS_13_4.0,leaf:iOS_13_3.0|leaf:iOS_13_4.0|leaf:iOS_13_5.0
12029,fam:macOS,fam:macOS,fam:macOS,maj:macOS_10,maj:macOS_10,maj:macOS_10,leaf:macOS_10_15.0,leaf:macOS_10_15.0,leaf:macOS_10_15.0
12031,fam:macOS,fam:macOS,fam:macOS,maj:macOS_10,maj:macOS_10,maj:macOS_10,leaf:macOS_10_15.0,leaf:macOS_10_15.0,leaf:macOS_10_15.0
12032,fam:macOS,fam:macOS,fam:macOS,maj:macOS_10,maj:macOS_10,maj:macOS_10,leaf:macOS_10_15.0,leaf:macOS_10_15.0,leaf:macOS_10_15.0
12035,fam:macOS,fam:macOS,fam:macOS,maj:macOS_10,maj:macOS_10,maj:macOS_10,leaf:macOS_10_15.0,leaf:macOS_10_15.0,leaf:macOS_10_15.0
12036,fam:macOS,fam:macOS,fam:macOS,maj:macOS_10,maj:macOS_10,maj:macOS_10,leaf:macOS_10_15.0,leaf:macOS_10_14.0,leaf:macOS_10_14.0|leaf:macOS_10_15.0
12041,fam:macOS,fam:macOS,fam:macOS,maj:macOS_10,maj:macOS_10,maj:macOS_10,leaf:macOS_10_15.0,leaf:macOS_10_15.0,leaf:macOS_10_15.0
12042,fam:macOS,fam:macOS,fam:macOS,maj:macOS_10,maj:macOS_10,maj:macOS_10,leaf:macOS_10_15.0,leaf:macOS_10_15.0,leaf:macOS_10_14.0|leaf:macOS_10_15.0
12043,fam:macOS,fam:macOS,fam:macOS,maj:macOS_10,maj:macOS_10,maj:macOS_10,leaf:macOS_10_15.0,leaf:macOS_10_15.0,leaf:macOS_10_15.0
12046,fam:macOS,fam:macOS,fam:macOS,maj:macOS_10,maj:macOS_10,maj:macOS_10,leaf:macOS_10_15.0,leaf:macOS_10_15.0,leaf:macOS_10_15.0
12053,fam:macOS,fam:macOS,fam:macOS,maj:macOS_10,maj:macOS_10,maj:macOS_10,leaf:macOS_10_15.0,leaf:macOS_10_15.0,leaf:macOS_10_15.0
12054,fam:macOS,fam:macOS,fam:macOS,maj:macOS_10,maj:macOS_10,maj:macOS_10,leaf:macOS_10_15.0,leaf:macOS_10_15.0,leaf:macOS_10_15.0
12055,fam:macOS,fam:macOS,fam:macOS,maj:macOS_10,maj:macOS_10,maj:macOS_10,leaf:macOS_10_15.0,leaf:macOS_10_15.0,leaf:macOS_10_15.0
12056,fam:macOS,fam:macOS,fam:macOS,maj:macOS_10,maj:macOS_10,maj:macOS_10,leaf:macOS_10_15.0,leaf:macOS_10_15.0,leaf:macOS_10_15.0
12058,fam:macOS,fam:iOS,,maj:macOS_10,maj:iOS_13,maj:iOS_13,leaf:macOS_10_15.0,leaf:iOS_13_5.0,leaf:iOS_13_3.0|leaf:iOS_13_4.0|leaf:iOS_13_5.0|leaf:macOS_10_11.0
12059,fam:macOS,fam:macOS,fam:macOS,maj:macOS_10,maj:macOS_10,maj:macOS_10,leaf:macOS_10_15.0,leaf:macOS_10_15.0,leaf:macOS_10_15.0
12061,fam:macOS,fam:macOS,fam:macOS,maj:macOS_10,maj:macOS_10,maj:macOS_10,leaf:macOS_10_15.0,leaf:macOS_10_15.0,leaf:macOS_10_15.0
12063,fam:macOS,fam:iOS,fam:iOS,maj:macOS_10,maj:iOS_13,maj:iOS_13,leaf:macOS_10_15.0,leaf:iOS_13_5.0,leaf:iOS_13_5.0
12065,fam:macOS,fam:macOS,fam:macOS,maj:macOS_10,maj:macOS_10,maj:macOS_10,leaf:macOS_10_15.0,leaf:macOS_10_15.0,leaf:macOS_10_15.0
12066,fam:macOS,fam:macOS,fam:macOS,maj:macOS_10,maj:macOS_10,maj:macOS_10,leaf:macOS_10_15.0,leaf:macOS_10_15.0,leaf:macOS_10_15.0
12067,fam:macOS,fam:macOS,fam:macOS,maj:macOS_10,maj:macOS_10,maj:macOS_10,leaf:macOS_10_15.0,leaf:macOS_10_15.0,leaf:macOS_10_15.0
12068,fam:macOS,fam:macOS,fam:macOS,maj:macOS_10,maj:macOS_10,maj:macOS_10,leaf:macOS_10_15.0,leaf:macOS_10_15.0,leaf:macOS_10_15.0
12073,fam:macOS,fam:macOS,fam:macOS,maj:macOS_10,maj:macOS_10,maj:macOS_10,leaf:macOS_10_15.0,leaf:macOS_10_15.0,leaf:macOS_10_15.0
12074,fam:macOS,fam:macOS,fam:macOS,maj:macOS_10,maj:macOS_10,maj:macOS_10,leaf:macOS_10_15.0,leaf:macOS_10_15.0,leaf:macOS_10_15.0
12076,fam:macOS,fam:macOS,fam:macOS,maj:macOS_10,maj:macOS_10,maj:macOS_10,leaf:macOS_10_15.0,leaf:macOS_10_15.0,leaf:macOS_10_15.0
12077,fam:macOS,fam:macOS,fam:macOS,maj:macOS_10,maj:macOS_10,maj:macOS_10,leaf:macOS_10_15.0,leaf:macOS_10_15.0,leaf:macOS_10_15.0
12078,fam:macOS,fam:macOS,fam:macOS,maj:macOS_10,maj:macOS_10,maj:macOS_10,leaf:macOS_10_15.0,leaf:macOS_10_15.0,leaf:macOS_10_15.0
12080,fam:macOS,fam:macOS,fam:macOS,maj:macOS_10,maj:macOS_10,maj:macOS_10,leaf:macOS_10_15.0,leaf:macOS_10_15.0,leaf:macOS_10_15.0
12081,fam:macOS,fam:macOS,fam:macOS,maj:macOS_10,maj:macOS_10,maj:macOS_10,leaf:macOS_10_15.0,leaf:macOS_10_15.0,leaf:macOS_10_15.0
12086,fam:macOS,fam:macOS,fam:macOS,maj:macOS_10,maj:macOS_10,maj:macOS_10,leaf:macOS_10_15.0,leaf:macOS_10_15.0,leaf:macOS_10_15.0
12087,fam:macOS,fam:macOS,fam:macOS,maj:macOS_10,maj:macOS_10,maj:macOS_10,leaf:macOS_10_15.0,leaf:macOS_10_15.0,leaf:macOS_10_15.0
12088,fam:macOS,fam:macOS,fam:macOS,maj:macOS_10,maj:macOS_10,maj:macOS_10,leaf:macOS_10_15.0,leaf:macOS_10_15.0,leaf:macOS_10_15.0
12089,fam:macOS,fam:Windows,fam:Windows,maj:macOS_10,maj:Windows_10,maj:Windows_10,leaf:macOS_10_15.0,leaf:Windows_10,leaf:Windows_10
12090,fam:macOS,fam:macOS,fam:macOS,maj:macOS_10,maj:macOS_10,maj:macOS_10,leaf:macOS_10_15.0,leaf:macOS_10_15.0,leaf:macOS_10_15.0
12094,fam:macOS,fam:macOS,fam:macOS,maj:macOS_10,maj:macOS_10,maj:macOS_10,leaf:macOS_10_15.0,leaf:macOS_10_15.0,leaf:macOS_10_15.0
12096,fam:macOS,fam:macOS,fam:macOS,maj:macOS_10,maj:macOS_10,maj:macOS_10,leaf:macOS_10_15.0,leaf:macOS_10_15.0,leaf:macOS_10_15.0
12099,fam:macOS,fam:macOS,fam:macOS,maj:macOS_10,maj:macOS_10,maj:macOS_10,leaf:macOS_10_15.0,leaf:macOS_10_15.0,leaf:macOS_10_15.0
12100,fam:macOS,fam:iOS,fam:iOS,maj:macOS_10,maj:iOS_13,maj:iOS_13,leaf:macOS_10_15.0,leaf:iOS_13_4.0,leaf:iOS_13_3.0|leaf:iOS_13_4.0|leaf:iOS_13_5.0
12102,fam:macOS,fam:macOS,fam:macOS,maj:macOS_10,maj:macOS_10,maj:macOS_10,leaf:macOS_10_15.0,leaf:macOS_10_15.0,leaf:macOS_10_15.0
12103,fam:macOS,fam:macOS,fam:macOS,maj:macOS_10,maj:macOS_10,maj:macOS_10,leaf:macOS_10_15.0,leaf:macOS_10_15.0,leaf:macOS_10_15.0
12105,fam:macOS,fam:macOS,fam:macOS,maj:macOS_10,maj:macOS_10,maj:macOS_10,leaf:macOS_10_15.0,leaf:macOS_10_15.0,leaf:macOS_10_15.0
12106,fam:macOS,fam:macOS,fam:macOS,maj:macOS_10,maj:macOS_10,maj:macOS_10,leaf:macOS_10_15.0,leaf:macOS_10_15.0,leaf:macOS_10_14.0|leaf:macOS_10_15.0
12107,fam:macOS,fam:macOS,fam:macOS,maj:macOS_10,maj:macOS_10,maj:macOS_10,leaf:macOS_10_15.0,leaf:macOS_10_15.0,leaf:macOS_10_14.0|leaf:macOS_10_15.0
12108,fam:macOS,fam:macOS,fam:macOS,maj:macOS_10,maj:macOS_10,maj:macOS_10,leaf:macOS_10_15.0,leaf:iOS_13_3.0,leaf:iOS_13_3.0|leaf:macOS_10_15.0
12109,fam:macOS,fam:Windows,fam:Windows,maj:macOS_10,maj:Windows_10,maj:Windows_10,leaf:macOS_10_15.0,leaf:Windows_10,leaf:Windows_10|leaf:Windows_7
12110,fam:macOS,fam:macOS,fam:macOS,maj:macOS_10,maj:macOS_10,maj:macOS_10,leaf:macOS_10_15.0,leaf:macOS_10_15.0,leaf:macOS_10_15.0
12114,fam:macOS,fam:macOS,fam:macOS,maj:macOS_10,maj:macOS_10,maj:macOS_10,leaf:macOS_10_15.0,leaf:macOS_10_15.0,leaf:macOS_10_15.0
12115,fam:macOS,fam:macOS,fam:macOS,maj:macOS_10,maj:macOS_10,maj:macOS_10,leaf:macOS_10_15.0,leaf:macOS_10_15.0,leaf:macOS_10_15.0
12117,fam:macOS,fam:iOS,fam:iOS,maj:macOS_10,maj:iOS_13,maj:iOS_13,leaf:macOS_10_15.0,leaf:iOS_13_5.0,leaf:iOS_13_2.0|leaf:iOS_13_4.0|leaf:iOS_13_5.0
12118,fam:macOS,fam:macOS,fam:macOS,maj:macOS_10,maj:macOS_10,maj:macOS_10,leaf:macOS_10_15.0,leaf:macOS_10_15.0,leaf:macOS_10_15.0
12120,fam:macOS,fam:macOS,fam:macOS,maj:macOS_10,maj:macOS_10,maj:macOS_10,leaf:macOS_10_15.0,leaf:macOS_10_15.0,leaf:macOS_10_15.0
12121,fam:macOS,fam:macOS,fam:macOS,maj:macOS_10,maj:macOS_10,maj:macOS_10,leaf:macOS_10_15.0,leaf:macOS_10_15.0,leaf:macOS_10_15.0
12122,fam:macOS,fam:iOS,fam:iOS,maj:macOS_10,maj:iOS_13,maj:iOS_13,leaf:macOS_10_15.0,leaf:iOS_13_5.0,leaf:iOS_13_5.0
12123,fam:macOS,fam:macOS,fam:macOS,maj:macOS_10,maj:macOS_10,maj:macOS_10,leaf:macOS_10_15.0,leaf:macOS_10_15.0,leaf:macOS_10_15.0
12124,fam:macOS,fam:macOS,fam:macOS,maj:macOS_10,maj:macOS_10,maj:macOS_10,leaf:macOS_10_15.0,leaf:macOS_10_15.0,leaf:macOS_10_15.0
12127,fam:macOS,fam:iOS,fam:iOS,maj:macOS_10,maj:iOS_13,maj:iOS_13,leaf:macOS_10_15.0,leaf:iOS_13_4.0,leaf:iOS_13_3.0|leaf:iOS_13_4.0|leaf:iOS_13_5.0
12128,fam:macOS,fam:macOS,fam:macOS,maj:macOS_10,maj:macOS_10,maj:macOS_10,leaf:macOS_10_15.0,leaf:macOS_10_15.0,leaf:macOS_10_15.0
12131,fam:macOS,fam:macOS,fam:macOS,maj:macOS_10,maj:macOS_10,maj:macOS_10,leaf:macOS_10_15.0,leaf:macOS_10_15.0,leaf:macOS_10_15.0
12133,fam:macOS,fam:macOS,fam:macOS,maj:macOS_10,maj:macOS_10,maj:macOS_10,leaf:macOS_10_15.0,leaf:macOS_10_15.0,leaf:macOS_10_14.0|leaf:macOS_10_15.0
12135,fam:macOS,fam:macOS,fam:macOS,maj:macOS_10,maj:macOS_10,maj:macOS_10,leaf:macOS_10_15.0,leaf:macOS_10_15.0,leaf:macOS_10_14.0|leaf:macOS_10_15.0
12136,fam:macOS,fam:macOS,fam:macOS,maj:macOS_10,maj:macOS_10,maj:macOS_10,leaf:macOS_10_15.0,leaf:macOS_10_15.0,leaf:macOS_10_15.0
12138,fam:macOS,fam:macOS,fam:macOS,maj:macOS_10,maj:macOS_10,maj:macOS_10,leaf:macOS_10_15.0,leaf:macOS_10_15.0,leaf:macOS_10_11.0|leaf:macOS_10_15.0
12139,fam:macOS,fam:macOS,fam:macOS,maj:macOS_10,maj:macOS_10,maj:macOS_10,leaf:macOS_10_15.0,leaf:macOS_10_15.0,leaf:macOS_10_15.0
12142,fam:macOS,fam:iOS,fam:iOS,maj:macOS_10,maj:iOS_13,maj:iOS_13,leaf:macOS_10_15.0,leaf:iOS_13_4.0,leaf:iOS_13_3.0|leaf:iOS_13_4.0|leaf:iOS_13_5.0
12144,fam:macOS,fam:macOS,fam:macOS,maj:macOS_10,maj:macOS_10,maj:macOS_10,leaf:macOS_10_15.0,leaf:macOS_10_15.0,leaf:macOS_10_15.0
12145,fam:macOS,fam:macOS,fam:macOS,maj:macOS_10,maj:macOS_10,maj:macOS_10,leaf:macOS_10_15.0,leaf:macOS_10_15.0,leaf:macOS_10_14.0|leaf:macOS_10_15.0
12146,fam:macOS,fam:macOS,fam:macOS,maj:macOS_10,maj:macOS_10,maj:macOS_10,leaf:macOS_10_15.0,leaf:macOS_10_15.0,leaf:macOS_10_15.0
12147,fam:macOS,fam:macOS,fam:macOS,maj:macOS_10,maj:macOS_10,maj:macOS_10,leaf:macOS_10_15.0,leaf:macOS_10_15.0,leaf:macOS_10_15.0
12149,fam:macOS,fam:macOS,fam:macOS,maj:macOS_10,maj:macOS_10,maj:macOS_10,leaf:macOS_10_15.0,leaf:macOS_10_15.0,leaf:macOS_10_15.0
12150,fam:macOS,fam:macOS,fam:macOS,maj:macOS_10,maj:macOS_10,maj:macOS_10,leaf:macOS_10_15.0,leaf:macOS_10_15.0,leaf:macOS_10_15.0
12151,fam:macOS,fam:macOS,fam:macOS,maj:macOS_10,maj:macOS_10,maj:macOS_10,leaf:macOS_10_15.0,leaf:macOS_10_15.0,leaf:macOS_10_15.0
12152,fam:macOS,fam:macOS,fam:macOS,maj:macOS_10,maj:macOS_10,maj:macOS_10,leaf:macOS_10_15.0,leaf:macOS_10_15.0,leaf:macOS_10_15.0
12156,fam:macOS,fam:macOS,fam:macOS,maj:macOS_10,maj:macOS_10,maj:macOS_10,leaf:macOS_10_15.0,leaf:macOS_10_15.0,leaf:macOS_10_15.0
12158,fam:macOS,fam:macOS,fam:macOS,maj:macOS_10,maj:macOS_10,maj:macOS_10,leaf:macOS_10_15.0,leaf:macOS_10_15.0,leaf:macOS_10_15.0
12160,fam:macOS,fam:macOS,fam:macOS,maj:macOS_10,maj:macOS_10,maj:macOS_10,leaf:macOS_10_15.0,leaf:macOS_10_15.0,leaf:macOS_10_15.0
12161,fam:macOS,fam:macOS,fam:macOS,maj:macOS_10,maj:macOS_10,maj:macOS_10,leaf:macOS_10_15.0,leaf:macOS_10_15.0,leaf:macOS_10_15.0
12162,fam:macOS,fam:macOS,fam:macOS,maj:macOS_10,maj:macOS_10,maj:macOS_10,leaf:macOS_10_15.0,leaf:macOS_10_15.0,leaf:macOS_10_15.0
12165,fam:macOS,fam:macOS,fam:macOS,maj:macOS_10,maj:macOS_10,maj:macOS_10,leaf:macOS_10_15.0,leaf:macOS_10_15.0,leaf:macOS_10_15.0
12166,fam:macOS,fam:iOS,fam:iOS,maj:macOS_10,maj:iOS_13,maj:iOS_13,leaf:macOS_10_15.0,leaf:iOS_13_4.0,leaf:iOS_13_3.0|leaf:iOS_13_4.0|leaf:iOS_13_5.0
12170,fam:macOS,fam:macOS,fam:macOS,maj:macOS_10,maj:macOS_10,maj:macOS_10,leaf:macOS_10_15.0,leaf:macOS_10_15.0,leaf:macOS_10_14.0|leaf:macOS_10_15.0
12171,fam:macOS,fam:iOS,fam:iOS,maj:macOS_10,maj:iOS_13,maj:iOS_13,leaf:macOS_10_15.0,leaf:iOS_13_4.0,leaf:iOS_13_3.0|leaf:iOS_13_4.0|leaf:iOS_13_5.0
12173,fam:macOS,fam:iOS,fam:iOS,maj:macOS_10,maj:iOS_13,maj:iOS_13,leaf:macOS_10_15.0,leaf:iOS_13_4.0,leaf:iOS_13_3.0|leaf:iOS_13_4.0|leaf:iOS_13_5.0
12174,fam:macOS,fam:macOS,fam:macOS,maj:macOS_10,maj:macOS_10,maj:macOS_10,leaf:macOS_10_15.0,leaf:macOS_10_15.0,leaf:macOS_10_15.0
12175,fam:macOS,fam:iOS,fam:iOS,maj:macOS_10,maj:iOS_13,maj:iOS_13,leaf:macOS_10_15.0,leaf:iOS_13_4.0,leaf:iOS_13_3.0|leaf:iOS_13_4.0|leaf:iOS_13_5.0
12176,fam:macOS,fam:macOS,fam:macOS,maj:macOS_10,maj:macOS_10,maj:macOS_10,leaf:macOS_10_15.0,leaf:macOS_10_15.0,leaf:macOS_10_15.0
12178,fam:macOS,fam:macOS,fam:macOS,maj:macOS_10,maj:macOS_10,maj:macOS_10,leaf:macOS_10_15.0,leaf:macOS_10_15.0,leaf:macOS_10_15.0
12180,fam:macOS,fam:Windows,,maj:macOS_10,maj:macOS_10,maj:macOS_10,leaf:macOS_10_15.0,leaf:macOS_10_15.0,leaf:Windows_7|leaf:macOS_10_15.0
12181,fam:macOS,fam:macOS,fam:macOS,maj:macOS_10,maj:macOS_10,maj:macOS_10,leaf:macOS_10_15.0,leaf:macOS_10_15.0,leaf:macOS_10_15.0
12184,fam:macOS,fam:macOS,fam:macOS,maj:macOS_10,maj:macOS_10,maj:macOS_10,leaf:macOS_10_15.0,leaf:macOS_10_15.0,leaf:macOS_10_15.0
12185,fam:macOS,fam:Linux,,maj:macOS_10,maj:Android_7,maj:Android_7|maj:Linux_OTHER|maj:Windows_10,leaf:macOS_10_15.0,leaf:Windows_10,leaf:Windows_10
12186,fam:macOS,fam:macOS,fam:macOS,maj:macOS_10,maj:macOS_10,maj:macOS_10,leaf:macOS_10_15.0,leaf:macOS_10_15.0,leaf:macOS_10_15.0
12187,fam:macOS,fam:macOS,fam:macOS,maj:macOS_10,maj:macOS_10,maj:macOS_10,leaf:macOS_10_15.0,leaf:macOS_10_15.0,leaf:macOS_10_15.0
12195,fam:macOS,fam:macOS,fam:macOS,maj:macOS_10,maj:macOS_10,maj:macOS_10,leaf:macOS_10_15.0,leaf:macOS_10_15.0,leaf:macOS_10_15.0
12196,fam:macOS,fam:macOS,fam:macOS,maj:macOS_10,maj:macOS_10,maj:macOS_10,leaf:macOS_10_15.0,leaf:macOS_10_15.0,leaf:macOS_10_15.0
12197,fam:macOS,fam:macOS,fam:macOS,maj:macOS_10,maj:macOS_10,maj:macOS_10,leaf:macOS_10_15.0,leaf:macOS_10_15.0,leaf:macOS_10_15.0
12198,fam:macOS,fam:macOS,fam:macOS,maj:macOS_10,maj:macOS_10,maj:macOS_10,leaf:macOS_10_15.0,leaf:macOS_10_15.0,leaf:macOS_10_15.0
12199,fam:macOS,fam:macOS,fam:macOS,maj:macOS_10,maj:macOS_10,maj:macOS_10,leaf:macOS_10_15.0,leaf:macOS_10_15.0,leaf:macOS_10_15.0
12201,fam:macOS,fam:macOS,fam:macOS,maj:macOS_10,maj:macOS_10,maj:macOS_10,leaf:macOS_10_15.0,leaf:macOS_10_15.0,leaf:macOS_10_15.0
12203,fam:macOS,fam:macOS,fam:macOS,maj:macOS_10,maj:macOS_10,maj:macOS_10,leaf:macOS_10_15.0,leaf:macOS_10_15.0,leaf:macOS_10_15.0
12204,fam:macOS,fam:macOS,fam:macOS,maj:macOS_10,maj:macOS_10,maj:macOS_10,leaf:macOS_10_15.0,leaf:macOS_10_15.0,leaf:macOS_10_15.0
12205,fam:macOS,fam:iOS,fam:iOS,maj:macOS_10,maj:iOS_13,maj:iOS_13,leaf:macOS_10_15.0,leaf:iOS_13_4.0,leaf:iOS_13_3.0|leaf:iOS_13_4.0|leaf:iOS_13_5.0
12208,fam:macOS,fam:macOS,fam:macOS,maj:macOS_10,maj:macOS_10,maj:macOS_10,leaf:macOS_10_15.0,leaf:macOS_10_15.0,leaf:macOS_10_15.0
12209,fam:macOS,fam:macOS,fam:macOS,maj:macOS_10,maj:macOS_10,maj:macOS_10,leaf:macOS_10_15.0,leaf:macOS_10_15.0,leaf:macOS_10_15.0
12210,fam:macOS,fam:macOS,fam:macOS,maj:macOS_10,maj:macOS_10,maj:macOS_10,leaf:macOS_10_15.0,leaf:macOS_10_15.0,leaf:macOS_10_15.0
12212,fam:macOS,fam:macOS,fam:macOS,maj:macOS_10,maj:macOS_10,maj:macOS_10,leaf:macOS_10_15.0,leaf:macOS_10_15.0,leaf:macOS_10_15.0
12213,fam:macOS,fam:macOS,fam:macOS,maj:macOS_10,maj:macOS_10,maj:macOS_10,leaf:macOS_10_15.0,leaf:macOS_10_15.0,leaf:macOS_10_15.0
12214,fam:macOS,fam:macOS,fam:macOS,maj:macOS_10,maj:macOS_10,maj:macOS_10,leaf:macOS_10_15.0,leaf:macOS_10_15.0,leaf:macOS_10_15.0
12216,fam:macOS,fam:macOS,fam:macOS,maj:macOS_10,maj:macOS_10,maj:macOS_10,leaf:macOS_10_15.0,leaf:macOS_10_15.0,leaf:macOS_10_15.0
12218,fam:macOS,fam:macOS,fam:macOS,maj:macOS_10,maj:macOS_10,maj:macOS_10,leaf:macOS_10_15.0,leaf:macOS_10_15.0,leaf:macOS_10_15.0
12219,fam:macOS,fam:macOS,fam:macOS,maj:macOS_10,maj:macOS_10,maj:macOS_10,leaf:macOS_10_15.0,leaf:macOS_10_15.0,leaf:macOS_10_15.0
12220,fam:macOS,fam:macOS,fam:macOS,maj:macOS_10,maj:macOS_10,maj:macOS_10,leaf:macOS_10_15.0,leaf:macOS_10_15.0,leaf:macOS_10_14.0|leaf:macOS_10_15.0
12221,fam:macOS,fam:macOS,fam:macOS,maj:macOS_10,maj:macOS_10,maj:macOS_10,leaf:macOS_10_15.0,leaf:macOS_10_15.0,leaf:macOS_10_15.0
12224,fam:macOS,fam:macOS,fam:macOS,maj:macOS_10,maj:macOS_10,maj:macOS_10,leaf:macOS_10_15.0,leaf:macOS_10_15.0,leaf:macOS_10_15.0
12228,fam:macOS,fam:macOS,fam:macOS,maj:macOS_10,maj:macOS_10,maj:macOS_10,leaf:macOS_10_15.0,leaf:macOS_10_15.0,leaf:macOS_10_15.0
12229,fam:macOS,fam:macOS,fam:macOS,maj:macOS_10,maj:macOS_10,maj:macOS_10,leaf:macOS_10_15.0,leaf:macOS_10_15.0,leaf:macOS_10_14.0|leaf:macOS_10_15.0
12231,fam:macOS,fam:macOS,fam:macOS,maj:macOS_10,maj:macOS_10,maj:macOS_10,leaf:macOS_10_15.0,leaf:macOS_10_15.0,leaf:macOS_10_15.0
12232,fam:macOS,fam:macOS,fam:macOS,maj:macOS_10,maj:macOS_10,maj:macOS_10,leaf:macOS_10_15.0,leaf:macOS_10_15.0,leaf:macOS_10_15.0
12234,fam:macOS,fam:macOS,fam:macOS,maj:macOS_10,maj:macOS_10,maj:macOS_10,leaf:macOS_10_15.0,leaf:macOS_10_15.0,leaf:macOS_10_14.0|leaf:macOS_10_15.0
12235,fam:macOS,fam:macOS,fam:macOS,maj:macOS_10,maj:macOS_10,maj:macOS_10,leaf:macOS_10_15.0,leaf:macOS_10_15.0,leaf:macOS_10_14.0|leaf:macOS_10_15.0
12237,fam:macOS,fam:iOS,fam:iOS,maj:macOS_10,maj:iOS_13,maj:iOS_13,leaf:macOS_10_15.0,leaf:iOS_13_4.0,leaf:iOS_13_3.0|leaf:iOS_13_4.0|leaf:iOS_13_5.0
12239,fam:macOS,fam:iOS,fam:iOS,maj:macOS_10,maj:iOS_13,maj:iOS_13,leaf:macOS_10_15.0,leaf:iOS_13_5.0,leaf:iOS_13_2.0|leaf:iOS_13_4.0|leaf:iOS_13_5.0
12240,fam:macOS,fam:macOS,fam:macOS,maj:macOS_10,maj:macOS_10,maj:macOS_10,leaf:macOS_10_15.0,leaf:macOS_10_15.0,leaf:macOS_10_15.0
12241,fam:macOS,fam:macOS,fam:macOS,maj:macOS_10,maj:macOS_10,maj:macOS_10,leaf:macOS_10_15.0,leaf:macOS_10_15.0,leaf:macOS_10_15.0
12243,fam:macOS,fam:macOS,fam:macOS,maj:macOS_10,maj:macOS_10,maj:macOS_10,leaf:macOS_10_15.0,leaf:macOS_10_15.0,leaf:macOS_10_15.0
12244,fam:macOS,fam:macOS,fam:macOS,maj:macOS_10,maj:macOS_10,maj:macOS_10,leaf:macOS_10_15.0,leaf:macOS_10_15.0,leaf:macOS_10_15.0
12247,fam:macOS,fam:macOS,fam:macOS,maj:macOS_10,maj:macOS_10,maj:macOS_10,leaf:macOS_10_15.0,leaf:macOS_10_15.0,leaf:macOS_10_15.0
12251,fam:macOS,fam:macOS,fam:macOS,maj:macOS_10,maj:macOS_10,maj:macOS_10,leaf:macOS_10_15.0,leaf:macOS_10_15.0,leaf:macOS_10_15.0
12252,fam:macOS,fam:macOS,fam:macOS,maj:macOS_10,maj:macOS_10,maj:macOS_10,leaf:macOS_10_15.0,leaf:macOS_10_15.0,leaf:macOS_10_15.0
12253,fam:macOS,fam:iOS,fam:iOS,maj:macOS_10,maj:iOS_13,maj:iOS_13,leaf:macOS_10_15.0,leaf:iOS_13_4.0,leaf:iOS_13_3.0|leaf:iOS_13_4.0|leaf:iOS_13_5.0
12254,fam:macOS,fam:iOS,fam:iOS,maj:macOS_10,maj:iOS_13,maj:iOS_13,leaf:macOS_10_15.0,leaf:iOS_13_4.0,leaf:iOS_13_3.0|leaf:iOS_13_4.0|leaf:iOS_13_5.0
12255,fam:macOS,fam:macOS,fam:macOS,maj:macOS_10,maj:macOS_10,maj:macOS_10,leaf:macOS_10_15.0,leaf:macOS_10_15.0,leaf:macOS_10_15.0
12257,fam:macOS,fam:iOS,fam:iOS,maj:macOS_10,maj:iOS_13,maj:iOS_13,leaf:macOS_10_15.0,leaf:iOS_13_4.0,leaf:iOS_13_3.0|leaf:iOS_13_4.0|leaf:iOS_13_5.0
12259,fam:macOS,fam:macOS,fam:macOS,maj:macOS_10,maj:macOS_10,maj:macOS_10,leaf:macOS_10_15.0,leaf:macOS_10_15.0,leaf:macOS_10_15.0
12260,fam:macOS,fam:macOS,fam:macOS,maj:macOS_10,maj:macOS_10,maj:macOS_10,leaf:macOS_10_15.0,leaf:macOS_10_15.0,leaf:macOS_10_15.0
12264,fam:macOS,fam:macOS,fam:macOS,maj:macOS_10,maj:macOS_10,maj:macOS_10,leaf:macOS_10_15.0,leaf:macOS_10_15.0,leaf:macOS_10_15.0
12266,fam:macOS,fam:Linux,,maj:macOS_10,maj:iOS_12,maj:iOS_12,leaf:macOS_10_15.0,leaf:Linux_OTHER,leaf:Linux_OTHER|leaf:macOS_10_14.0
12267,fam:macOS,fam:macOS,fam:macOS,maj:macOS_10,maj:macOS_10,maj:macOS_10,leaf:macOS_10_15.0,leaf:macOS_10_15.0,leaf:macOS_10_15.0
12270,fam:macOS,fam:macOS,fam:macOS,maj:macOS_10,maj:macOS_10,maj:macOS_10,leaf:macOS_10_15.0,leaf:macOS_10_15.0,leaf:macOS_10_14.0|leaf:macOS_10_15.0
12271,fam:macOS,fam:macOS,fam:macOS,maj:macOS_10,maj:macOS_10,maj:macOS_10,leaf:macOS_10_15.0,leaf:macOS_10_15.0,leaf:macOS_10_15.0
12272,fam:macOS,fam:macOS,fam:macOS,maj:macOS_10,maj:macOS_10,maj:macOS_10,leaf:macOS_10_15.0,leaf:macOS_10_15.0,leaf:macOS_10_14.0|leaf:macOS_10_15.0
12277,fam:macOS,fam:macOS,fam:macOS,maj:macOS_10,maj:macOS_10,maj:macOS_10,leaf:macOS_10_15.0,leaf:macOS_10_15.0,leaf:macOS_10_15.0
12279,fam:macOS,fam:macOS,fam:macOS,maj:macOS_10,maj:macOS_10,maj:macOS_10,leaf:macOS_10_15.0,leaf:macOS_10_15.0,leaf:macOS_10_15.0
12280,fam:macOS,fam:macOS,fam:macOS,maj:macOS_10,maj:macOS_10,maj:macOS_10,leaf:macOS_10_15.0,leaf:macOS_10_15.0,leaf:macOS_10_15.0
12282,fam:macOS,fam:macOS,fam:macOS,maj:macOS_10,maj:macOS_10,maj:macOS_10,leaf:macOS_10_15.0,leaf:macOS_10_15.0,leaf:macOS_10_15.0
12293,fam:macOS,fam:macOS,fam:macOS,maj:macOS_10,maj:macOS_10,maj:macOS_10,leaf:macOS_10_15.0,leaf:macOS_10_15.0,leaf:macOS_10_15.0
12299,fam:macOS,fam:macOS,fam:macOS,maj:macOS_10,maj:macOS_10,maj:macOS_10,leaf:macOS_10_15.0,leaf:macOS_10_15.0,leaf:macOS_10_15.0
12300,fam:macOS,fam:macOS,fam:macOS,maj:macOS_10,maj:macOS_10,maj:macOS_10,leaf:macOS_10_15.0,leaf:macOS_10_15.0,leaf:macOS_10_15.0
12301,fam:macOS,fam:macOS,fam:macOS,maj:macOS_10,maj:macOS_10,maj:macOS_10,leaf:macOS_10_15.0,leaf:macOS_10_15.0,leaf:macOS_10_15.0
12303,fam:macOS,fam:macOS,fam:macOS,maj:macOS_10,maj:macOS_10,maj:macOS_10,leaf:macOS_10_15.0,leaf:macOS_10_15.0,leaf:macOS_10_15.0
12306,fam:macOS,fam:macOS,fam:macOS,maj:macOS_10,maj:macOS_10,maj:macOS_10,leaf:macOS_10_15.0,leaf:macOS_10_15.0,leaf:macOS_10_14.0|leaf:macOS_10_15.0
12307,fam:macOS,fam:iOS,fam:iOS,maj:macOS_10,maj:iOS_13,maj:iOS_13,leaf:macOS_10_15.0,leaf:iOS_13_4.0,leaf:iOS_13_3.0|leaf:iOS_13_4.0|leaf:iOS_13_5.0
12308,fam:macOS,fam:macOS,fam:macOS,maj:macOS_10,maj:macOS_10,maj:macOS_10,leaf:macOS_10_15.0,leaf:macOS_10_15.0,leaf:macOS_10_15.0
12309,fam:macOS,fam:macOS,fam:macOS,maj:macOS_10,maj:macOS_10,maj:macOS_10,leaf:macOS_10_15.0,leaf:macOS_10_15.0,leaf:macOS_10_15.0
12310,fam:macOS,fam:macOS,fam:macOS,maj:macOS_10,maj:macOS_10,maj:macOS_10,leaf:macOS_10_15.0,leaf:macOS_10_15.0,leaf:macOS_10_15.0
12313,fam:macOS,fam:macOS,fam:macOS,maj:macOS_10,maj:macOS_10,maj:macOS_10,leaf:macOS_10_15.0,leaf:macOS_10_15.0,leaf:macOS_10_15.0
12317,fam:macOS,fam:macOS,fam:macOS,maj:macOS_10,maj:macOS_10,maj:macOS_10,leaf:macOS_10_15.0,leaf:macOS_10_15.0,leaf:macOS_10_15.0
12319,fam:macOS,fam:macOS,fam:macOS,maj:macOS_10,maj:macOS_10,maj:macOS_10,leaf:macOS_10_15.0,leaf:macOS_10_15.0,leaf:macOS_10_15.0
12320,fam:macOS,fam:macOS,,maj:macOS_10,maj:iOS_14,maj:iOS_14,leaf:macOS_10_15.0,leaf:iOS_14_0.0,leaf:iOS_14_0.0
12322,fam:macOS,fam:iOS,fam:iOS,maj:macOS_10,maj:iOS_13,maj:iOS_13,leaf:macOS_10_15.0,leaf:iOS_13_4.0,leaf:iOS_13_3.0|leaf:iOS_13_4.0|leaf:iOS_13_5.0
12324,fam:macOS,fam:macOS,fam:macOS,maj:macOS_10,maj:macOS_10,maj:macOS_10,leaf:macOS_10_15.0,leaf:macOS_10_15.0,leaf:macOS_10_15.0
12325,fam:macOS,fam:macOS,fam:macOS,maj:macOS_10,maj:macOS_10,maj:macOS_10,leaf:macOS_10_15.0,leaf:macOS_10_15.0,leaf:macOS_10_15.0
12326,fam:macOS,fam:macOS,fam:macOS,maj:macOS_10,maj:macOS_10,maj:macOS_10,leaf:macOS_10_15.0,leaf:macOS_10_15.0,leaf:macOS_10_15.0
12329,fam:macOS,fam:macOS,fam:macOS,maj:macOS_10,maj:macOS_10,maj:macOS_10,leaf:macOS_10_15.0,leaf:macOS_10_15.0,leaf:macOS_10_15.0
12330,fam:macOS,fam:macOS,fam:macOS,maj:macOS_10,maj:macOS_10,maj:macOS_10,leaf:macOS_10_15.0,leaf:macOS_10_15.0,leaf:macOS_10_15.0
12334,fam:macOS,fam:macOS,fam:macOS,maj:macOS_10,maj:macOS_10,maj:macOS_10,leaf:macOS_10_15.0,leaf:macOS_10_15.0,leaf:macOS_10_15.0
12335,fam:macOS,fam:macOS,fam:macOS,maj:macOS_10,maj:macOS_10,maj:macOS_10,leaf:macOS_10_15.0,leaf:macOS_10_15.0,leaf:macOS_10_14.0|leaf:macOS_10_15.0
12336,fam:macOS,fam:macOS,fam:macOS,maj:macOS_10,maj:macOS_10,maj:macOS_10,leaf:macOS_10_15.0,leaf:macOS_10_15.0,leaf:macOS_10_15.0
12337,fam:macOS,fam:macOS,fam:macOS,maj:macOS_10,maj:macOS_10,maj:macOS_10,leaf:macOS_10_15.0,leaf:macOS_10_15.0,leaf:macOS_10_15.0
12339,fam:macOS,fam:macOS,fam:macOS,maj:macOS_10,maj:macOS_10,maj:macOS_10,leaf:macOS_10_15.0,leaf:macOS_10_15.0,leaf:macOS_10_15.0
12341,fam:macOS,fam:macOS,fam:macOS,maj:macOS_10,maj:macOS_10,maj:macOS_10,leaf:macOS_10_15.0,leaf:macOS_10_15.0,leaf:macOS_10_15.0
12342,fam:macOS,fam:macOS,fam:macOS,maj:macOS_10,maj:macOS_10,maj:macOS_10,leaf:macOS_10_15.0,leaf:macOS_10_15.0,leaf:macOS_10_15.0
12343,fam:macOS,fam:macOS,fam:macOS,maj:macOS_10,maj:macOS_10,maj:macOS_10,leaf:macOS_10_15.0,leaf:macOS_10_15.0,leaf:macOS_10_15.0
12344,fam:macOS,fam:macOS,fam:macOS,maj:macOS_10,maj:macOS_10,maj:macOS_10,leaf:macOS_10_15.0,leaf:macOS_10_15.0,leaf:macOS_10_15.0
12345,fam:macOS,fam:macOS,fam:macOS,maj:macOS_10,maj:macOS_10,maj:macOS_10,leaf:macOS_10_15.0,leaf:macOS_10_15.0,leaf:macOS_10_15.0
12346,fam:macOS,fam:macOS,fam:macOS,maj:macOS_10,maj:macOS_10,maj:macOS_10,leaf:macOS_10_15.0,leaf:macOS_10_15.0,leaf:macOS_10_15.0
12347,fam:macOS,fam:macOS,fam:macOS,maj:macOS_10,maj:macOS_10,maj:macOS_10,leaf:macOS_10_15.0,leaf:macOS_10_15.0,leaf:macOS_10_15.0
12348,fam:macOS,fam:macOS,fam:macOS,maj:macOS_10,maj:macOS_10,maj:macOS_10,leaf:macOS_10_15.0,leaf:macOS_10_15.0,leaf:macOS_10_15.0
12349,fam:macOS,fam:macOS,fam:macOS,maj:macOS_10,maj:macOS_10,maj:macOS_10,leaf:macOS_10_15.0,leaf:macOS_10_15.0,leaf:macOS_10_15.0
12357,fam:macOS,fam:macOS,fam:macOS,maj:macOS_10,maj:macOS_10,maj:macOS_10,leaf:macOS_10_15.0,leaf:macOS_10_15.0,leaf:macOS_10_15.0
12360,fam:macOS,fam:macOS,fam:macOS,maj:macOS_10,maj:macOS_10,maj:macOS_10,leaf:macOS_10_15.0,leaf:macOS_10_15.0,leaf:macOS_10_15.0
12361,fam:macOS,fam:iOS,fam:iOS,maj:macOS_10,maj:iOS_13,maj:iOS_13,leaf:macOS_10_15.0,leaf:iOS_13_4.0,leaf:iOS_13_3.0|leaf:iOS_13_4.0|leaf:iOS_13_5.0|leaf:macOS_10_11.0
12362,fam:macOS,fam:macOS,fam:macOS,maj:macOS_10,maj:macOS_10,maj:macOS_10,leaf:macOS_10_15.0,leaf:macOS_10_15.0,leaf:macOS_10_15.0
12365,fam:macOS,fam:macOS,fam:macOS,maj:macOS_10,maj:macOS_10,maj:macOS_10,leaf:macOS_10_15.0,leaf:macOS_10_15.0,leaf:macOS_10_15.0
12368,fam:macOS,fam:macOS,fam:macOS,maj:macOS_10,maj:macOS_10,maj:macOS_10,leaf:macOS_10_15.0,leaf:macOS_10_15.0,leaf:macOS_10_15.0
12370,fam:macOS,fam:macOS,fam:macOS,maj:macOS_10,maj:macOS_10,maj:macOS_10,leaf:macOS_10_15.0,leaf:macOS_10_15.0,leaf:macOS_10_15.0
12372,fam:macOS,fam:macOS,fam:macOS,maj:macOS_10,maj:macOS_10,maj:macOS_10,leaf:macOS_10_15.0,leaf:macOS_10_15.0,leaf:macOS_10_15.0
12373,fam:macOS,fam:macOS,fam:macOS,maj:macOS_10,maj:macOS_10,maj:macOS_10,leaf:macOS_10_15.0,leaf:macOS_10_15.0,leaf:macOS_10_15.0
12376,fam:macOS,fam:macOS,fam:macOS,maj:macOS_10,maj:macOS_10,maj:macOS_10,leaf:macOS_10_15.0,leaf:macOS_10_15.0,leaf:macOS_10_15.0
12377,fam:macOS,fam:macOS,fam:macOS,maj:macOS_10,maj:macOS_10,maj:macOS_10,leaf:macOS_10_15.0,leaf:macOS_10_15.0,leaf:macOS_10_14.0|leaf:macOS_10_15.0
12378,fam:macOS,fam:macOS,fam:macOS,maj:macOS_10,maj:macOS_10,maj:macOS_10,leaf:macOS_10_15.0,leaf:macOS_10_15.0,leaf:macOS_10_15.0
12382,fam:macOS,fam:iOS,fam:iOS,maj:macOS_10,maj:iOS_13,maj:iOS_13,leaf:macOS_10_15.0,leaf:iOS_13_4.0,leaf:iOS_13_3.0|leaf:iOS_13_4.0|leaf:iOS_13_5.0
12384,fam:macOS,fam:macOS,fam:macOS,maj:macOS_10,maj:macOS_10,maj:macOS_10,leaf:macOS_10_15.0,leaf:macOS_10_15.0,leaf:macOS_10_14.0|leaf:macOS_10_15.0
12386,fam:macOS,fam:macOS,fam:macOS,maj:macOS_10,maj:macOS_10,maj:macOS_10,leaf:macOS_10_15.0,leaf:macOS_10_15.0,leaf:macOS_10_15.0
12387,fam:macOS,fam:macOS,fam:macOS,maj:macOS_10,maj:macOS_10,maj:macOS_10,leaf:macOS_10_15.0,leaf:macOS_10_15.0,leaf:macOS_10_15.0
12388,fam:macOS,fam:macOS,fam:macOS,maj:macOS_10,maj:macOS_10,maj:macOS_10,leaf:macOS_10_15.0,leaf:macOS_10_15.0,leaf:macOS_10_15.0
12392,fam:macOS,fam:Windows,fam:Windows,maj:macOS_10,maj:Windows_10,maj:Windows_10,leaf:macOS_10_15.0,leaf:Windows_10,leaf:Windows_10
12395,fam:macOS,fam:macOS,fam:macOS,maj:macOS_10,maj:macOS_10,maj:macOS_10,leaf:macOS_10_15.0,leaf:macOS_10_15.0,leaf:macOS_10_15.0
12399,fam:macOS,fam:macOS,fam:macOS,maj:macOS_10,maj:macOS_10,maj:macOS_10,leaf:macOS_10_15.0,leaf:macOS_10_15.0,leaf:macOS_10_14.0|leaf:macOS_10_15.0
12401,fam:macOS,fam:macOS,fam:macOS,maj:macOS_10,maj:macOS_10,maj:macOS_10,leaf:macOS_10_15.0,leaf:macOS_10_15.0,leaf:iOS_13_4.0|leaf:macOS_10_15.0
12402,fam:macOS,fam:macOS,fam:macOS,maj:macOS_10,maj:macOS_10,maj:macOS_10,leaf:macOS_10_15.0,leaf:macOS_10_15.0,leaf:macOS_10_15.0
12403,fam:macOS,fam:macOS,fam:macOS,maj:macOS_10,maj:macOS_10,maj:macOS_10,leaf:macOS_10_15.0,leaf:macOS_10_15.0,leaf:macOS_10_15.0
12405,fam:macOS,fam:macOS,fam:macOS,maj:macOS_10,maj:macOS_10,maj:macOS_10,leaf:macOS_10_15.0,leaf:macOS_10_15.0,leaf:macOS_10_15.0
12408,fam:macOS,fam:macOS,fam:macOS,maj:macOS_10,maj:macOS_10,maj:macOS_10,leaf:macOS_10_15.0,leaf:macOS_10_15.0,leaf:macOS_10_15.0
12409,fam:macOS,fam:macOS,fam:macOS,maj:macOS_10,maj:macOS_10,maj:macOS_10,leaf:macOS_10_15.0,leaf:macOS_10_15.0,leaf:macOS_10_15.0
12410,fam:macOS,fam:iOS,fam:iOS,maj:macOS_10,maj:iOS_13,maj:iOS_13,leaf:macOS_10_15.0,leaf:iOS_13_4.0,leaf:iOS_13_3.0|leaf:iOS_13_4.0|leaf:iOS_13_5.0
12411,fam:macOS,fam:macOS,fam:macOS,maj:macOS_10,maj:macOS_10,maj:macOS_10,leaf:macOS_10_15.0,leaf:macOS_10_15.0,leaf:macOS_10_15.0
12412,fam:macOS,fam:macOS,fam:macOS,maj:macOS_10,maj:macOS_10,maj:macOS_10,leaf:macOS_10_15.0,leaf:macOS_10_15.0,leaf:macOS_10_15.0
12416,fam:macOS,fam:macOS,fam:macOS,maj:macOS_10,maj:macOS_10,maj:macOS_10,leaf:macOS_10_15.0,leaf:macOS_10_15.0,leaf:macOS_10_15.0
12418,fam:macOS,fam:macOS,fam:macOS,maj:macOS_10,maj:macOS_10,maj:macOS_10,leaf:macOS_10_15.0,leaf:macOS_10_15.0,leaf:macOS_10_15.0
12421,fam:macOS,fam:macOS,fam:macOS,maj:macOS_10,maj:macOS_10,maj:macOS_10,leaf:macOS_10_15.0,leaf:macOS_10_15.0,leaf:macOS_10_15.0
12425,fam:macOS,fam:macOS,fam:macOS,maj:macOS_10,maj:macOS_10,maj:macOS_10,leaf:macOS_10_15.0,leaf:macOS_10_15.0,leaf:macOS_10_15.0
12426,fam:macOS,fam:macOS,fam:macOS,maj:macOS_10,maj:macOS_10,maj:macOS_10,leaf:macOS_10_15.0,leaf:macOS_10_15.0,leaf:macOS_10_15.0
12430,fam:macOS,fam:macOS,fam:macOS,maj:macOS_10,maj:macOS_10,maj:macOS_10,leaf:macOS_10_15.0,leaf:macOS_10_15.0,leaf:macOS_10_15.0
12431,fam:macOS,fam:macOS,fam:macOS,maj:macOS_10,maj:macOS_10,maj:macOS_10,leaf:macOS_10_15.0,leaf:macOS_10_15.0,leaf:macOS_10_15.0
12432,fam:macOS,fam:iOS,fam:iOS,maj:macOS_10,maj:iOS_13,maj:iOS_13,leaf:macOS_10_15.0,leaf:iOS_13_4.0,leaf:iOS_13_3.0|leaf:iOS_13_4.0|leaf:iOS_13_5.0
12435,fam:macOS,fam:macOS,fam:macOS,maj:macOS_10,maj:macOS_10,maj:macOS_10,leaf:macOS_10_15.0,leaf:macOS_10_15.0,leaf:macOS_10_15.0
12436,fam:macOS,fam:iOS,,maj:macOS_10,maj:macOS_10,maj:macOS_10,leaf:macOS_10_15.0,leaf:iOS_13_5.0,leaf:iOS_13_5.0|leaf:macOS_10_15.0
12437,fam:macOS,fam:macOS,fam:macOS,maj:macOS_10,maj:macOS_10,maj:macOS_10,leaf:macOS_10_15.0,leaf:macOS_10_15.0,leaf:macOS_10_15.0
12438,fam:macOS,fam:macOS,fam:macOS,maj:macOS_10,maj:macOS_10,maj:macOS_10,leaf:macOS_10_15.0,leaf:macOS_10_15.0,leaf:macOS_10_15.0
12441,fam:macOS,fam:macOS,fam:macOS,maj:macOS_10,maj:macOS_10,maj:macOS_10,leaf:macOS_10_15.0,leaf:macOS_10_15.0,leaf:macOS_10_15.0
12442,fam:macOS,fam:macOS,fam:macOS,maj:macOS_10,maj:macOS_10,maj:macOS_10,leaf:macOS_10_15.0,leaf:macOS_10_15.0,leaf:macOS_10_15.0
12446,fam:macOS,fam:macOS,fam:macOS,maj:macOS_10,maj:macOS_10,maj:macOS_10,leaf:macOS_10_15.0,leaf:macOS_10_15.0,leaf:macOS_10_15.0
12447,fam:macOS,fam:macOS,fam:macOS,maj:macOS_10,maj:macOS_10,maj:macOS_10,leaf:macOS_10_15.0,leaf:macOS_10_15.0,leaf:macOS_10_15.0
12451,fam:macOS,fam:macOS,fam:macOS,maj:macOS_10,maj:macOS_10,maj:macOS_10,leaf:macOS_10_15.0,leaf:macOS_10_15.0,leaf:macOS_10_15.0
12455,fam:macOS,fam:macOS,fam:macOS,maj:macOS_10,maj:macOS_10,maj:macOS_10,leaf:macOS_10_15.0,leaf:macOS_10_15.0,leaf:macOS_10_15.0
12457,fam:macOS,fam:macOS,fam:macOS,maj:macOS_10,maj:macOS_10,maj:macOS_10,leaf:macOS_10_15.0,leaf:macOS_10_15.0,leaf:macOS_10_15.0
12460,fam:macOS,fam:macOS,fam:macOS,maj:macOS_10,maj:macOS_10,maj:macOS_10,leaf:macOS_10_15.0,leaf:macOS_10_15.0,leaf:macOS_10_15.0
12461,fam:macOS,fam:macOS,fam:macOS,maj:macOS_10,maj:macOS_10,maj:macOS_10,leaf:macOS_10_15.0,leaf:macOS_10_15.0,leaf:macOS_10_15.0
12463,fam:macOS,fam:macOS,fam:macOS,maj:macOS_10,maj:macOS_10,maj:macOS_10,leaf:macOS_10_15.0,leaf:macOS_10_15.0,leaf:macOS_10_15.0
12464,fam:macOS,fam:macOS,fam:macOS,maj:macOS_10,maj:macOS_10,maj:macOS_10,leaf:macOS_10_15.0,leaf:macOS_10_15.0,leaf:macOS_10_15.0
12468,fam:macOS,fam:macOS,fam:macOS,maj:macOS_10,maj:macOS_10,maj:macOS_10,leaf:macOS_10_15.0,leaf:macOS_10_15.0,leaf:macOS_10_15.0
12470,fam:macOS,fam:iOS,fam:iOS,maj:macOS_10,maj:iOS_13,maj:iOS_13,leaf:macOS_10_15.0,leaf:iOS_13_4.0,leaf:iOS_13_3.0|leaf:iOS_13_4.0|leaf:iOS_13_5.0
12474,fam:macOS,fam:macOS,fam:macOS,maj:macOS_10,maj:macOS_10,maj:macOS_10,leaf:macOS_10_15.0,leaf:macOS_10_15.0,leaf:macOS_10_14.0|leaf:macOS_10_15.0
12476,fam:macOS,fam:macOS,fam:macOS,maj:macOS_10,maj:macOS_10,maj:macOS_10,leaf:macOS_10_15.0,leaf:macOS_10_14.0,leaf:macOS_10_14.0|leaf:macOS_10_15.0
12477,fam:macOS,fam:macOS,fam:macOS,maj:macOS_10,maj:macOS_10,maj:macOS_10,leaf:macOS_10_15.0,leaf:macOS_10_15.0,leaf:macOS_10_15.0
12478,fam:macOS,fam:macOS,fam:macOS,maj:macOS_10,maj:macOS_10,maj:macOS_10,leaf:macOS_10_15.0,leaf:macOS_10_15.0,leaf:macOS_10_15.0
12480,fam:macOS,fam:macOS,fam:macOS,maj:macOS_10,maj:macOS_10,maj:macOS_10,leaf:macOS_10_15.0,leaf:macOS_10_15.0,leaf:macOS_10_15.0
12481,fam:macOS,fam:macOS,fam:macOS,maj:macOS_10,maj:macOS_10,maj:macOS_10,leaf:macOS_10_15.0,leaf:macOS_10_15.0,leaf:macOS_10_15.0
12482,fam:macOS,fam:iOS,fam:iOS,maj:macOS_10,maj:iOS_13,maj:iOS_13,leaf:macOS_10_15.0,leaf:iOS_13_5.0,leaf:iOS_13_3.0|leaf:iOS_13_5.0
12483,fam:macOS,fam:macOS,fam:macOS,maj:macOS_10,maj:macOS_10,maj:macOS_10,leaf:macOS_10_15.0,leaf:macOS_10_15.0,leaf:macOS_10_15.0
12485,fam:macOS,fam:macOS,fam:macOS,maj:macOS_10,maj:macOS_10,maj:macOS_10,leaf:macOS_10_15.0,leaf:macOS_10_15.0,leaf:macOS_10_15.0
12486,fam:macOS,fam:macOS,fam:macOS,maj:macOS_10,maj:macOS_10,maj:macOS_10,leaf:macOS_10_15.0,leaf:macOS_10_15.0,leaf:macOS_10_15.0
12487,fam:macOS,fam:macOS,fam:macOS,maj:macOS_10,maj:macOS_10,maj:macOS_10,leaf:macOS_10_15.0,leaf:macOS_10_15.0,leaf:macOS_10_15.0
12489,fam:macOS,fam:macOS,fam:macOS,maj:macOS_10,maj:macOS_10,maj:macOS_10,leaf:macOS_10_15.0,leaf:macOS_10_15.0,leaf:macOS_10_15.0
12490,fam:macOS,fam:iOS,fam:iOS,maj:macOS_10,maj:iOS_13,maj:iOS_13,leaf:macOS_10_15.0,leaf:iOS_13_5.0,leaf:iOS_13_2.0|leaf:iOS_13_4.0|leaf:iOS_13_5.0
12493,fam:macOS,fam:macOS,fam:macOS,maj:macOS_10,maj:macOS_10,maj:macOS_10,leaf:macOS_10_15.0,leaf:macOS_10_15.0,leaf:macOS_10_15.0
12496,fam:macOS,fam:macOS,fam:macOS,maj:macOS_10,maj:macOS_10,maj:macOS_10,leaf:macOS_10_15.0,leaf:macOS_10_15.0,leaf:macOS_10_15.0
12497,fam:macOS,fam:macOS,fam:macOS,maj:macOS_10,maj:macOS_10,maj:macOS_10,leaf:macOS_10_15.0,leaf:macOS_10_15.0,leaf:macOS_10_15.0
12498,fam:macOS,fam:macOS,fam:macOS,maj:macOS_10,maj:macOS_10,maj:macOS_10,leaf:macOS_10_15.0,leaf:macOS_10_15.0,leaf:macOS_10_14.0|leaf:macOS_10_15.0
12500,fam:macOS,fam:macOS,fam:macOS,maj:macOS_10,maj:macOS_10,maj:macOS_10,leaf:macOS_10_15.0,leaf:macOS_10_15.0,leaf:macOS_10_15.0
12502,fam:macOS,fam:macOS,fam:macOS,maj:macOS_10,maj:macOS_10,maj:macOS_10,leaf:macOS_10_15.0,leaf:macOS_10_15.0,leaf:macOS_10_15.0
12504,fam:macOS,fam:macOS,fam:macOS,maj:macOS_10,maj:macOS_10,maj:macOS_10,leaf:macOS_10_15.0,leaf:macOS_10_15.0,leaf:macOS_10_15.0
12508,fam:macOS,fam:iOS,fam:iOS,maj:macOS_10,maj:iOS_13,maj:iOS_13,leaf:macOS_10_15.0,leaf:iOS_13_4.0,leaf:iOS_13_3.0|leaf:iOS_13_4.0|leaf:iOS_13_5.0
12513,fam:macOS,fam:macOS,fam:macOS,maj:macOS_10,maj:macOS_10,maj:macOS_10,leaf:macOS_10_15.0,leaf:macOS_10_15.0,leaf:macOS_10_15.0
12516,fam:macOS,fam:macOS,fam:macOS,maj:macOS_10,maj:macOS_10,maj:macOS_10,leaf:macOS_10_15.0,leaf:macOS_10_15.0,leaf:macOS_10_15.0
12517,fam:macOS,fam:macOS,fam:macOS,maj:macOS_10,maj:macOS_10,maj:macOS_10,leaf:macOS_10_15.0,leaf:macOS_10_15.0,leaf:macOS_10_15.0
12519,fam:macOS,fam:macOS,fam:macOS,maj:macOS_10,maj:macOS_10,maj:macOS_10,leaf:macOS_10_15.0,leaf:macOS_10_15.0,leaf:macOS_10_15.0
12520,fam:macOS,fam:macOS,fam:macOS,maj:macOS_10,maj:macOS_10,maj:macOS_10,leaf:macOS_10_15.0,leaf:macOS_10_15.0,leaf:macOS_10_15.0
12522,fam:macOS,fam:macOS,fam:macOS,maj:macOS_10,maj:macOS_10,maj:macOS_10,leaf:macOS_10_15.0,leaf:macOS_10_15.0,leaf:macOS_10_15.0
12523,fam:macOS,fam:iOS,fam:iOS,maj:macOS_10,maj:iOS_13,maj:iOS_13,leaf:macOS_10_15.0,leaf:iOS_13_4.0,leaf:iOS_13_4.0|leaf:iOS_13_5.0|leaf:macOS_10_11.0
12527,fam:macOS,fam:macOS,fam:macOS,maj:macOS_10,maj:macOS_10,maj:macOS_10,leaf:macOS_10_15.0,leaf:macOS_10_15.0,leaf:macOS_10_15.0
12529,fam:macOS,fam:macOS,fam:macOS,maj:macOS_10,maj:macOS_10,maj:macOS_10,leaf:macOS_10_15.0,leaf:macOS_10_15.0,leaf:macOS_10_14.0|leaf:macOS_10_15.0
12533,fam:macOS,fam:iOS,fam:iOS,maj:macOS_10,maj:iOS_13,maj:iOS_13,leaf:macOS_10_15.0,leaf:iOS_13_4.0,leaf:iOS_13_3.0|leaf:iOS_13_4.0|leaf:iOS_13_5.0
12535,fam:macOS,fam:macOS,fam:macOS,maj:macOS_10,maj:macOS_10,maj:macOS_10,leaf:macOS_10_15.0,leaf:macOS_10_15.0,leaf:macOS_10_15.0
12540,fam:macOS,fam:macOS,fam:macOS,maj:macOS_10,maj:macOS_10,maj:macOS_10,leaf:macOS_10_15.0,leaf:macOS_10_15.0,leaf:macOS_10_15.0
12543,fam:macOS,fam:macOS,fam:macOS,maj:macOS_10,maj:macOS_10,maj:macOS_10,leaf:macOS_10_15.0,leaf:macOS_10_15.0,leaf:macOS_10_15.0
12545,fam:macOS,fam:macOS,fam:macOS,maj:macOS_10,maj:macOS_10,maj:macOS_10,leaf:macOS_10_15.0,leaf:macOS_10_15.0,leaf:macOS_10_15.0
12546,fam:macOS,fam:macOS,fam:macOS,maj:macOS_10,maj:macOS_10,maj:macOS_10,leaf:macOS_10_15.0,leaf:macOS_10_15.0,leaf:macOS_10_15.0
12548,fam:macOS,fam:macOS,fam:macOS,maj:macOS_10,maj:macOS_10,maj:macOS_10,leaf:macOS_10_15.0,leaf:macOS_10_15.0,leaf:macOS_10_15.0
12549,fam:macOS,fam:iOS,fam:iOS,maj:macOS_10,maj:iOS_13,maj:iOS_13,leaf:macOS_10_15.0,leaf:iOS_13_3.0,leaf:iOS_13_3.0|leaf:iOS_13_4.0|leaf:iOS_13_5.0
12550,fam:macOS,fam:macOS,fam:macOS,maj:macOS_10,maj:macOS_10,maj:macOS_10,leaf:macOS_10_15.0,leaf:macOS_10_15.0,leaf:macOS_10_14.0|leaf:macOS_10_15.0
12553,fam:macOS,fam:Windows,fam:Windows,maj:macOS_10,maj:Windows_10,maj:Windows_10,leaf:macOS_10_15.0,leaf:Windows_10,leaf:Windows_10
12555,fam:macOS,fam:macOS,fam:macOS,maj:macOS_10,maj:macOS_10,maj:macOS_10,leaf:macOS_10_15.0,leaf:macOS_10_15.0,leaf:macOS_10_15.0
12557,fam:macOS,fam:iOS,fam:iOS,maj:macOS_10,maj:iOS_13,maj:iOS_13,leaf:macOS_10_15.0,leaf:iOS_13_4.0,leaf:iOS_13_3.0|leaf:iOS_13_4.0|leaf:iOS_13_5.0
12563,fam:macOS,fam:macOS,fam:macOS,maj:macOS_10,maj:macOS_10,maj:macOS_10,leaf:macOS_10_15.0,leaf:macOS_10_15.0,leaf:macOS_10_15.0
12572,fam:macOS,fam:macOS,fam:macOS,maj:macOS_10,maj:macOS_10,maj:macOS_10,leaf:macOS_10_15.0,leaf:macOS_10_15.0,leaf:macOS_10_15.0
12574,fam:macOS,fam:macOS,fam:macOS,maj:macOS_10,maj:macOS_10,maj:macOS_10,leaf:macOS_10_15.0,leaf:macOS_10_15.0,leaf:macOS_10_15.0
12576,fam:macOS,fam:macOS,fam:macOS,maj:macOS_10,maj:macOS_10,maj:macOS_10,leaf:macOS_10_15.0,leaf:macOS_10_15.0,leaf:macOS_10_14.0|leaf:macOS_10_15.0
12577,fam:macOS,fam:macOS,fam:macOS,maj:macOS_10,maj:macOS_10,maj:macOS_10,leaf:macOS_10_15.0,leaf:macOS_10_14.0,leaf:macOS_10_14.0
12580,fam:macOS,fam:macOS,fam:macOS,maj:macOS_10,maj:macOS_10,maj:macOS_10,leaf:macOS_10_15.0,leaf:macOS_10_15.0,leaf:macOS_10_15.0
12585,fam:macOS,fam:macOS,fam:macOS,maj:macOS_10,maj:macOS_10,maj:macOS_10,leaf:macOS_10_15.0,leaf:macOS_10_15.0,leaf:macOS_10_14.0|leaf:macOS_10_15.0
12587,fam:macOS,fam:macOS,fam:macOS,maj:macOS_10,maj:macOS_10,maj:macOS_10,leaf:macOS_10_15.0,leaf:macOS_10_15.0,leaf:macOS_10_15.0
12588,fam:macOS,fam:macOS,fam:macOS,maj:macOS_10,maj:macOS_10,maj:macOS_10,leaf:macOS_10_15.0,leaf:macOS_10_15.0,leaf:macOS_10_15.0
12589,fam:macOS,fam:macOS,fam:macOS,maj:macOS_10,maj:macOS_10,maj:macOS_10,leaf:macOS_10_15.0,leaf:macOS_10_15.0,leaf:macOS_10_15.0
12591,fam:macOS,fam:macOS,fam:macOS,maj:macOS_10,maj:macOS_10,maj:macOS_10,leaf:macOS_10_15.0,leaf:macOS_10_15.0,leaf:macOS_10_15.0
12594,fam:macOS,fam:iOS,,maj:macOS_10,maj:macOS_10,maj:macOS_10,leaf:macOS_10_15.0,leaf:iOS_13_4.0,leaf:iOS_13_4.0
12596,fam:macOS,fam:macOS,fam:macOS,maj:macOS_10,maj:macOS_10,maj:macOS_10,leaf:macOS_10_15.0,leaf:macOS_10_15.0,leaf:macOS_10_15.0
12597,fam:macOS,fam:macOS,fam:macOS,maj:macOS_10,maj:macOS_10,maj:macOS_10,leaf:macOS_10_15.0,leaf:macOS_10_15.0,leaf:macOS_10_15.0
12598,fam:macOS,fam:Windows,,maj:macOS_10,maj:macOS_10,maj:macOS_10,leaf:macOS_10_15.0,leaf:macOS_10_15.0,leaf:Windows_7|leaf:macOS_10_15.0
12601,fam:macOS,fam:iOS,fam:iOS,maj:macOS_10,maj:iOS_13,maj:iOS_13,leaf:macOS_10_15.0,leaf:iOS_13_4.0,leaf:iOS_13_3.0|leaf:iOS_13_4.0|leaf:iOS_13_5.0
12606,fam:macOS,fam:macOS,fam:macOS,maj:macOS_10,maj:macOS_10,maj:macOS_10,leaf:macOS_10_15.0,leaf:macOS_10_15.0,leaf:macOS_10_15.0
12607,fam:macOS,fam:macOS,fam:macOS,maj:macOS_10,maj:macOS_10,maj:macOS_10,leaf:macOS_10_15.0,leaf:macOS_10_15.0,leaf:macOS_10_15.0
12611,fam:macOS,fam:Windows,,maj:macOS_10,maj:macOS_10,maj:macOS_10,leaf:macOS_10_15.0,leaf:macOS_10_15.0,leaf:Windows_7|leaf:macOS_10_15.0
12612,fam:macOS,fam:macOS,fam:macOS,maj:macOS_10,maj:macOS_10,maj:macOS_10,leaf:macOS_10_15.0,leaf:macOS_10_15.0,leaf:macOS_10_15.0
12613,fam:macOS,fam:macOS,fam:macOS,maj:macOS_10,maj:macOS_10,maj:macOS_10,leaf:macOS_10_15.0,leaf:macOS_10_15.0,leaf:macOS_10_15.0
12614,fam:macOS,fam:macOS,fam:macOS,maj:macOS_10,maj:macOS_10,maj:macOS_10,leaf:macOS_10_15.0,leaf:macOS_10_15.0,leaf:macOS_10_15.0
12615,fam:macOS,fam:macOS,fam:macOS,maj:macOS_10,maj:macOS_10,maj:macOS_10,leaf:macOS_10_15.0,leaf:macOS_10_15.0,leaf:macOS_10_14.0|leaf:macOS_10_15.0
12616,fam:macOS,fam:Windows,fam:Windows,maj:macOS_10,maj:Windows_7,maj:Windows_10|maj:Windows_7,leaf:macOS_10_15.0,leaf:Windows_10,leaf:Windows_10|leaf:Windows_7
12617,fam:macOS,fam:iOS,,maj:macOS_10,maj:macOS_10,maj:macOS_10,leaf:macOS_10_15.0,leaf:iOS_13_5.0,leaf:iOS_13_5.0|leaf:macOS_10_15.0
12622,fam:macOS,fam:macOS,,maj:macOS_10,maj:macOS_10,maj:macOS_10,leaf:macOS_10_6.0,leaf:macOS_10_13.0,leaf:macOS_10_13.0
12624,fam:macOS,fam:macOS,fam:macOS,maj:macOS_10,maj:macOS_10,maj:macOS_10,leaf:macOS_10_7.0,leaf:macOS_10_12.0,leaf:macOS_10_12.0
12626,fam:macOS,fam:macOS,,maj:macOS_10,maj:Windows_7,maj:Windows_7|maj:macOS_10,leaf:macOS_10_8.0,leaf:macOS_10_10.0,leaf:macOS_10_10.0
12630,fam:macOS,fam:Windows,fam:Windows,maj:macOS_10,maj:Windows_8,maj:Windows_8,leaf:macOS_10_8.0,leaf:Windows_8_OTHER,leaf:Windows_8_OTHER
12631,fam:macOS,fam:Windows,,maj:macOS_10,maj:macOS_10,maj:Windows_7|maj:macOS_10,leaf:macOS_10_9.0,leaf:macOS_10_9.0,leaf:macOS_10_9.0
12632,fam:macOS,fam:macOS,,maj:macOS_10,maj:Linux_OTHER,maj:Linux_OTHER,leaf:macOS_10_9.0,leaf:Windows_7,leaf:Windows_7|leaf:macOS_10_9.0
12633,fam:macOS,fam:macOS,,maj:macOS_10,maj:Windows_8,maj:Windows_8,leaf:macOS_10_9.0,leaf:macOS_10_10.0,leaf:macOS_10_10.0
12638,fam:macOS,fam:macOS,fam:macOS,maj:macOS_10,maj:macOS_10,maj:macOS_10,leaf:macOS_10_9.0,leaf:macOS_10_9.0,leaf:macOS_10_9.0
12639,fam:macOS,fam:macOS,fam:macOS,maj:macOS_10,maj:macOS_10,maj:macOS_10,leaf:macOS_10_9.0,leaf:macOS_10_9.0,leaf:macOS_10_9.0
12643,fam:macOS,fam:macOS,,maj:macOS_10,maj:Windows_7,maj:Windows_7|maj:macOS_10,leaf:macOS_10_9.0,leaf:macOS_10_9.0,leaf:Windows_7|leaf:macOS_10_9.0
12645,fam:macOS,fam:macOS,,maj:macOS_10,maj:Linux_OTHER,maj:Linux_OTHER,leaf:macOS_10_9.0,leaf:Windows_7,leaf:Windows_7|leaf:macOS_10_9.0
12646,fam:macOS,fam:macOS,,maj:macOS_10,maj:Windows_7,maj:Windows_7|maj:macOS_10,leaf:macOS_10_9.0,leaf:macOS_10_9.0,leaf:Windows_7|leaf:macOS_10_9.0
12647,fam:macOS,fam:Windows,,maj:macOS_10,maj:Linux_OTHER,maj:Linux_OTHER,leaf:macOS_10_9.0,leaf:Linux_OTHER,leaf:Linux_OTHER|leaf:Windows_7
12651,fam:macOS,fam:macOS,,maj:macOS_OTHER,maj:macOS_OTHER,maj:macOS_OTHER,leaf:macOS_OTHER,leaf:macOS_OTHER,leaf:macOS_OTHER
12652,fam:macOS,fam:macOS,,maj:macOS_OTHER,maj:macOS_10,maj:macOS_10,leaf:macOS_OTHER,leaf:macOS_10_13.0,leaf:macOS_10_13.0
12654,fam:macOS,fam:macOS,,maj:macOS_OTHER,maj:macOS_10,maj:macOS_10,leaf:macOS_OTHER,leaf:macOS_10_13.0,leaf:macOS_10_13.0
12658,fam:macOS,fam:macOS,,maj:macOS_OTHER,maj:macOS_10,maj:macOS_10,leaf:macOS_OTHER,leaf:macOS_10_13.0,leaf:macOS_10_13.0
