index,true_family,pred_family,set_family,true_major,pred_major,set_major,true_leaf,pred_leaf,set_leaf
0,fam:Android,fam:Android,fam:Android,maj:Android_10,maj:Android_8,maj:Android_10|maj:Android_7|maj:Android_8|maj:Android_9,leaf:Android_10,leaf:Android_8_0.0,leaf:Android_10|leaf:Android_7_0.0|leaf:Android_7_1.0|leaf:Android_8_0.0|leaf:Android_8_1.0|leaf:Android_9
1,fam:Android,fam:Android,fam:Android,maj:Android_10,maj:Android_10,maj:Android_10|maj:Android_8|maj:Android_9,leaf:Android_10,leaf:Android_10,leaf:Android_10|leaf:Android_8_0.0|leaf:Android_8_1.0|leaf:Android_9
3,fam:Android,fam:Android,fam:Android,maj:Android_10,maj:Android_7,maj:Android_10|maj:Android_5|maj:Android_6|maj:Android_7|maj:Android_8,leaf:Android_10,leaf:Android_7_1.0,leaf:Android_10|leaf:Android_5_1.0|leaf:Android_6_0.0|leaf:Android_7_0.0|leaf:Android_7_1.0|leaf:Android_8_0.0
4,fam:Android,fam:Android,fam:Android,maj:Android_10,maj:Android_10,maj:Android_10|maj:Android_7|maj:Android_8|maj:Android_9,leaf:Android_10,leaf:Android_10,leaf:Android_10|leaf:Android_7_0.0|leaf:Android_7_1.0|leaf:Android_8_0.0|leaf:Android_8_1.0|leaf:Android_9
5,fam:Android,fam:Android,fam:Android,maj:Android_10,maj:Android_10,maj:Android_10|maj:Android_8|maj:Android_9,leaf:Android_10,leaf:Android_10,leaf:Android_10|leaf:Android_8_0.0|leaf:Android_8_1.0|leaf:Android_9
9,fam:Android,fam:Android,fam:Android,maj:Android_10,maj:Android_9,maj:Android_10|maj:Android_5|maj:Android_7|maj:Android_8|maj:Android_9,leaf:Android_10,leaf:Android_8_0.0,leaf:Android_10|leaf:Android_5_1.0|leaf:Android_7_0.0|leaf:Android_7_1.0|leaf:Android_8_0.0|leaf:Android_8_1.0|leaf:Android_9
12,fam:Android,fam:Android,fam:Android,maj:Android_10,maj:Android_9,maj:Android_10|maj:Android_7|maj:Android_8|maj:Android_9,leaf:Android_10,leaf:Android_10,leaf:Android_10|leaf:Android_7_0.0|leaf:Android_7_1.0|leaf:Android_8_0.0|leaf:Android_8_1.0|leaf:Android_9
13,fam:Android,fam:Android,fam:Android,maj:Android_10,maj:Android_10,maj:Android_10|maj:Android_8|maj:Android_9,leaf:Android_10,leaf:Android_10,leaf:Android_10|leaf:Android_8_0.0|leaf:Android_9
14,fam:Android,fam:Android,fam:Android,maj:Android_10,maj:Android_8,maj:Android_10|maj:Android_7|maj:Android_8|maj:Android_9,leaf:Android_10,leaf:Android_10,leaf:Android_10|leaf:Android_7_0.0|leaf:Android_7_1.0|leaf:Android_8_0.0|leaf:Android_8_1.0|leaf:Android_9
15,fam:Android,fam:Android,fam:Android,maj:Android_10,maj:Android_10,maj:Android_10|maj:Android_7|maj:Android_8|maj:Android_9,leaf:Android_10,leaf:Android_8_0.0,leaf:Android_10|leaf:Android_7_0.0|leaf:Android_7_1.0|leaf:Android_8_0.0|leaf:Android_8_1.0|leaf:Android_9
19,fam:Android,fam:Android,fam:Android,maj:Android_10,maj:Android_10,maj:Android_10|maj:Android_7|maj:Android_8|maj:Android_9,leaf:Android_10,leaf:Android_8_1.0,leaf:Android_10|leaf:Android_7_0.0|leaf:Android_7_1.0|leaf:Android_8_0.0|leaf:Android_8_1.0|leaf:Android_9
20,fam:Android,fam:Android,fam:Android,maj:Android_10,maj:Android_9,maj:Android_10|maj:Android_8|maj:Android_9,leaf:Android_10,leaf:Android_10,leaf:Android_10|leaf:Android_8_0.0|leaf:Android_8_1.0|leaf:Android_9
21,fam:Android,fam:Android,fam:Android,maj:Android_10,maj:Android_10,maj:Android_10|maj:Android_8|maj:Android_9,leaf:Android_10,leaf:Android_10,leaf:Android_10|leaf:Android_8_0.0|leaf:Android_8_1.0|leaf:Android_9
22,fam:Android,fam:Android,fam:Android|fam:Linux,maj:Android_10,maj:Android_9,maj:Android_10|maj:Android_7|maj:Android_8|maj:Android_9|maj:Linux_OTHER,leaf:Android_10,leaf:Android_8_0.0,leaf:Android_10|leaf:Android_7_0.0|leaf:Android_8_0.0|leaf:Android_8_1.0|leaf:Android_9|leaf:Linux_OTHER
28,fam:Android,fam:Android,fam:Android,maj:Android_10,maj:Android_8,maj:Android_10|maj:Android_7|maj:Android_8|maj:Android_9,leaf:Android_10,leaf:Android_9,leaf:Android_10|leaf:Android_7_0.0|leaf:Android_7_1.0|leaf:Android_8_0.0|leaf:Android_8_1.0|leaf:Android_9
36,fam:Android,fam:Android,fam:Android,maj:Android_10,maj:Android_8,maj:Android_10|maj:Android_7|maj:Android_8|maj:Android_9,leaf:Android_10,leaf:Android_8_0.0,leaf:Android_10|leaf:Android_7_0.0|leaf:Android_7_1.0|leaf:Android_8_0.0|leaf:Android_8_1.0|leaf:Android_9
40,fam:Android,fam:Android,fam:Android,maj:Android_10,maj:Android_8,maj:Android_10|maj:Android_7|maj:Android_8|maj:Android_9,leaf:Android_10,leaf:Android_8_0.0,leaf:Android_10|leaf:Android_7_0.0|leaf:Android_7_1.0|leaf:Android_8_0.0|leaf:Android_8_1.0|leaf:Android_9
42,fam:Android,fam:Android,fam:Android,maj:Android_10,maj:Android_9,maj:Android_10|maj:Android_7|maj:Android_8|maj:Android_9,leaf:Android_10,leaf:Android_8_1.0,leaf:Android_10|leaf:Android_7_0.0|leaf:Android_7_1.0|leaf:Android_8_0.0|leaf:Android_8_1.0|leaf:Android_9
44,fam:Android,fam:Android,fam:Android,maj:Android_10,maj:Android_9,maj:Android_10|maj:Android_7|maj:Android_8|maj:Android_9,leaf:Android_10,leaf:Android_8_0.0,leaf:Android_10|leaf:Android_7_0.0|leaf:Android_7_1.0|leaf:Android_8_0.0|leaf:Android_8_1.0|leaf:Android_9
51,fam:Android,fam:Android,fam:Android,maj:Android_10,maj:Android_9,maj:Android_10|maj:Android_7|maj:Android_8|maj:Android_9,leaf:Android_10,leaf:Android_9,leaf:Android_10|leaf:Android_7_0.0|leaf:Android_7_1.0|leaf:Android_8_0.0|leaf:Android_8_1.0|leaf:Android_9
53,fam:Android,fam:Android,fam:Android,maj:Android_10,maj:Android_9,maj:Android_10|maj:Android_7|maj:Android_8|maj:Android_9,leaf:Android_10,leaf:Android_10,leaf:Android_10|leaf:Android_7_0.0|leaf:Android_7_1.0|leaf:Android_8_0.0|leaf:Android_8_1.0|leaf:Android_9
54,fam:Android,fam:Android,fam:Android,maj:Android_10,maj:Android_9,maj:Android_10|maj:Android_7|maj:Android_8|maj:Android_9,leaf:Android_10,leaf:Android_10,leaf:Android_10|leaf:Android_7_0.0|leaf:Android_7_1.0|leaf:Android_8_0.0|leaf:Android_8_1.0|leaf:Android_9
55,fam:Android,fam:Android,fam:Android,maj:Android_10,maj:Android_8,maj:Android_10|maj:Android_7|maj:Android_8|maj:Android_9,leaf:Android_10,leaf:Android_8_1.0,leaf:Android_10|leaf:Android_7_0.0|leaf:Android_7_1.0|leaf:Android_8_0.0|leaf:Android_8_1.0|leaf:Android_9
58,fam:Android,fam:Android,fam:Android,maj:Android_10,maj:Android_10,maj:Android_10|maj:Android_8|maj:Android_9,leaf:Android_10,leaf:Android_10,leaf:Android_10|leaf:Android_8_0.0|leaf:Android_8_1.0|leaf:Android_9
59,fam:Android,fam:Android,fam:Android,maj:Android_10,maj:Android_7,maj:Android_10|maj:Android_5|maj:Android_6|maj:Android_7|maj:Android_8|maj:Android_9,leaf:Android_10,leaf:Android_7_1.0,leaf:Android_10|leaf:Android_5_1.0|leaf:Android_6_0.0|leaf:Android_7_0.0|leaf:Android_7_1.0|leaf:Android_8_0.0|leaf:Android_8_1.0|leaf:Android_9
60,fam:Android,fam:Android,fam:Android,maj:Android_10,maj:Android_9,maj:Android_10|maj:Android_5|maj:Android_6|maj:Android_7|maj:Android_8|maj:Android_9,leaf:Android_10,leaf:Android_10,leaf:Android_10|leaf:Android_5_1.0|leaf:Android_6_0.0|leaf:Android_7_0.0|leaf:Android_7_1.0|leaf:Android_8_0.0|leaf:Android_8_1.0|leaf:Android_9
61,fam:Android,fam:Android,fam:Android,maj:Android_10,maj:Android_8,maj:Android_10|maj:Android_6|maj:Android_7|maj:Android_8|maj:Android_9,leaf:Android_10,leaf:Android_9,leaf:Android_10|leaf:Android_6_0.0|leaf:Android_7_0.0|leaf:Android_7_1.0|leaf:Android_8_0.0|leaf:Android_8_1.0|leaf:Android_9
65,fam:Android,fam:Android,fam:Android,maj:Android_10,maj:Android_10,maj:Android_10|maj:Android_9,leaf:Android_10,leaf:Android_10,leaf:Android_10|leaf:Android_9
66,fam:Android,fam:Android,fam:Android,maj:Android_10,maj:Android_9,maj:Android_10|maj:Android_7|maj:Android_8|maj:Android_9,leaf:Android_10,leaf:Android_9,leaf:Android_10|leaf:Android_7_0.0|leaf:Android_7_1.0|leaf:Android_8_0.0|leaf:Android_8_1.0|leaf:Android_9
67,fam:Android,fam:Android,fam:Android,maj:Android_10,maj:Android_9,maj:Android_10|maj:Android_7|maj:Android_8|maj:Android_9,leaf:Android_10,leaf:Android_8_0.0,leaf:Android_10|leaf:Android_7_0.0|leaf:Android_7_1.0|leaf:Android_8_0.0|leaf:Android_8_1.0|leaf:Android_9
68,fam:Android,fam:Android,fam:Android|fam:Linux,maj:Android_10,maj:Android_9,maj:Android_10|maj:Android_7|maj:Android_8|maj:Android_9|maj:Linux_OTHER,leaf:Android_10,leaf:Android_8_0.0,leaf:Android_10|leaf:Android_7_0.0|leaf:Android_7_1.0|leaf:Android_8_0.0|leaf:Android_8_1.0|leaf:Android_9|leaf:Linux_OTHER
71,fam:Android,fam:Android,fam:Android,maj:Android_10,maj:Android_9,maj:Android_10|maj:Android_7|maj:Android_8|maj:Android_9,leaf:Android_10,leaf:Android_9,leaf:Android_10|leaf:Android_7_0.0|leaf:Android_7_1.0|leaf:Android_8_0.0|leaf:Android_8_1.0|leaf:Android_9
76,fam:Android,fam:Android,fam:Android,maj:Android_10,maj:Android_10,maj:Android_10|maj:Android_8|maj:Android_9,leaf:Android_10,leaf:Android_10,leaf:Android_10|leaf:Android_8_0.0|leaf:Android_9
78,fam:Android,fam:Android,fam:Android,maj:Android_10,maj:Android_10,maj:Android_10|maj:Android_8|maj:Android_9,leaf:Android_10,leaf:Android_10,leaf:Android_10|leaf:Android_8_0.0|leaf:Android_8_1.0|leaf:Android_9
81,fam:Android,fam:Android,fam:Android,maj:Android_10,maj:Android_10,maj:Android_10|maj:Android_8|maj:Android_9,leaf:Android_10,leaf:Android_10,leaf:Android_10|leaf:Android_8_0.0|leaf:Android_9
85,fam:Android,fam:Android,fam:Android,maj:Android_10,maj:Android_10,maj:Android_10|maj:Android_8|maj:Android_9,leaf:Android_10,leaf:Android_10,leaf:Android_10|leaf:Android_8_0.0|leaf:Android_8_1.0|leaf:Android_9
86,fam:Android,fam:Android,fam:Android,maj:Android_10,maj:Android_10,maj:Android_10|maj:Android_9,leaf:Android_10,leaf:Android_10,leaf:Android_10|leaf:Android_9
88,fam:Android,fam:Android,fam:Android,maj:Android_10,maj:Android_7,maj:Android_10|maj:Android_6|maj:Android_7|maj:Android_8|maj:Android_9,leaf:Android_10,leaf:Android_8_0.0,leaf:Android_10|leaf:Android_6_0.0|leaf:Android_7_0.0|leaf:Android_7_1.0|leaf:Android_8_0.0|leaf:Android_8_1.0|leaf:Android_9
89,fam:Android,fam:Android,fam:Android,maj:Android_10,maj:Android_10,maj:Android_10|maj:Android_8|maj:Android_9,leaf:Android_10,leaf:Android_10,leaf:Android_10|leaf:Android_8_0.0|leaf:Android_9
90,fam:Android,fam:Android,fam:Android,maj:Android_10,maj:Android_8,maj:Android_10|maj:Android_7|maj:Android_8|maj:Android_9,leaf:Android_10,leaf:Android_9,leaf:Android_10|leaf:Android_7_0.0|leaf:Android_7_1.0|leaf:Android_8_0.0|leaf:Android_8_1.0|leaf:Android_9
91,fam:Android,fam:iOS,fam:iOS|fam:macOS,maj:Android_10,maj:iOS_13,maj:iOS_13|maj:macOS_10,leaf:Android_10,leaf:iOS_13_5.0,leaf:iOS_13_1.0|leaf:iOS_13_2.0|leaf:iOS_13_3.0|leaf:iOS_13_4.0|leaf:iOS_13_5.0|leaf:macOS_10_11.0|leaf:macOS_10_15.0
93,fam:Android,fam:Android,fam:Android,maj:Android_10,maj:Android_8,maj:Android_10|maj:Android_7|maj:Android_8|maj:Android_9,leaf:Android_10,leaf:Android_8_0.0,leaf:Android_10|leaf:Android_7_0.0|leaf:Android_7_1.0|leaf:Android_8_0.0|leaf:Android_8_1.0|leaf:Android_9
94,fam:Android,fam:Android,fam:Android,maj:Android_10,maj:Android_9,maj:Android_10|maj:Android_7|maj:Android_8|maj:Android_9,leaf:Android_10,leaf:Android_8_1.0,leaf:Android_10|leaf:Android_7_0.0|leaf:Android_7_1.0|leaf:Android_8_0.0|leaf:Android_8_1.0|leaf:Android_9
98,fam:Android,fam:Android,fam:Android,maj:Android_10,maj:Android_8,maj:Android_10|maj:Android_7|maj:Android_8|maj:Android_9,leaf:Android_10,leaf:Android_8_0.0,leaf:Android_10|leaf:Android_7_0.0|leaf:Android_7_1.0|leaf:Android_8_0.0|leaf:Android_8_1.0|leaf:Android_9
99,fam:Android,fam:Android,fam:Android,maj:Android_10,maj:Android_10,maj:Android_10|maj:Android_8|maj:Android_9,leaf:Android_10,leaf:Android_10,leaf:Android_10|leaf:Android_8_0.0|leaf:Android_9
100,fam:Android,fam:Android,fam:Android,maj:Android_10,maj:Android_8,maj:Android_10|maj:Android_7|maj:Android_8|maj:Android_9,leaf:Android_10,leaf:Android_8_1.0,leaf:Android_10|leaf:Android_7_0.0|leaf:Android_7_1.0|leaf:Android_8_0.0|leaf:Android_8_1.0|leaf:Android_9
101,fam:Android,fam:Android,fam:Android,maj:Android_10,maj:Android_8,maj:Android_10|maj:Android_7|maj:Android_8|maj:Android_9,leaf:Android_10,leaf:Android_9,leaf:Android_10|leaf:Android_7_0.0|leaf:Android_7_1.0|leaf:Android_8_0.0|leaf:Android_8_1.0|leaf:Android_9
102,fam:Android,fam:Android,fam:Android,maj:Android_10,maj:Android_9,maj:Android_10|maj:Android_5|maj:Android_7|maj:Android_8|maj:Android_9,leaf:Android_10,leaf:Android_9,leaf:Android_10|leaf:Android_5_1.0|leaf:Android_7_0.0|leaf:Android_7_1.0|leaf:Android_8_0.0|leaf:Android_8_1.0|leaf:Android_9
103,fam:Android,fam:Android,fam:Android,maj:Android_10,maj:Android_9,maj:Android_10|maj:Android_7|maj:Android_8|maj:Android_9,leaf:Android_10,leaf:Android_8_1.0,leaf:Android_10|leaf:Android_7_0.0|leaf:Android_7_1.0|leaf:Android_8_0.0|leaf:Android_8_1.0|leaf:Android_9
105,fam:Android,fam:Android,fam:Android,maj:Android_10,maj:Android_10,maj:Android_10|maj:Android_7|maj:Android_8|maj:Android_9,leaf:Android_10,leaf:Android_8_0.0,leaf:Android_10|leaf:Android_7_0.0|leaf:Android_7_1.0|leaf:Android_8_0.0|leaf:Android_8_1.0|leaf:Android_9
107,fam:Android,fam:Android,fam:Android,maj:Android_10,maj:Android_10,maj:Android_10|maj:Android_8|maj:Android_9,leaf:Android_10,leaf:Android_10,leaf:Android_10|leaf:Android_8_0.0|leaf:Android_8_1.0|leaf:Android_9
110,fam:Android,fam:Android,fam:Android,maj:Android_10,maj:Android_10,maj:Android_10|maj:Android_8|maj:Android_9,leaf:Android_10,leaf:Android_10,leaf:Android_10|leaf:Android_8_0.0|leaf:Android_8_1.0|leaf:Android_9
112,fam:Android,fam:Android,fam:Android|fam:Windows,maj:Android_10,maj:Android_10,maj:Android_10|maj:Android_9|maj:Windows_10,leaf:Android_10,leaf:Android_10,leaf:Android_10|leaf:Android_9|leaf:Windows_10
113,fam:Android,fam:Android,fam:Android,maj:Android_10,maj:Android_10,maj:Android_10|maj:Android_7|maj:Android_8|maj:Android_9,leaf:Android_10,leaf:Android_10,leaf:Android_10|leaf:Android_7_0.0|leaf:Android_7_1.0|leaf:Android_8_0.0|leaf:Android_8_1.0|leaf:Android_9
118,fam:Android,fam:Android,fam:Android,maj:Android_10,maj:Android_10,maj:Android_10|maj:Android_7|maj:Android_8|maj:Android_9,leaf:Android_10,leaf:Android_10,leaf:Android_10|leaf:Android_7_0.0|leaf:Android_7_1.0|leaf:Android_8_0.0|leaf:Android_8_1.0|leaf:Android_9
119,fam:Android,fam:Android,fam:Android,maj:Android_10,maj:Android_8,maj:Android_10|maj:Android_7|maj:Android_8|maj:Android_9,leaf:Android_10,leaf:Android_8_0.0,leaf:Android_10|leaf:Android_7_0.0|leaf:Android_7_1.0|leaf:Android_8_0.0|leaf:Android_8_1.0|leaf:Android_9
120,fam:Android,fam:Android,fam:Android|fam:Linux,maj:Android_10,maj:Android_8,maj:Android_10|maj:Android_7|maj:Android_8|maj:Android_9|maj:Linux_OTHER|maj:Linux_Ubuntu,leaf:Android_10,leaf:Android_8_0.0,leaf:Android_10|leaf:Android_7_0.0|leaf:Android_8_0.0|leaf:Android_8_1.0|leaf:Android_9|leaf:Linux_OTHER|leaf:Linux_Ubuntu
123,fam:Android,fam:Android,fam:Android,maj:Android_10,maj:Android_10,maj:Android_10|maj:Android_8|maj:Android_9,leaf:Android_10,leaf:Android_10,leaf:Android_10|leaf:Android_8_0.0|leaf:Android_8_1.0|leaf:Android_9
124,fam:Android,fam:Android,fam:Android,maj:Android_10,maj:Android_9,maj:Android_10|maj:Android_7|maj:Android_8|maj:Android_9,leaf:Android_10,leaf:Android_9,leaf:Android_10|leaf:Android_7_0.0|leaf:Android_7_1.0|leaf:Android_8_0.0|leaf:Android_8_1.0|leaf:Android_9
128,fam:Android,fam:Android,fam:Android,maj:Android_10,maj:Android_8,maj:Android_10|maj:Android_5|maj:Android_6|maj:Android_7|maj:Android_8|maj:Android_9,leaf:Android_10,leaf:Android_7_1.0,leaf:Android_10|leaf:Android_5_1.0|leaf:Android_6_0.0|leaf:Android_7_0.0|leaf:Android_7_1.0|leaf:Android_8_0.0|leaf:Android_8_1.0|leaf:Android_9
129,fam:Android,fam:Android,fam:Android,maj:Android_10,maj:Android_10,maj:Android_10|maj:Android_8|maj:Android_9,leaf:Android_10,leaf:Android_10,leaf:Android_10|leaf:Android_8_0.0|leaf:Android_8_1.0|leaf:Android_9
132,fam:Android,fam:Android,fam:Android|fam:Linux,maj:Android_10,maj:Android_9,maj:Android_10|maj:Android_7|maj:Android_8|maj:Android_9|maj:Linux_OTHER,leaf:Android_10,leaf:Android_8_0.0,leaf:Android_10|leaf:Android_7_0.0|leaf:Android_8_0.0|leaf:Android_8_1.0|leaf:Android_9|leaf:Linux_OTHER
133,fam:Android,fam:Android,fam:Android,maj:Android_10,maj:Android_9,maj:Android_10|maj:Android_7|maj:Android_8|maj:Android_9,leaf:Android_10,leaf:Android_9,leaf:Android_10|leaf:Android_7_0.0|leaf:Android_7_1.0|leaf:Android_8_0.0|leaf:Android_8_1.0|leaf:Android_9
135,fam:Android,fam:Android,fam:Android,maj:Android_10,maj:Android_10,maj:Android_10|maj:Android_8|maj:Android_9,leaf:Android_10,leaf:Android_10,leaf:Android_10|leaf:Android_8_0.0|leaf:Android_8_1.0|leaf:Android_9
137,fam:Android,fam:Android,fam:Android,maj:Android_10,maj:Android_7,maj:Android_10|maj:Android_7|maj:Android_8,leaf:Android_10,leaf:Android_10,leaf:Android_10|leaf:Android_7_1.0|leaf:Android_8_1.0
142,fam:Android,fam:Android,fam:Android,maj:Android_10,maj:Android_10,maj:Android_10|maj:Android_7|maj:Android_8|maj:Android_9,leaf:Android_10,leaf:Android_8_1.0,leaf:Android_10|leaf:Android_7_0.0|leaf:Android_7_1.0|leaf:Android_8_0.0|leaf:Android_8_1.0|leaf:Android_9
143,fam:Android,fam:Android,fam:Android,maj:Android_10,maj:Android_9,maj:Android_10|maj:Android_7|maj:Android_8|maj:Android_9,leaf:Android_10,leaf:Android_9,leaf:Android_10|leaf:Android_7_0.0|leaf:Android_7_1.0|leaf:Android_8_0.0|leaf:Android_8_1.0|leaf:Android_9
144,fam:Android,fam:Android,fam:Android,maj:Android_10,maj:Android_10,maj:Android_10|maj:Android_7|maj:Android_8|maj:Android_9,leaf:Android_10,leaf:Android_10,leaf:Android_10|leaf:Android_7_1.0|leaf:Android_8_1.0|leaf:Android_9
145,fam:Android,fam:Android,fam:Android,maj:Android_10,maj:Android_9,maj:Android_10|maj:Android_6|maj:Android_7|maj:Android_8|maj:Android_9,leaf:Android_10,leaf:Android_9,leaf:Android_10|leaf:Android_6_0.0|leaf:Android_7_0.0|leaf:Android_7_1.0|leaf:Android_8_0.0|leaf:Android_8_1.0|leaf:Android_9
149,fam:Android,fam:Android,fam:Android,maj:Android_10,maj:Android_9,maj:Android_10|maj:Android_8|maj:Android_9,leaf:Android_10,leaf:Android_10,leaf:Android_10|leaf:Android_8_0.0|leaf:Android_8_1.0|leaf:Android_9
151,fam:Android,fam:Android,fam:Android|fam:Linux,maj:Android_10,maj:Android_9,maj:Android_10|maj:Android_7|maj:Android_8|maj:Android_9|maj:Linux_OTHER,leaf:Android_10,leaf:Android_8_0.0,leaf:Android_10|leaf:Android_7_0.0|leaf:Android_8_0.0|leaf:Android_8_1.0|leaf:Android_9|leaf:Linux_OTHER
152,fam:Android,fam:Android,fam:Android,maj:Android_10,maj:Android_10,maj:Android_10|maj:Android_8|maj:Android_9,leaf:Android_10,leaf:Android_10,leaf:Android_10|leaf:Android_8_0.0|leaf:Android_8_1.0|leaf:Android_9
153,fam:Android,fam:Android,fam:Android,maj:Android_10,maj:Android_9,maj:Android_10|maj:Android_7|maj:Android_8|maj:Android_9,leaf:Android_10,leaf:Android_8_0.0,leaf:Android_10|leaf:Android_7_0.0|leaf:Android_7_1.0|leaf:Android_8_0.0|leaf:Android_8_1.0|leaf:Android_9
154,fam:Android,fam:Android,fam:Android,maj:Android_10,maj:Android_8,maj:Android_10|maj:Android_7|maj:Android_8|maj:Android_9,leaf:Android_10,leaf:Android_10,leaf:Android_10|leaf:Android_7_0.0|leaf:Android_7_1.0|leaf:Android_8_0.0|leaf:Android_8_1.0|leaf:Android_9
155,fam:Android,fam:Android,fam:Android,maj:Android_10,maj:Android_9,maj:Android_10|maj:Android_7|maj:Android_8|maj:Android_9,leaf:Android_10,leaf:Android_10,leaf:Android_10|leaf:Android_7_0.0|leaf:Android_7_1.0|leaf:Android_8_0.0|leaf:Android_8_1.0|leaf:Android_9
157,fam:Android,fam:Android,fam:Android,maj:Android_10,maj:Android_10,maj:Android_10|maj:Android_8|maj:Android_9,leaf:Android_10,leaf:Android_10,leaf:Android_10|leaf:Android_8_0.0|leaf:Android_8_1.0|leaf:Android_9
159,fam:Android,fam:Android,fam:Android|fam:Windows,maj:Android_10,maj:Android_10,maj:Android_10|maj:Android_9|maj:Windows_10,leaf:Android_10,leaf:Android_10,leaf:Android_10|leaf:Android_9|leaf:Windows_10
160,fam:Android,fam:Android,fam:Android,maj:Android_10,maj:Android_10,maj:Android_10|maj:Android_7|maj:Android_8|maj:Android_9,leaf:Android_10,leaf:Android_9,leaf:Android_10|leaf:Android_7_1.0|leaf:Android_8_0.0|leaf:Android_8_1.0|leaf:Android_9
161,fam:Android,fam:Android,fam:Android,maj:Android_10,maj:Android_10,maj:Android_10|maj:Android_6|maj:Android_7|maj:Android_8|maj:Android_9,leaf:Android_10,leaf:Android_8_0.0,leaf:Android_10|leaf:Android_6_0.0|leaf:Android_7_0.0|leaf:Android_7_1.0|leaf:Android_8_0.0|leaf:Android_8_1.0|leaf:Android_9
162,fam:Android,fam:Android,fam:Android|fam:Linux,maj:Android_10,maj:Android_9,maj:Android_10|maj:Android_7|maj:Android_8|maj:Android_9|maj:Linux_OTHER,leaf:Android_10,leaf:Android_8_0.0,leaf:Android_10|leaf:Android_7_0.0|leaf:Android_8_0.0|leaf:Android_8_1.0|leaf:Android_9|leaf:Linux_OTHER
164,fam:Android,fam:Android,fam:Android,maj:Android_10,maj:Android_10,maj:Android_10|maj:Android_8|maj:Android_9,leaf:Android_10,leaf:Android_10,leaf:Android_10|leaf:Android_8_0.0|leaf:Android_8_1.0|leaf:Android_9
166,fam:Android,fam:Android,fam:Android,maj:Android_10,maj:Android_9,maj:Android_10|maj:Android_7|maj:Android_8|maj:Android_9,leaf:Android_10,leaf:Android_9,leaf:Android_10|leaf:Android_7_0.0|leaf:Android_8_0.0|leaf:Android_8_1.0|leaf:Android_9
167,fam:Android,fam:Android,fam:Android,maj:Android_10,maj:Android_10,maj:Android_10|maj:Android_7|maj:Android_8,leaf:Android_10,leaf:Android_10,leaf:Android_10|leaf:Android_7_1.0|leaf:Android_8_0.0|leaf:Android_8_1.0
169,fam:Android,fam:Android,fam:Android,maj:Android_10,maj:Android_9,maj:Android_10|maj:Android_7|maj:Android_8|maj:Android_9,leaf:Android_10,leaf:Android_8_1.0,leaf:Android_10|leaf:Android_7_0.0|leaf:Android_7_1.0|leaf:Android_8_0.0|leaf:Android_8_1.0|leaf:Android_9
170,fam:Android,fam:Android,fam:Android,maj:Android_10,maj:Android_10,maj:Android_10|maj:Android_8|maj:Android_9,leaf:Android_10,leaf:Android_10,leaf:Android_10|leaf:Android_8_0.0|leaf:Android_8_1.0|leaf:Android_9
171,fam:Android,fam:Android,fam:Android,maj:Android_10,maj:Android_10,maj:Android_10|maj:Android_7|maj:Android_8|maj:Android_9,leaf:Android_10,leaf:Android_8_0.0,leaf:Android_10|leaf:Android_7_0.0|leaf:Android_7_1.0|leaf:Android_8_0.0|leaf:Android_8_1.0|leaf:Android_9
175,fam:Android,fam:Android,fam:Android,maj:Android_10,maj:Android_8,maj:Android_10|maj:Android_7|maj:Android_8|maj:Android_9,leaf:Android_10,leaf:Android_8_0.0,leaf:Android_10|leaf:Android_7_0.0|leaf:Android_7_1.0|leaf:Android_8_0.0|leaf:Android_8_1.0|leaf:Android_9
177,fam:Android,fam:Android,fam:Android,maj:Android_10,maj:Android_8,maj:Android_10|maj:Android_7|maj:Android_8|maj:Android_9,leaf:Android_10,leaf:Android_8_0.0,leaf:Android_10|leaf:Android_7_0.0|leaf:Android_7_1.0|leaf:Android_8_0.0|leaf:Android_8_1.0|leaf:Android_9
178,fam:Android,fam:Android,fam:Android,maj:Android_10,maj:Android_9,maj:Android_10|maj:Android_7|maj:Android_8|maj:Android_9,leaf:Android_10,leaf:Android_9,leaf:Android_10|leaf:Android_7_0.0|leaf:Android_7_1.0|leaf:Android_8_0.0|leaf:Android_8_1.0|leaf:Android_9
182,fam:Android,fam:Android,fam:Android|fam:Linux,maj:Android_10,maj:Android_10,maj:Android_10|maj:Android_6|maj:Android_7|maj:Android_8|maj:Android_9|maj:Linux_OTHER,leaf:Android_10,leaf:Android_8_0.0,leaf:Android_10|leaf:Android_6_0.0|leaf:Android_7_0.0|leaf:Android_7_1.0|leaf:Android_8_0.0|leaf:Android_8_1.0|leaf:Android_9|leaf:Linux_OTHER
183,fam:Android,fam:Android,fam:Android|fam:Linux,maj:Android_10,maj:Android_8,maj:Android_10|maj:Android_7|maj:Android_8|maj:Android_9|maj:Linux_OTHER,leaf:Android_10,leaf:Android_8_0.0,leaf:Android_10|leaf:Android_7_0.0|leaf:Android_8_0.0|leaf:Android_8_1.0|leaf:Android_9|leaf:Linux_OTHER
185,fam:Android,fam:Android,fam:Android,maj:Android_10,maj:Android_9,maj:Android_10|maj:Android_7|maj:Android_8|maj:Android_9,leaf:Android_10,leaf:Android_8_0.0,leaf:Android_10|leaf:Android_7_0.0|leaf:Android_7_1.0|leaf:Android_8_0.0|leaf:Android_8_1.0|leaf:Android_9
186,fam:Android,fam:Android,fam:Android,maj:Android_10,maj:Android_8,maj:Android_10|maj:Android_5|maj:Android_6|maj:Android_7|maj:Android_8|maj:Android_9,leaf:Android_10,leaf:Android_8_0.0,leaf:Android_10|leaf:Android_5_1.0|leaf:Android_6_0.0|leaf:Android_7_0.0|leaf:Android_7_1.0|leaf:Android_8_0.0|leaf:Android_8_1.0|leaf:Android_9
190,fam:Android,fam:Android,fam:Android,maj:Android_10,maj:Android_9,maj:Android_10|maj:Android_6|maj:Android_7|maj:Android_8|maj:Android_9,leaf:Android_10,leaf:Android_8_0.0,leaf:Android_10|leaf:Android_6_0.0|leaf:Android_7_0.0|leaf:Android_7_1.0|leaf:Android_8_0.0|leaf:Android_8_1.0|leaf:Android_9
191,fam:Android,fam:Android,fam:Android,maj:Android_10,maj:Android_8,maj:Android_10|maj:Android_7|maj:Android_8|maj:Android_9,leaf:Android_10,leaf:Android_8_1.0,leaf:Android_10|leaf:Android_7_0.0|leaf:Android_7_1.0|leaf:Android_8_0.0|leaf:Android_8_1.0|leaf:Android_9
193,fam:Android,fam:Android,fam:Android,maj:Android_10,maj:Android_9,maj:Android_10|maj:Android_5|maj:Android_6|maj:Android_7|maj:Android_8|maj:Android_9,leaf:Android_10,leaf:Android_10,leaf:Android_10|leaf:Android_5_1.0|leaf:Android_6_0.0|leaf:Android_7_0.0|leaf:Android_7_1.0|leaf:Android_8_0.0|leaf:Android_8_1.0|leaf:Android_9
195,fam:Android,fam:Android,fam:Android,maj:Android_10,maj:Android_10,maj:Android_10|maj:Android_6|maj:Android_7|maj:Android_8|maj:Android_9,leaf:Android_10,leaf:Android_8_0.0,leaf:Android_10|leaf:Android_6_0.0|leaf:Android_7_0.0|leaf:Android_7_1.0|leaf:Android_8_0.0|leaf:Android_8_1.0|leaf:Android_9
198,fam:Android,fam:Android,fam:Android,maj:Android_10,maj:Android_10,maj:Android_10|maj:Android_7|maj:Android_8|maj:Android_9,leaf:Android_10,leaf:Android_8_0.0,leaf:Android_10|leaf:Android_7_0.0|leaf:Android_7_1.0|leaf:Android_8_0.0|leaf:Android_8_1.0|leaf:Android_9
199,fam:Android,fam:Android,fam:Android,maj:Android_10,maj:Android_10,maj:Android_10|maj:Android_7|maj:Android_8|maj:Android_9,leaf:Android_10,leaf:Android_8_0.0,leaf:Android_10|leaf:Android_7_0.0|leaf:Android_7_1.0|leaf:Android_8_0.0|leaf:Android_8_1.0|leaf:Android_9
202,fam:Android,fam:Android,fam:Android,maj:Android_10,maj:Android_10,maj:Android_10|maj:Android_8|maj:Android_9,leaf:Android_10,leaf:Android_10,leaf:Android_10|leaf:Android_8_0.0|leaf:Android_8_1.0|leaf:Android_9
204,fam:Android,fam:Android,fam:Android,maj:Android_10,maj:Android_10,maj:Android_10|maj:Android_8|maj:Android_9,leaf:Android_10,leaf:Android_10,leaf:Android_10|leaf:Android_8_0.0|leaf:Android_9
206,fam:Android,fam:Android,fam:Android,maj:Android_10,maj:Android_9,maj:Android_10|maj:Android_7|maj:Android_8|maj:Android_9,leaf:Android_10,leaf:Android_8_0.0,leaf:Android_10|leaf:Android_7_0.0|leaf:Android_7_1.0|leaf:Android_8_0.0|leaf:Android_8_1.0|leaf:Android_9
207,fam:Android,fam:Android,fam:Android,maj:Android_10,maj:Android_10,maj:Android_10|maj:Android_8|maj:Android_9,leaf:Android_10,leaf:Android_10,leaf:Android_10|leaf:Android_8_0.0|leaf:Android_8_1.0|leaf:Android_9
212,fam:Android,fam:Android,fam:Android,maj:Android_10,maj:Android_10,maj:Android_10|maj:Android_5|maj:Android_6|maj:Android_7|maj:Android_8|maj:Android_9,leaf:Android_10,leaf:Android_7_1.0,leaf:Android_10|leaf:Android_5_1.0|leaf:Android_6_0.0|leaf:Android_7_0.0|leaf:Android_7_1.0|leaf:Android_8_0.0|leaf:Android_9
215,fam:Android,fam:Android,fam:Android,maj:Android_10,maj:Android_7,maj:Android_10|maj:Android_7|maj:Android_8|maj:Android_9,leaf:Android_10,leaf:Android_10,leaf:Android_10|leaf:Android_7_0.0|leaf:Android_7_1.0|leaf:Android_8_0.0|leaf:Android_8_1.0|leaf:Android_9
217,fam:Android,fam:Android,fam:Android,maj:Android_10,maj:Android_9,maj:Android_10|maj:Android_7|maj:Android_8|maj:Android_9,leaf:Android_10,leaf:Android_8_0.0,leaf:Android_10|leaf:Android_7_0.0|leaf:Android_7_1.0|leaf:Android_8_0.0|leaf:Android_8_1.0|leaf:Android_9
218,fam:Android,fam:Android,fam:Android,maj:Android_10,maj:Android_10,maj:Android_10|maj:Android_7|maj:Android_8|maj:Android_9,leaf:Android_10,leaf:Android_8_1.0,leaf:Android_10|leaf:Android_7_0.0|leaf:Android_7_1.0|leaf:Android_8_0.0|leaf:Android_8_1.0|leaf:Android_9
219,fam:Android,fam:Android,fam:Android,maj:Android_10,maj:Android_9,maj:Android_10|maj:Android_7|maj:Android_8|maj:Android_9,leaf:Android_10,leaf:Android_8_0.0,leaf:Android_10|leaf:Android_7_0.0|leaf:Android_8_0.0|leaf:Android_8_1.0|leaf:Android_9
221,fam:Android,fam:Android,fam:Android,maj:Android_10,maj:Android_7,maj:Android_10|maj:Android_7|maj:Android_8|maj:Android_9,leaf:Android_10,leaf:Android_10,leaf:Android_10|leaf:Android_7_0.0|leaf:Android_7_1.0|leaf:Android_8_0.0|leaf:Android_8_1.0|leaf:Android_9
225,fam:Android,fam:Android,fam:Android,maj:Android_10,maj:Android_9,maj:Android_10|maj:Android_7|maj:Android_8|maj:Android_9,leaf:Android_10,leaf:Android_9,leaf:Android_10|leaf:Android_7_0.0|leaf:Android_7_1.0|leaf:Android_8_0.0|leaf:Android_8_1.0|leaf:Android_9
229,fam:Android,fam:Android,fam:Android,maj:Android_10,maj:Android_8,maj:Android_10|maj:Android_7|maj:Android_8|maj:Android_9,leaf:Android_10,leaf:Android_8_0.0,leaf:Android_10|leaf:Android_7_0.0|leaf:Android_7_1.0|leaf:Android_8_0.0|leaf:Android_8_1.0|leaf:Android_9
231,fam:Android,fam:Android,fam:Android|fam:Windows,maj:Android_10,maj:Android_10,maj:Android_10|maj:Android_9|maj:Windows_10|maj:Windows_8,leaf:Android_10,leaf:Android_10,leaf:Android_10|leaf:Android_9|leaf:Windows_10|leaf:Windows_8_1.0
233,fam:Android,fam:Android,fam:Android,maj:Android_10,maj:Android_10,maj:Android_10|maj:Android_7|maj:Android_8|maj:Android_9,leaf:Android_10,leaf:Android_10,leaf:Android_10|leaf:Android_7_0.0|leaf:Android_7_1.0|leaf:Android_8_0.0|leaf:Android_8_1.0|leaf:Android_9
235,fam:Android,fam:Android,fam:Android,maj:Android_10,maj:Android_7,maj:Android_5|maj:Android_6|maj:Android_7|maj:Android_8,leaf:Android_10,leaf:Android_7_0.0,leaf:Android_5_0.0|leaf:Android_5_1.0|leaf:Android_6_0.0|leaf:Android_7_0.0|leaf:Android_8_0.0|leaf:Android_8_1.0
237,fam:Android,fam:Android,fam:Android|fam:Linux,maj:Android_10,maj:Android_9,maj:Android_10|maj:Android_7|maj:Android_8|maj:Android_9|maj:Linux_OTHER,leaf:Android_10,leaf:Android_8_0.0,leaf:Android_10|leaf:Android_7_0.0|leaf:Android_8_0.0|leaf:Android_8_1.0|leaf:Android_9|leaf:Linux_OTHER
238,fam:Android,fam:Android,fam:Android,maj:Android_10,maj:Android_10,maj:Android_10|maj:Android_7|maj:Android_8|maj:Android_9,leaf:Android_10,leaf:Android_10,leaf:Android_10|leaf:Android_7_0.0|leaf:Android_7_1.0|leaf:Android_8_0.0|leaf:Android_8_1.0|leaf:Android_9
240,fam:Android,fam:Android,fam:Android,maj:Android_10,maj:Android_10,maj:Android_10|maj:Android_7|maj:Android_8|maj:Android_9,leaf:Android_10,leaf:Android_10,leaf:Android_10|leaf:Android_7_0.0|leaf:Android_7_1.0|leaf:Android_8_0.0|leaf:Android_8_1.0|leaf:Android_9
243,fam:Android,fam:Android,fam:Android,maj:Android_10,maj:Android_10,maj:Android_10|maj:Android_7|maj:Android_8|maj:Android_9,leaf:Android_10,leaf:Android_8_0.0,leaf:Android_10|leaf:Android_7_0.0|leaf:Android_7_1.0|leaf:Android_8_0.0|leaf:Android_8_1.0|leaf:Android_9
244,fam:Android,fam:Android,fam:Android,maj:Android_10,maj:Android_9,maj:Android_10|maj:Android_7|maj:Android_8|maj:Android_9,leaf:Android_10,leaf:Android_9,leaf:Android_10|leaf:Android_7_0.0|leaf:Android_7_1.0|leaf:Android_8_0.0|leaf:Android_8_1.0|leaf:Android_9
252,fam:Android,fam:Android,fam:Android,maj:Android_10,maj:Android_10,maj:Android_10|maj:Android_6|maj:Android_7|maj:Android_8|maj:Android_9,leaf:Android_10,leaf:Android_10,leaf:Android_10|leaf:Android_6_0.0|leaf:Android_7_0.0|leaf:Android_7_1.0|leaf:Android_8_0.0|leaf:Android_8_1.0|leaf:Android_9
257,fam:Android,fam:Android,fam:Android,maj:Android_10,maj:Android_9,maj:Android_10|maj:Android_8|maj:Android_9,leaf:Android_10,leaf:Android_9,leaf:Android_10|leaf:Android_8_1.0|leaf:Android_9
263,fam:Android,fam:Android,fam:Android,maj:Android_10,maj:Android_10,maj:Android_10|maj:Android_8|maj:Android_9,leaf:Android_10,leaf:Android_10,leaf:Android_10|leaf:Android_8_0.0|leaf:Android_8_1.0|leaf:Android_9
265,fam:Android,fam:Android,fam:Android,maj:Android_10,maj:Android_9,maj:Android_10|maj:Android_7|maj:Android_8|maj:Android_9,leaf:Android_10,leaf:Android_8_1.0,leaf:Android_10|leaf:Android_7_0.0|leaf:Android_7_1.0|leaf:Android_8_0.0|leaf:Android_8_1.0|leaf:Android_9
266,fam:Android,fam:Android,fam:Android,maj:Android_10,maj:Android_9,maj:Android_10|maj:Android_8|maj:Android_9,leaf:Android_10,leaf:Android_10,leaf:Android_10|leaf:Android_8_0.0|leaf:Android_8_1.0|leaf:Android_9
267,fam:Android,fam:Android,fam:Android,maj:Android_10,maj:Android_8,maj:Android_10|maj:Android_7|maj:Android_8|maj:Android_9,leaf:Android_10,leaf:Android_8_1.0,leaf:Android_10|leaf:Android_7_0.0|leaf:Android_7_1.0|leaf:Android_8_0.0|leaf:Android_8_1.0|leaf:Android_9
269,fam:Android,fam:Android,fam:Android,maj:Android_10,maj:Android_8,maj:Android_10|maj:Android_6|maj:Android_7|maj:Android_8|maj:Android_9,leaf:Android_10,leaf:Android_8_0.0,leaf:Android_10|leaf:Android_6_0.0|leaf:Android_7_0.0|leaf:Android_7_1.0|leaf:Android_8_0.0|leaf:Android_8_1.0|leaf:Android_9
270,fam:Android,fam:Android,fam:Android,maj:Android_10,maj:Android_9,maj:Android_10|maj:Android_7|maj:Android_8|maj:Android_9,leaf:Android_10,leaf:Android_9,leaf:Android_10|leaf:Android_7_0.0|leaf:Android_7_1.0|leaf:Android_8_0.0|leaf:Android_8_1.0|leaf:Android_9
271,fam:Android,fam:Android,fam:Android,maj:Android_10,maj:Android_9,maj:Android_10|maj:Android_7|maj:Android_8|maj:Android_9,leaf:Android_10,leaf:Android_8_0.0,leaf:Android_10|leaf:Android_7_0.0|leaf:Android_7_1.0|leaf:Android_8_0.0|leaf:Android_8_1.0|leaf:Android_9
272,fam:Android,fam:Android,fam:Android,maj:Android_10,maj:Android_8,maj:Android_10|maj:Android_7|maj:Android_8|maj:Android_9,leaf:Android_10,leaf:Android_10,leaf:Android_10|leaf:Android_7_0.0|leaf:Android_7_1.0|leaf:Android_8_0.0|leaf:Android_8_1.0|leaf:Android_9
273,fam:Android,fam:Android,fam:Android,maj:Android_10,maj:Android_10,maj:Android_10|maj:Android_7|maj:Android_8|maj:Android_9,leaf:Android_10,leaf:Android_8_0.0,leaf:Android_10|leaf:Android_7_0.0|leaf:Android_7_1.0|leaf:Android_8_0.0|leaf:Android_8_1.0|leaf:Android_9
275,fam:Android,fam:Android,fam:Android,maj:Android_10,maj:Android_10,maj:Android_10|maj:Android_7|maj:Android_8|maj:Android_9,leaf:Android_10,leaf:Android_8_1.0,leaf:Android_10|leaf:Android_7_0.0|leaf:Android_7_1.0|leaf:Android_8_0.0|leaf:Android_8_1.0|leaf:Android_9
276,fam:Android,fam:Android,fam:Android,maj:Android_10,maj:Android_9,maj:Android_10|maj:Android_5|maj:Android_6|maj:Android_7|maj:Android_8|maj:Android_9,leaf:Android_10,leaf:Android_10,leaf:Android_10|leaf:Android_5_1.0|leaf:Android_6_0.0|leaf:Android_7_0.0|leaf:Android_7_1.0|leaf:Android_8_0.0|leaf:Android_8_1.0|leaf:Android_9
279,fam:Android,fam:Android,fam:Android,maj:Android_10,maj:Android_9,maj:Android_10|maj:Android_7|maj:Android_8|maj:Android_9,leaf:Android_10,leaf:Android_8_0.0,leaf:Android_10|leaf:Android_7_0.0|leaf:Android_7_1.0|leaf:Android_8_0.0|leaf:Android_8_1.0|leaf:Android_9
282,fam:Android,fam:Android,fam:Android,maj:Android_10,maj:Android_8,maj:Android_10|maj:Android_6|maj:Android_7|maj:Android_8|maj:Android_9,leaf:Android_10,leaf:Android_8_0.0,leaf:Android_10|leaf:Android_6_0.0|leaf:Android_7_0.0|leaf:Android_7_1.0|leaf:Android_8_0.0|leaf:Android_8_1.0|leaf:Android_9
285,fam:Android,fam:Android,fam:Android,maj:Android_10,maj:Android_10,maj:Android_10|maj:Android_7|maj:Android_8|maj:Android_9,leaf:Android_10,leaf:Android_10,leaf:Android_10|leaf:Android_7_0.0|leaf:Android_7_1.0|leaf:Android_8_0.0|leaf:Android_8_1.0|leaf:Android_9
290,fam:Android,fam:Android,fam:Android,maj:Android_10,maj:Android_9,maj:Android_10|maj:Android_9,leaf:Android_10,leaf:Android_10,leaf:Android_10|leaf:Android_9
291,fam:Android,fam:Linux,fam:Android|fam:Linux|fam:Windows|fam:macOS,maj:Android_10,maj:Linux_OTHER,maj:Android_4|maj:Android_7|maj:Android_8|maj:Android_9|maj:Linux_OTHER|maj:Linux_Ubuntu|maj:Windows_10|maj:macOS_10,leaf:Android_10,leaf:Linux_OTHER,leaf:Android_4_0.0|leaf:Android_7_0.0|leaf:Android_8_0.0|leaf:Android_8_1.0|leaf:Android_9|leaf:Linux_OTHER|leaf:Linux_Ubuntu|leaf:Windows_10|leaf:macOS_10_14.0|leaf:macOS_10_15.0
293,fam:Android,fam:Android,fam:Android,maj:Android_10,maj:Android_10,maj:Android_10|maj:Android_7|maj:Android_8|maj:Android_9,leaf:Android_10,leaf:Android_10,leaf:Android_10|leaf:Android_7_0.0|leaf:Android_7_1.0|leaf:Android_8_0.0|leaf:Android_8_1.0|leaf:Android_9
298,fam:Android,fam:Android,fam:Android,maj:Android_10,maj:Android_10,maj:Android_10|maj:Android_7|maj:Android_8|maj:Android_9,leaf:Android_10,leaf:Android_8_1.0,leaf:Android_10|leaf:Android_7_0.0|leaf:Android_7_1.0|leaf:Android_8_0.0|leaf:Android_8_1.0|leaf:Android_9
299,fam:Android,fam:Android,fam:Android,maj:Android_10,maj:Android_10,maj:Android_10|maj:Android_8|maj:Android_9,leaf:Android_10,leaf:Android_10,leaf:Android_10|leaf:Android_8_0.0|leaf:Android_8_1.0|leaf:Android_9
300,fam:Android,fam:Android,fam:Android,maj:Android_10,maj:Android_7,maj:Android_10|maj:Android_5|maj:Android_6|maj:Android_7|maj:Android_8|maj:Android_9,leaf:Android_10,leaf:Android_8_0.0,leaf:Android_10|leaf:Android_5_1.0|leaf:Android_6_0.0|leaf:Android_7_0.0|leaf:Android_7_1.0|leaf:Android_8_0.0|leaf:Android_8_1.0|leaf:Android_9
301,fam:Android,fam:Android,fam:Android,maj:Android_10,maj:Android_10,maj:Android_10|maj:Android_7|maj:Android_8|maj:Android_9,leaf:Android_10,leaf:Android_8_0.0,leaf:Android_10|leaf:Android_7_0.0|leaf:Android_7_1.0|leaf:Android_8_0.0|leaf:Android_8_1.0|leaf:Android_9
302,fam:Android,fam:Android,fam:Android|fam:Linux,maj:Android_10,maj:Android_8,maj:Android_10|maj:Android_7|maj:Android_8|maj:Android_9|maj:Linux_OTHER,leaf:Android_10,leaf:Android_8_0.0,leaf:Android_10|leaf:Android_7_0.0|leaf:Android_8_0.0|leaf:Android_8_1.0|leaf:Android_9|leaf:Linux_OTHER
303,fam:Android,fam:Android,fam:Android,maj:Android_10,maj:Android_10,maj:Android_10|maj:Android_7|maj:Android_8|maj:Android_9,leaf:Android_10,leaf:Android_10,leaf:Android_10|leaf:Android_7_0.0|leaf:Android_8_0.0|leaf:Android_8_1.0|leaf:Android_9
305,fam:Android,fam:Android,fam:Android,maj:Android_10,maj:Android_10,maj:Android_10|maj:Android_8|maj:Android_9,leaf:Android_10,leaf:Android_10,leaf:Android_10|leaf:Android_8_0.0|leaf:Android_8_1.0|leaf:Android_9
306,fam:Android,fam:Android,fam:Android,maj:Android_10,maj:Android_10,maj:Android_10|maj:Android_7|maj:Android_8|maj:Android_9,leaf:Android_10,leaf:Android_8_0.0,leaf:Android_10|leaf:Android_7_0.0|leaf:Android_7_1.0|leaf:Android_8_0.0|leaf:Android_8_1.0|leaf:Android_9
307,fam:Android,fam:Android,fam:Android,maj:Android_10,maj:Android_10,maj:Android_10|maj:Android_8|maj:Android_9,leaf:Android_10,leaf:Android_10,leaf:Android_10|leaf:Android_8_0.0|leaf:Android_8_1.0|leaf:Android_9
308,fam:Android,fam:Android,fam:Android,maj:Android_10,maj:Android_10,maj:Android_10|maj:Android_7|maj:Android_8|maj:Android_9,leaf:Android_10,leaf:Android_8_0.0,leaf:Android_10|leaf:Android_7_0.0|leaf:Android_7_1.0|leaf:Android_8_0.0|leaf:Android_8_1.0|leaf:Android_9
309,fam:Android,fam:Android,fam:Android,maj:Android_10,maj:Android_9,maj:Android_10|maj:Android_5|maj:Android_7|maj:Android_8|maj:Android_9,leaf:Android_10,leaf:Android_9,leaf:Android_10|leaf:Android_5_1.0|leaf:Android_7_0.0|leaf:Android_7_1.0|leaf:Android_8_0.0|leaf:Android_8_1.0|leaf:Android_9
310,fam:Android,fam:Android,fam:Android,maj:Android_10,maj:Android_10,maj:Android_10|maj:Android_8|maj:Android_9,leaf:Android_10,leaf:Android_10,leaf:Android_10|leaf:Android_8_0.0|leaf:Android_8_1.0|leaf:Android_9
314,fam:Android,fam:Android,fam:Android,maj:Android_10,maj:Android_10,maj:Android_10|maj:Android_8|maj:Android_9,leaf:Android_10,leaf:Android_10,leaf:Android_10|leaf:Android_8_0.0|leaf:Android_9
315,fam:Android,fam:Android,fam:Android,maj:Android_10,maj:Android_10,maj:Android_10|maj:Android_8|maj:Android_9,leaf:Android_10,leaf:Android_10,leaf:Android_10|leaf:Android_8_0.0|leaf:Android_8_1.0|leaf:Android_9
316,fam:Android,fam:Android,fam:Android,maj:Android_10,maj:Android_10,maj:Android_10,leaf:Android_10,leaf:Android_10,leaf:Android_10
317,fam:Android,fam:Android,fam:Android,maj:Android_10,maj:Android_9,maj:Android_10|maj:Android_7|maj:Android_8|maj:Android_9,leaf:Android_10,leaf:Android_8_0.0,leaf:Android_10|leaf:Android_7_0.0|leaf:Android_7_1.0|leaf:Android_8_0.0|leaf:Android_8_1.0|leaf:Android_9
318,fam:Android,fam:Android,fam:Android,maj:Android_10,maj:Android_9,maj:Android_10|maj:Android_7|maj:Android_8|maj:Android_9,leaf:Android_10,leaf:Android_10,leaf:Android_10|leaf:Android_7_0.0|leaf:Android_7_1.0|leaf:Android_8_0.0|leaf:Android_8_1.0|leaf:Android_9
319,fam:Android,fam:Android,fam:Android,maj:Android_10,maj:Android_8,maj:Android_10|maj:Android_5|maj:Android_6|maj:Android_7|maj:Android_8|maj:Android_9,leaf:Android_10,leaf:Android_8_0.0,leaf:Android_10|leaf:Android_5_1.0|leaf:Android_6_0.0|leaf:Android_7_0.0|leaf:Android_7_1.0|leaf:Android_8_0.0|leaf:Android_8_1.0|leaf:Android_9
320,fam:Android,fam:Android,fam:Android,maj:Android_10,maj:Android_8,maj:Android_10|maj:Android_7|maj:Android_8|maj:Android_9,leaf:Android_10,leaf:Android_8_0.0,leaf:Android_10|leaf:Android_7_0.0|leaf:Android_7_1.0|leaf:Android_8_0.0|leaf:Android_8_1.0|leaf:Android_9
322,fam:Android,fam:Android,fam:Android,maj:Android_10,maj:Android_10,maj:Android_10|maj:Android_6|maj:Android_7|maj:Android_8|maj:Android_9,leaf:Android_10,leaf:Android_8_0.0,leaf:Android_10|leaf:Android_6_0.0|leaf:Android_7_0.0|leaf:Android_7_1.0|leaf:Android_8_0.0|leaf:Android_8_1.0|leaf:Android_9
325,fam:Android,fam:Android,fam:Android,maj:Android_10,maj:Android_10,maj:Android_10|maj:Android_8|maj:Android_9,leaf:Android_10,leaf:Android_10,leaf:Android_10|leaf:Android_8_1.0|leaf:Android_9
328,fam:Android,fam:Android,fam:Android,maj:Android_10,maj:Android_9,maj:Android_10|maj:Android_7|maj:Android_8|maj:Android_9,leaf:Android_10,leaf:Android_10,leaf:Android_10|leaf:Android_7_0.0|leaf:Android_7_1.0|leaf:Android_8_0.0|leaf:Android_8_1.0|leaf:Android_9
329,fam:Android,fam:Android,fam:Android,maj:Android_10,maj:Android_10,maj:Android_10|maj:Android_7|maj:Android_8|maj:Android_9,leaf:Android_10,leaf:Android_8_1.0,leaf:Android_10|leaf:Android_7_0.0|leaf:Android_7_1.0|leaf:Android_8_0.0|leaf:Android_8_1.0|leaf:Android_9
330,fam:Android,fam:Android,fam:Android,maj:Android_10,maj:Android_9,maj:Android_10|maj:Android_7|maj:Android_8|maj:Android_9,leaf:Android_10,leaf:Android_7_0.0,leaf:Android_10|leaf:Android_7_0.0|leaf:Android_7_1.0|leaf:Android_8_0.0|leaf:Android_8_1.0|leaf:Android_9
331,fam:Android,fam:Android,fam:Android,maj:Android_10,maj:Android_10,maj:Android_10|maj:Android_8|maj:Android_9,leaf:Android_10,leaf:Android_9,leaf:Android_10|leaf:Android_8_1.0|leaf:Android_9
333,fam:Android,fam:Android,fam:Android,maj:Android_10,maj:Android_9,maj:Android_10|maj:Android_7|maj:Android_8|maj:Android_9,leaf:Android_10,leaf:Android_10,leaf:Android_10|leaf:Android_7_0.0|leaf:Android_7_1.0|leaf:Android_8_0.0|leaf:Android_8_1.0|leaf:Android_9
334,fam:Android,fam:Android,fam:Android,maj:Android_10,maj:Android_10,maj:Android_10|maj:Android_7|maj:Android_8|maj:Android_9,leaf:Android_10,leaf:Android_8_1.0,leaf:Android_10|leaf:Android_7_0.0|leaf:Android_7_1.0|leaf:Android_8_0.0|leaf:Android_8_1.0|leaf:Android_9
340,fam:Android,fam:Android,fam:Android,maj:Android_10,maj:Android_9,maj:Android_10|maj:Android_7|maj:Android_8|maj:Android_9,leaf:Android_10,leaf:Android_9,leaf:Android_10|leaf:Android_7_0.0|leaf:Android_7_1.0|leaf:Android_8_0.0|leaf:Android_8_1.0|leaf:Android_9
341,fam:Android,fam:Android,fam:Android,maj:Android_10,maj:Android_8,maj:Android_10|maj:Android_7|maj:Android_8|maj:Android_9,leaf:Android_10,leaf:Android_8_0.0,leaf:Android_10|leaf:Android_7_0.0|leaf:Android_7_1.0|leaf:Android_8_0.0|leaf:Android_8_1.0|leaf:Android_9
342,fam:Android,fam:Android,fam:Android,maj:Android_10,maj:Android_7,maj:Android_10|maj:Android_7|maj:Android_8,leaf:Android_10,leaf:Android_10,leaf:Android_10|leaf:Android_7_1.0|leaf:Android_8_1.0
343,fam:Android,fam:Android,fam:Android,maj:Android_10,maj:Android_10,maj:Android_10|maj:Android_8|maj:Android_9,leaf:Android_10,leaf:Android_10,leaf:Android_10|leaf:Android_8_0.0|leaf:Android_8_1.0|leaf:Android_9
346,fam:Android,fam:Android,fam:Android,maj:Android_10,maj:Android_9,maj:Android_10|maj:Android_9,leaf:Android_10,leaf:Android_10,leaf:Android_10|leaf:Android_9
347,fam:Android,fam:Android,fam:Android,maj:Android_10,maj:Android_10,maj:Android_10|maj:Android_8|maj:Android_9,leaf:Android_10,leaf:Android_10,leaf:Android_10|leaf:Android_8_1.0|leaf:Android_9
348,fam:Android,fam:Android,fam:Android,maj:Android_10,maj:Android_10,maj:Android_10|maj:Android_7|maj:Android_8|maj:Android_9,leaf:Android_10,leaf:Android_10,leaf:Android_10|leaf:Android_7_0.0|leaf:Android_7_1.0|leaf:Android_8_0.0|leaf:Android_8_1.0|leaf:Android_9
349,fam:Android,fam:Android,fam:Android,maj:Android_10,maj:Android_10,maj:Android_10|maj:Android_7|maj:Android_8|maj:Android_9,leaf:Android_10,leaf:Android_10,leaf:Android_10|leaf:Android_7_1.0|leaf:Android_8_1.0|leaf:Android_9
351,fam:Android,fam:Android,fam:Android,maj:Android_10,maj:Android_9,maj:Android_10|maj:Android_8|maj:Android_9,leaf:Android_10,leaf:Android_9,leaf:Android_10|leaf:Android_8_0.0|leaf:Android_8_1.0|leaf:Android_9
355,fam:Android,fam:Android,fam:Android,maj:Android_10,maj:Android_10,maj:Android_10|maj:Android_8|maj:Android_9,leaf:Android_10,leaf:Android_10,leaf:Android_10|leaf:Android_8_0.0|leaf:Android_8_1.0|leaf:Android_9
356,fam:Android,fam:Android,fam:Android,maj:Android_10,maj:Android_8,maj:Android_10|maj:Android_6|maj:Android_7|maj:Android_8|maj:Android_9,leaf:Android_10,leaf:Android_8_0.0,leaf:Android_10|leaf:Android_6_0.0|leaf:Android_7_0.0|leaf:Android_7_1.0|leaf:Android_8_0.0|leaf:Android_8_1.0|leaf:Android_9
357,fam:Android,fam:Android,fam:Android,maj:Android_10,maj:Android_8,maj:Android_10|maj:Android_7|maj:Android_8|maj:Android_9,leaf:Android_10,leaf:Android_8_0.0,leaf:Android_10|leaf:Android_7_0.0|leaf:Android_7_1.0|leaf:Android_8_0.0|leaf:Android_8_1.0|leaf:Android_9
358,fam:Android,fam:Android,fam:Android,maj:Android_10,maj:Android_8,maj:Android_10|maj:Android_7|maj:Android_8|maj:Android_9,leaf:Android_10,leaf:Android_8_0.0,leaf:Android_10|leaf:Android_7_0.0|leaf:Android_7_1.0|leaf:Android_8_0.0|leaf:Android_8_1.0|leaf:Android_9
359,fam:Android,fam:Android,fam:Android,maj:Android_10,maj:Android_10,maj:Android_10|maj:Android_7|maj:Android_8|maj:Android_9,leaf:Android_10,leaf:Android_8_0.0,leaf:Android_10|leaf:Android_7_0.0|leaf:Android_7_1.0|leaf:Android_8_0.0|leaf:Android_8_1.0|leaf:Android_9
360,fam:Android,fam:Android,fam:Android,maj:Android_10,maj:Android_9,maj:Android_10|maj:Android_8|maj:Android_9,leaf:Android_10,leaf:Android_9,leaf:Android_10|leaf:Android_8_1.0|leaf:Android_9
366,fam:Android,fam:Android,fam:Android,maj:Android_10,maj:Android_10,maj:Android_10|maj:Android_8|maj:Android_9,leaf:Android_10,leaf:Android_10,leaf:Android_10|leaf:Android_8_0.0|leaf:Android_8_1.0|leaf:Android_9
367,fam:Android,fam:Android,fam:Android,maj:Android_10,maj:Android_10,maj:Android_10|maj:Android_8|maj:Android_9,leaf:Android_10,leaf:Android_10,leaf:Android_10|leaf:Android_8_0.0|leaf:Android_8_1.0|leaf:Android_9
369,fam:Android,fam:Android,fam:Android,maj:Android_10,maj:Android_10,maj:Android_10|maj:Android_8|maj:Android_9,leaf:Android_10,leaf:Android_10,leaf:Android_10|leaf:Android_8_0.0|leaf:Android_8_1.0|leaf:Android_9
371,fam:Android,fam:iOS,fam:iOS|fam:macOS,maj:Android_10,maj:iOS_13,maj:iOS_13|maj:macOS_10,leaf:Android_10,leaf:iOS_13_5.0,leaf:iOS_13_1.0|leaf:iOS_13_2.0|leaf:iOS_13_3.0|leaf:iOS_13_4.0|leaf:iOS_13_5.0|leaf:macOS_10_15.0
373,fam:Android,fam:Android,fam:Android,maj:Android_10,maj:Android_9,maj:Android_10|maj:Android_5|maj:Android_6|maj:Android_7|maj:Android_8|maj:Android_9,leaf:Android_10,leaf:Android_10,leaf:Android_10|leaf:Android_5_1.0|leaf:Android_6_0.0|leaf:Android_7_0.0|leaf:Android_7_1.0|leaf:Android_8_0.0|leaf:Android_8_1.0|leaf:Android_9
376,fam:Android,fam:Android,fam:Android,maj:Android_10,maj:Android_10,maj:Android_10|maj:Android_8|maj:Android_9,leaf:Android_10,leaf:Android_10,leaf:Android_10|leaf:Android_8_1.0|leaf:Android_9
377,fam:Android,fam:Android,fam:Android,maj:Android_10,maj:Android_10,maj:Android_10|maj:Android_7|maj:Android_8|maj:Android_9,leaf:Android_10,leaf:Android_8_1.0,leaf:Android_10|leaf:Android_7_0.0|leaf:Android_7_1.0|leaf:Android_8_0.0|leaf:Android_8_1.0|leaf:Android_9
378,fam:Android,fam:Android,fam:Android,maj:Android_10,maj:Android_8,maj:Android_10|maj:Android_7|maj:Android_8|maj:Android_9,leaf:Android_10,leaf:Android_10,leaf:Android_10|leaf:Android_7_0.0|leaf:Android_7_1.0|leaf:Android_8_0.0|leaf:Android_8_1.0|leaf:Android_9
379,fam:Android,fam:Android,fam:Android,maj:Android_10,maj:Android_10,maj:Android_10|maj:Android_7|maj:Android_8|maj:Android_9,leaf:Android_10,leaf:Android_10,leaf:Android_10|leaf:Android_7_1.0|leaf:Android_8_0.0|leaf:Android_8_1.0|leaf:Android_9
381,fam:Android,fam:Android,fam:Android,maj:Android_10,maj:Android_10,maj:Android_10|maj:Android_7|maj:Android_8,leaf:Android_10,leaf:Android_10,leaf:Android_10|leaf:Android_7_0.0|leaf:Android_7_1.0|leaf:Android_8_0.0|leaf:Android_8_1.0
382,fam:Android,fam:Android,fam:Android,maj:Android_10,maj:Android_10,maj:Android_10|maj:Android_7|maj:Android_8|maj:Android_9,leaf:Android_10,leaf:Android_8_0.0,leaf:Android_10|leaf:Android_7_0.0|leaf:Android_7_1.0|leaf:Android_8_0.0|leaf:Android_8_1.0|leaf:Android_9
383,fam:Android,fam:Android,fam:Android,maj:Android_10,maj:Android_10,maj:Android_10|maj:Android_7|maj:Android_8|maj:Android_9,leaf:Android_10,leaf:Android_10,leaf:Android_10|leaf:Android_7_0.0|leaf:Android_7_1.0|leaf:Android_8_0.0|leaf:Android_8_1.0|leaf:Android_9
386,fam:Android,fam:Android,fam:Android,maj:Android_10,maj:Android_10,maj:Android_10|maj:Android_8|maj:Android_9,leaf:Android_10,leaf:Android_10,leaf:Android_10|leaf:Android_8_0.0|leaf:Android_8_1.0|leaf:Android_9
387,fam:Android,fam:Android,fam:Android,maj:Android_10,maj:Android_9,maj:Android_10|maj:Android_7|maj:Android_8|maj:Android_9,leaf:Android_10,leaf:Android_8_0.0,leaf:Android_10|leaf:Android_7_0.0|leaf:Android_7_1.0|leaf:Android_8_0.0|leaf:Android_8_1.0|leaf:Android_9
388,fam:Android,fam:Android,fam:Android,maj:Android_10,maj:Android_10,maj:Android_10|maj:Android_7|maj:Android_8|maj:Android_9,leaf:Android_10,leaf:Android_8_1.0,leaf:Android_10|leaf:Android_7_0.0|leaf:Android_7_1.0|leaf:Android_8_0.0|leaf:Android_8_1.0|leaf:Android_9
389,fam:Android,fam:Android,fam:Android,maj:Android_10,maj:Android_9,maj:Android_10|maj:Android_7|maj:Android_8|maj:Android_9,leaf:Android_10,leaf:Android_8_0.0,leaf:Android_10|leaf:Android_7_0.0|leaf:Android_7_1.0|leaf:Android_8_0.0|leaf:Android_8_1.0|leaf:Android_9
390,fam:Android,fam:Android,fam:Android,maj:Android_10,maj:Android_10,maj:Android_10|maj:Android_7|maj:Android_8|maj:Android_9,leaf:Android_10,leaf:Android_8_1.0,leaf:Android_10|leaf:Android_7_0.0|leaf:Android_7_1.0|leaf:Android_8_0.0|leaf:Android_8_1.0|leaf:Android_9
391,fam:Android,fam:Android,fam:Android|fam:Windows,maj:Android_10,maj:Android_10,maj:Android_10|maj:Android_9|maj:Windows_8,leaf:Android_10,leaf:Android_10,leaf:Android_10|leaf:Android_9|leaf:Windows_8_OTHER
394,fam:Android,fam:Android,fam:Android,maj:Android_10,maj:Android_8,maj:Android_10|maj:Android_7|maj:Android_8|maj:Android_9,leaf:Android_10,leaf:Android_8_0.0,leaf:Android_10|leaf:Android_7_0.0|leaf:Android_7_1.0|leaf:Android_8_0.0|leaf:Android_8_1.0|leaf:Android_9
398,fam:Android,fam:Android,fam:Android,maj:Android_10,maj:Android_10,maj:Android_10|maj:Android_8|maj:Android_9,leaf:Android_10,leaf:Android_10,leaf:Android_10|leaf:Android_8_0.0|leaf:Android_8_1.0|leaf:Android_9
402,fam:Android,fam:Android,fam:Android,maj:Android_10,maj:Android_9,maj:Android_10|maj:Android_7|maj:Android_8|maj:Android_9,leaf:Android_10,leaf:Android_8_0.0,leaf:Android_10|leaf:Android_7_0.0|leaf:Android_7_1.0|leaf:Android_8_0.0|leaf:Android_8_1.0|leaf:Android_9
403,fam:Android,fam:Android,fam:Android,maj:Android_10,maj:Android_10,maj:Android_10|maj:Android_8|maj:Android_9,leaf:Android_10,leaf:Android_10,leaf:Android_10|leaf:Android_8_0.0|leaf:Android_8_1.0|leaf:Android_9
404,fam:Android,fam:Android,fam:Android,maj:Android_10,maj:Android_9,maj:Android_10|maj:Android_7|maj:Android_8|maj:Android_9,leaf:Android_10,leaf:Android_8_0.0,leaf:Android_10|leaf:Android_7_0.0|leaf:Android_7_1.0|leaf:Android_8_0.0|leaf:Android_8_1.0|leaf:Android_9
405,fam:Android,fam:Android,fam:Android,maj:Android_10,maj:Android_10,maj:Android_10|maj:Android_7|maj:Android_8|maj:Android_9,leaf:Android_10,leaf:Android_8_0.0,leaf:Android_10|leaf:Android_7_0.0|leaf:Android_7_1.0|leaf:Android_8_0.0|leaf:Android_8_1.0|leaf:Android_9
407,fam:Android,fam:Android,fam:Android,maj:Android_10,maj:Android_10,maj:Android_10|maj:Android_7|maj:Android_8|maj:Android_9,leaf:Android_10,leaf:Android_8_0.0,leaf:Android_10|leaf:Android_7_0.0|leaf:Android_7_1.0|leaf:Android_8_0.0|leaf:Android_8_1.0|leaf:Android_9
410,fam:Android,fam:Android,fam:Android,maj:Android_10,maj:Android_10,maj:Android_10|maj:Android_7|maj:Android_8|maj:Android_9,leaf:Android_10,leaf:Android_8_1.0,leaf:Android_10|leaf:Android_7_0.0|leaf:Android_7_1.0|leaf:Android_8_0.0|leaf:Android_8_1.0|leaf:Android_9
411,fam:Android,fam:Android,fam:Android,maj:Android_10,maj:Android_8,maj:Android_10|maj:Android_7|maj:Android_8|maj:Android_9,leaf:Android_10,leaf:Android_9,leaf:Android_10|leaf:Android_7_0.0|leaf:Android_7_1.0|leaf:Android_8_0.0|leaf:Android_8_1.0|leaf:Android_9
412,fam:Android,fam:Android,fam:Android,maj:Android_10,maj:Android_10,maj:Android_10|maj:Android_7|maj:Android_8|maj:Android_9,leaf:Android_10,leaf:Android_10,leaf:Android_10|leaf:Android_7_0.0|leaf:Android_7_1.0|leaf:Android_8_0.0|leaf:Android_8_1.0|leaf:Android_9
413,fam:Android,fam:Android,fam:Android|fam:Linux,maj:Android_10,maj:Android_8,maj:Android_10|maj:Android_7|maj:Android_8|maj:Android_9|maj:Linux_OTHER,leaf:Android_10,leaf:Android_8_0.0,leaf:Android_10|leaf:Android_7_0.0|leaf:Android_8_0.0|leaf:Android_8_1.0|leaf:Android_9|leaf:Linux_OTHER
415,fam:Android,fam:Android,fam:Android,maj:Android_10,maj:Android_10,maj:Android_10|maj:Android_7|maj:Android_8|maj:Android_9,leaf:Android_10,leaf:Android_8_0.0,leaf:Android_10|leaf:Android_7_0.0|leaf:Android_7_1.0|leaf:Android_8_0.0|leaf:Android_8_1.0|leaf:Android_9
416,fam:Android,fam:Android,fam:Android,maj:Android_10,maj:Android_10,maj:Android_10|maj:Android_8|maj:Android_9,leaf:Android_10,leaf:Android_10,leaf:Android_10|leaf:Android_8_0.0|leaf:Android_8_1.0|leaf:Android_9
417,fam:Android,fam:Android,fam:Android,maj:Android_10,maj:Android_10,maj:Android_10|maj:Android_7|maj:Android_8|maj:Android_9,leaf:Android_10,leaf:Android_8_1.0,leaf:Android_10|leaf:Android_7_1.0|leaf:Android_8_1.0|leaf:Android_9
420,fam:Android,fam:Android,fam:Android,maj:Android_10,maj:Android_10,maj:Android_10|maj:Android_8|maj:Android_9,leaf:Android_10,leaf:Android_10,leaf:Android_10|leaf:Android_8_0.0|leaf:Android_8_1.0|leaf:Android_9
421,fam:Android,fam:Android,fam:Android,maj:Android_10,maj:Android_10,maj:Android_10|maj:Android_7|maj:Android_8|maj:Android_9,leaf:Android_10,leaf:Android_8_0.0,leaf:Android_10|leaf:Android_7_0.0|leaf:Android_7_1.0|leaf:Android_8_0.0|leaf:Android_8_1.0|leaf:Android_9
424,fam:Android,fam:Android,fam:Android|fam:Linux,maj:Android_10,maj:Android_9,maj:Android_10|maj:Android_7|maj:Android_8|maj:Android_9|maj:Linux_OTHER,leaf:Android_10,leaf:Android_8_0.0,leaf:Android_10|leaf:Android_7_0.0|leaf:Android_7_1.0|leaf:Android_8_0.0|leaf:Android_8_1.0|leaf:Android_9|leaf:Linux_OTHER
425,fam:Android,fam:Android,fam:Android,maj:Android_10,maj:Android_8,maj:Android_10|maj:Android_7|maj:Android_8|maj:Android_9,leaf:Android_10,leaf:Android_8_0.0,leaf:Android_10|leaf:Android_7_0.0|leaf:Android_7_1.0|leaf:Android_8_0.0|leaf:Android_8_1.0|leaf:Android_9
427,fam:Android,fam:Android,fam:Android,maj:Android_10,maj:Android_8,maj:Android_10|maj:Android_7|maj:Android_8|maj:Android_9,leaf:Android_10,leaf:Android_10,leaf:Android_10|leaf:Android_7_0.0|leaf:Android_7_1.0|leaf:Android_8_0.0|leaf:Android_8_1.0|leaf:Android_9
429,fam:Android,fam:Android,fam:Android,maj:Android_10,maj:Android_9,maj:Android_10|maj:Android_6|maj:Android_7|maj:Android_8|maj:Android_9,leaf:Android_10,leaf:Android_8_0.0,leaf:Android_10|leaf:Android_6_0.0|leaf:Android_7_0.0|leaf:Android_7_1.0|leaf:Android_8_0.0|leaf:Android_8_1.0|leaf:Android_9
431,fam:Android,fam:Android,fam:Android,maj:Android_10,maj:Android_9,maj:Android_10|maj:Android_7|maj:Android_8|maj:Android_9,leaf:Android_10,leaf:Android_10,leaf:Android_10|leaf:Android_7_0.0|leaf:Android_7_1.0|leaf:Android_8_0.0|leaf:Android_8_1.0|leaf:Android_9
432,fam:Android,fam:Android,fam:Android,maj:Android_10,maj:Android_10,maj:Android_10|maj:Android_7|maj:Android_8|maj:Android_9,leaf:Android_10,leaf:Android_10,leaf:Android_10|leaf:Android_7_0.0|leaf:Android_8_0.0|leaf:Android_8_1.0|leaf:Android_9
433,fam:Android,fam:Android,fam:Android,maj:Android_10,maj:Android_10,maj:Android_10|maj:Android_8|maj:Android_9,leaf:Android_10,leaf:Android_10,leaf:Android_10|leaf:Android_8_0.0|leaf:Android_8_1.0|leaf:Android_9
439,fam:Android,fam:Android,fam:Android,maj:Android_10,maj:Android_9,maj:Android_10|maj:Android_7|maj:Android_8|maj:Android_9,leaf:Android_10,leaf:Android_10,leaf:Android_10|leaf:Android_7_0.0|leaf:Android_7_1.0|leaf:Android_8_0.0|leaf:Android_8_1.0|leaf:Android_9
441,fam:Android,fam:Android,fam:Android,maj:Android_10,maj:Android_10,maj:Android_10|maj:Android_8|maj:Android_9,leaf:Android_10,leaf:Android_10,leaf:Android_10|leaf:Android_8_1.0|leaf:Android_9
442,fam:Android,fam:Android,fam:Android,maj:Android_10,maj:Android_9,maj:Android_10|maj:Android_7|maj:Android_8|maj:Android_9,leaf:Android_10,leaf:Android_9,leaf:Android_10|leaf:Android_7_0.0|leaf:Android_7_1.0|leaf:Android_8_0.0|leaf:Android_8_1.0|leaf:Android_9
443,fam:Android,fam:Android,fam:Android,maj:Android_10,maj:Android_9,maj:Android_10|maj:Android_7|maj:Android_8|maj:Android_9,leaf:Android_10,leaf:Android_9,leaf:Android_10|leaf:Android_7_0.0|leaf:Android_8_0.0|leaf:Android_8_1.0|leaf:Android_9
448,fam:Android,fam:Android,fam:Android,maj:Android_10,maj:Android_9,maj:Android_10|maj:Android_7|maj:Android_8|maj:Android_9,leaf:Android_10,leaf:Android_8_0.0,leaf:Android_10|leaf:Android_7_0.0|leaf:Android_7_1.0|leaf:Android_8_0.0|leaf:Android_8_1.0|leaf:Android_9
452,fam:Android,fam:Android,fam:Android,maj:Android_4,maj:Android_4,maj:Android_4,leaf:Android_4_0.0,leaf:Android_4_0.0,leaf:Android_4_0.0
455,fam:Android,fam:Linux,fam:Android|fam:Linux|fam:Windows|fam:macOS,maj:Android_4,maj:Linux_OTHER,maj:Android_4|maj:Android_7|maj:Android_8|maj:Android_9|maj:Linux_OTHER|maj:Linux_Ubuntu|maj:Windows_10|maj:Windows_7|maj:macOS_10,leaf:Android_4_0.0,leaf:Windows_10,leaf:Android_4_0.0|leaf:Android_7_0.0|leaf:Android_8_0.0|leaf:Android_8_1.0|leaf:Android_9|leaf:Linux_OTHER|leaf:Linux_Ubuntu|leaf:Windows_10|leaf:Windows_7|leaf:macOS_10_11.0|leaf:macOS_10_14.0
459,fam:Android,fam:Android,fam:Android,maj:Android_4,maj:Android_4,maj:Android_4,leaf:Android_4_1.0,leaf:Android_4_1.0,leaf:Android_4_1.0
460,fam:Android,fam:Windows,fam:Android,maj:Android_4,maj:Android_4,maj:Android_4,leaf:Android_4_1.0,leaf:Android_4_1.0,leaf:Android_4_1.0
461,fam:Android,fam:Android,fam:Android,maj:Android_4,maj:Android_4,maj:Android_4,leaf:Android_4_1.0,leaf:Android_4_1.0,leaf:Android_4_1.0
463,fam:Android,fam:Android,fam:Android,maj:Android_4,maj:Android_4,maj:Android_4,leaf:Android_4_1.0,leaf:Android_4_1.0,leaf:Android_4_1.0
466,fam:Android,fam:Android,fam:Android|fam:Windows,maj:Android_4,maj:Android_4,maj:Android_4|maj:Android_5|maj:Android_6|maj:Android_8|maj:Windows_7,leaf:Android_4_2.0,leaf:Android_4_4.0,leaf:Android_4_2.0|leaf:Android_4_4.0|leaf:Android_5_1.0|leaf:Android_6_0.0|leaf:Android_8_1.0|leaf:Windows_7
468,fam:Android,fam:Android,fam:Android|fam:Windows|fam:iOS,maj:Android_4,maj:Android_4,maj:Android_4|maj:Android_5|maj:Android_7|maj:Windows_7|maj:iOS_11,leaf:Android_4_2.0,leaf:Android_4_4.0,leaf:Android_4_2.0|leaf:Android_4_4.0|leaf:Android_5_1.0|leaf:Android_7_1.0|leaf:Windows_7|leaf:iOS_11_0.0
469,fam:Android,fam:Android,fam:Android|fam:Windows|fam:iOS,maj:Android_4,maj:Android_4,maj:Android_4|maj:Windows_7|maj:iOS_11,leaf:Android_4_2.0,leaf:Android_4_4.0,leaf:Android_4_4.0|leaf:Windows_7|leaf:iOS_11_0.0
470,fam:Android,fam:Android,fam:Android,maj:Android_4,maj:Android_4,maj:Android_4,leaf:Android_4_4.0,leaf:Android_4_4.0,leaf:Android_4_4.0
471,fam:Android,fam:Windows,fam:Android|fam:Windows,maj:Android_4,maj:Android_4,maj:Android_4|maj:Windows_10|maj:Windows_7,leaf:Android_4_4.0,leaf:Android_4_4.0,leaf:Android_4_4.0|leaf:Windows_10|leaf:Windows_7
472,fam:Android,fam:Android,fam:Android,maj:Android_4,maj:Android_4,maj:Android_4,leaf:Android_4_4.0,leaf:Android_4_4.0,leaf:Android_4_2.0|leaf:Android_4_4.0
473,fam:Android,fam:Android,fam:Android,maj:Android_4,maj:Android_4,maj:Android_4,leaf:Android_4_4.0,leaf:Android_4_4.0,leaf:Android_4_4.0
474,fam:Android,fam:Android,fam:Android,maj:Android_4,maj:Android_4,maj:Android_4,leaf:Android_4_4.0,leaf:Android_4_4.0,leaf:Android_4_2.0|leaf:Android_4_4.0
479,fam:Android,fam:Windows,fam:Android,maj:Android_4,maj:Android_4,maj:Android_4,leaf:Android_4_4.0,leaf:Android_4_4.0,leaf:Android_4_4.0
480,fam:Android,fam:Android,fam:Android,maj:Android_4,maj:Android_4,maj:Android_4,leaf:Android_4_4.0,leaf:Android_4_4.0,leaf:Android_4_4.0
481,fam:Android,fam:Windows,fam:Android|fam:Windows,maj:Android_4,maj:Android_4,maj:Android_4|maj:Windows_10|maj:Windows_7|maj:Windows_8,leaf:Android_4_4.0,leaf:Android_4_4.0,leaf:Android_4_2.0|leaf:Android_4_4.0|leaf:Windows_10|leaf:Windows_7|leaf:Windows_8_1.0
488,fam:Android,fam:Android,fam:Android,maj:Android_5,maj:Android_5,maj:Android_5|maj:Android_6|maj:Android_7,leaf:Android_5_0.0,leaf:Android_5_1.0,leaf:Android_5_0.0|leaf:Android_5_1.0|leaf:Android_6_0.0|leaf:Android_7_0.0|leaf:Android_7_1.0
489,fam:Android,fam:Android,fam:Android,maj:Android_5,maj:Android_8,maj:Android_5|maj:Android_6|maj:Android_7|maj:Android_8,leaf:Android_5_0.0,leaf:Android_7_0.0,leaf:Android_5_0.0|leaf:Android_5_1.0|leaf:Android_6_0.0|leaf:Android_7_0.0|leaf:Android_8_0.0|leaf:Android_8_1.0
491,fam:Android,fam:Android,fam:Android,maj:Android_5,maj:Android_5,maj:Android_5,leaf:Android_5_0.0,leaf:Android_5_0.0,leaf:Android_5_0.0
492,fam:Android,fam:Android,fam:Android,maj:Android_5,maj:Android_5,maj:Android_5|maj:Android_6|maj:Android_7,leaf:Android_5_1.0,leaf:Android_5_1.0,leaf:Android_5_0.0|leaf:Android_5_1.0|leaf:Android_6_0.0|leaf:Android_7_0.0
494,fam:Android,fam:Android,fam:Android,maj:Android_5,maj:Android_5,maj:Android_5|maj:Android_7,leaf:Android_5_1.0,leaf:Android_5_1.0,leaf:Android_5_1.0|leaf:Android_7_1.0
496,fam:Android,fam:Android,fam:Android|fam:Windows,maj:Android_5,maj:Android_5,maj:Android_5|maj:Android_6|maj:Android_7|maj:Android_8|maj:Windows_10,leaf:Android_5_1.0,leaf:Android_6_0.0,leaf:Android_5_0.0|leaf:Android_5_1.0|leaf:Android_6_0.0|leaf:Android_7_0.0|leaf:Android_8_0.0|leaf:Windows_10
498,fam:Android,fam:Android,fam:Android,maj:Android_5,maj:Android_5,maj:Android_5,leaf:Android_5_1.0,leaf:Android_5_1.0,leaf:Android_5_1.0
499,fam:Android,fam:Android,fam:Android,maj:Android_5,maj:Android_5,maj:Android_5|maj:Android_6|maj:Android_7,leaf:Android_5_1.0,leaf:Android_5_1.0,leaf:Android_5_0.0|leaf:Android_5_1.0|leaf:Android_6_0.0|leaf:Android_7_0.0
501,fam:Android,fam:Android,fam:Android,maj:Android_5,maj:Android_8,maj:Android_10|maj:Android_7|maj:Android_8|maj:Android_9,leaf:Android_5_1.0,leaf:Android_8_0.0,leaf:Android_10|leaf:Android_7_0.0|leaf:Android_7_1.0|leaf:Android_8_0.0|leaf:Android_8_1.0|leaf:Android_9
502,fam:Android,fam:Android,fam:Android,maj:Android_5,maj:Android_5,maj:Android_5|maj:Android_6|maj:Android_7,leaf:Android_5_1.0,leaf:Android_5_1.0,leaf:Android_5_0.0|leaf:Android_5_1.0|leaf:Android_6_0.0|leaf:Android_7_0.0
505,fam:Android,fam:Android,fam:Android,maj:Android_5,maj:Android_7,maj:Android_5|maj:Android_6|maj:Android_7|maj:Android_8,leaf:Android_5_1.0,leaf:Android_7_1.0,leaf:Android_5_1.0|leaf:Android_6_0.0|leaf:Android_7_0.0|leaf:Android_7_1.0|leaf:Android_8_0.0
508,fam:Android,fam:Android,fam:Android,maj:Android_5,maj:Android_5,maj:Android_5,leaf:Android_5_1.0,leaf:Android_5_1.0,leaf:Android_5_1.0
509,fam:Android,fam:Android,fam:Android,maj:Android_5,maj:Android_5,maj:Android_4|maj:Android_5|maj:Android_6|maj:Android_7,leaf:Android_5_1.0,leaf:Android_5_1.0,leaf:Android_4_4.0|leaf:Android_5_0.0|leaf:Android_5_1.0|leaf:Android_6_0.0|leaf:Android_7_0.0
511,fam:Android,fam:Android,fam:Android,maj:Android_5,maj:Android_5,maj:Android_5|maj:Android_6|maj:Android_7,leaf:Android_5_1.0,leaf:Android_5_1.0,leaf:Android_5_0.0|leaf:Android_5_1.0|leaf:Android_6_0.0|leaf:Android_7_0.0
514,fam:Android,fam:Android,fam:Android,maj:Android_5,maj:Android_5,maj:Android_5,leaf:Android_5_1.0,leaf:Android_5_1.0,leaf:Android_5_1.0
517,fam:Android,fam:Android,fam:Android,maj:Android_5,maj:Android_5,maj:Android_5,leaf:Android_5_1.0,leaf:Android_5_1.0,leaf:Android_5_1.0
518,fam:Android,fam:Android,fam:Android,maj:Android_5,maj:Android_5,maj:Android_5,leaf:Android_5_1.0,leaf:Android_5_1.0,leaf:Android_5_1.0
519,fam:Android,fam:Android,fam:Android,maj:Android_5,maj:Android_8,maj:Android_10|maj:Android_7|maj:Android_8|maj:Android_9,leaf:Android_5_1.0,leaf:Android_8_0.0,leaf:Android_10|leaf:Android_7_0.0|leaf:Android_7_1.0|leaf:Android_8_0.0|leaf:Android_8_1.0|leaf:Android_9
520,fam:Android,fam:Android,fam:Android,maj:Android_5,maj:Android_5,maj:Android_5,leaf:Android_5_1.0,leaf:Android_5_1.0,leaf:Android_5_1.0
523,fam:Android,fam:Android,fam:Android,maj:Android_5,maj:Android_5,maj:Android_5|maj:Android_6|maj:Android_7,leaf:Android_5_1.0,leaf:Android_7_0.0,leaf:Android_5_0.0|leaf:Android_5_1.0|leaf:Android_6_0.0|leaf:Android_7_0.0
525,fam:Android,fam:Android,fam:Android,maj:Android_5,maj:Android_7,maj:Android_5|maj:Android_6|maj:Android_7|maj:Android_8,leaf:Android_5_1.0,leaf:Android_7_1.0,leaf:Android_5_1.0|leaf:Android_6_0.0|leaf:Android_7_0.0|leaf:Android_7_1.0|leaf:Android_8_0.0|leaf:Android_8_1.0
529,fam:Android,fam:Android,fam:Android,maj:Android_5,maj:Android_5,maj:Android_5|maj:Android_6|maj:Android_7|maj:Android_8,leaf:Android_5_1.0,leaf:Android_7_0.0,leaf:Android_5_0.0|leaf:Android_5_1.0|leaf:Android_6_0.0|leaf:Android_7_0.0|leaf:Android_8_0.0|leaf:Android_8_1.0
531,fam:Android,fam:Android,fam:Android,maj:Android_5,maj:Android_6,maj:Android_4|maj:Android_5|maj:Android_6|maj:Android_7,leaf:Android_5_1.0,leaf:Android_5_0.0,leaf:Android_4_4.0|leaf:Android_5_0.0|leaf:Android_5_1.0|leaf:Android_6_0.0|leaf:Android_7_0.0
533,fam:Android,fam:Android,fam:Android,maj:Android_5,maj:Android_5,maj:Android_5|maj:Android_6|maj:Android_7,leaf:Android_5_1.0,leaf:Android_5_1.0,leaf:Android_5_0.0|leaf:Android_5_1.0|leaf:Android_6_0.0|leaf:Android_7_0.0
535,fam:Android,fam:Android,fam:Android|fam:Linux|fam:Windows,maj:Android_6,maj:Android_6,maj:Android_4|maj:Android_6|maj:Linux_OTHER|maj:Windows_XP,leaf:Android_6_0.0,leaf:Windows_XP,leaf:Android_4_2.0|leaf:Android_6_0.0|leaf:Linux_OTHER|leaf:Windows_XP
536,fam:Android,fam:Android,fam:Android|fam:Linux|fam:Windows,maj:Android_6,maj:Android_6,maj:Android_4|maj:Android_6|maj:Linux_OTHER|maj:Windows_XP,leaf:Android_6_0.0,leaf:Android_6_0.0,leaf:Android_4_0.0|leaf:Android_4_2.0|leaf:Android_6_0.0|leaf:Linux_OTHER|leaf:Windows_XP
538,fam:Android,fam:Android,fam:Android,maj:Android_6,maj:Android_7,maj:Android_5|maj:Android_6|maj:Android_7|maj:Android_8,leaf:Android_6_0.0,leaf:Android_7_0.0,leaf:Android_5_1.0|leaf:Android_6_0.0|leaf:Android_7_0.0|leaf:Android_8_0.0|leaf:Android_8_1.0
540,fam:Android,fam:Android,fam:Android|fam:Linux,maj:Android_6,maj:Android_7,maj:Android_10|maj:Android_6|maj:Android_7|maj:Android_8|maj:Android_9|maj:Linux_OTHER,leaf:Android_6_0.0,leaf:Android_7_0.0,leaf:Android_10|leaf:Android_6_0.0|leaf:Android_7_0.0|leaf:Android_7_1.0|leaf:Android_8_0.0|leaf:Android_8_1.0|leaf:Android_9|leaf:Linux_OTHER
541,fam:Android,fam:Android,fam:Android|fam:Linux|fam:Windows,maj:Android_6,maj:Android_6,maj:Android_4|maj:Android_6|maj:Linux_OTHER|maj:Windows_XP,leaf:Android_6_0.0,leaf:Android_6_0.0,leaf:Android_4_2.0|leaf:Android_6_0.0|leaf:Linux_OTHER|leaf:Windows_XP
543,fam:Android,fam:Android,fam:Android|fam:Linux|fam:Windows,maj:Android_6,maj:Android_6,maj:Android_4|maj:Android_6|maj:Linux_OTHER|maj:Windows_XP,leaf:Android_6_0.0,leaf:Android_6_0.0,leaf:Android_4_2.0|leaf:Android_6_0.0|leaf:Linux_OTHER|leaf:Windows_XP
544,fam:Android,fam:Android,fam:Android|fam:Linux|fam:Windows,maj:Android_6,maj:Windows_XP,maj:Android_4|maj:Android_6|maj:Linux_OTHER|maj:Windows_XP,leaf:Android_6_0.0,leaf:Windows_XP,leaf:Android_4_2.0|leaf:Android_6_0.0|leaf:Linux_OTHER|leaf:Windows_XP
551,fam:Android,fam:Android,fam:Android,maj:Android_6,maj:Android_4,maj:Android_4,leaf:Android_6_0.0,leaf:Android_4_1.0,leaf:Android_4_1.0
552,fam:Android,fam:Windows,fam:Linux|fam:Windows,maj:Android_6,maj:Windows_7,maj:Linux_OTHER|maj:Windows_7|maj:Windows_XP,leaf:Android_6_0.0,leaf:Windows_7,leaf:Linux_OTHER|leaf:Windows_7|leaf:Windows_XP
553,fam:Android,fam:Android,fam:Android|fam:Linux|fam:Windows,maj:Android_6,maj:Android_6,maj:Android_4|maj:Android_6|maj:Linux_OTHER|maj:Windows_XP,leaf:Android_6_0.0,leaf:Android_6_0.0,leaf:Android_4_2.0|leaf:Android_6_0.0|leaf:Linux_OTHER|leaf:Windows_XP
554,fam:Android,fam:Android,fam:Android|fam:Linux|fam:Windows,maj:Android_6,maj:Android_6,maj:Android_4|maj:Android_6|maj:Linux_OTHER|maj:Windows_XP,leaf:Android_6_0.0,leaf:Android_6_0.0,leaf:Android_4_2.0|leaf:Android_6_0.0|leaf:Linux_OTHER|leaf:Windows_XP
555,fam:Android,fam:Android,fam:Android,maj:Android_6,maj:Android_6,maj:Android_5|maj:Android_6|maj:Android_7|maj:Android_8,leaf:Android_6_0.0,leaf:Android_7_0.0,leaf:Android_5_0.0|leaf:Android_5_1.0|leaf:Android_6_0.0|leaf:Android_7_0.0|leaf:Android_8_0.0|leaf:Android_8_1.0
556,fam:Android,fam:Android,fam:Android|fam:Linux|fam:Windows,maj:Android_6,maj:Windows_XP,maj:Android_6|maj:Linux_OTHER|maj:Windows_XP,leaf:Android_6_0.0,leaf:Windows_XP,leaf:Android_6_0.0|leaf:Linux_OTHER|leaf:Windows_XP
557,fam:Android,fam:Android,fam:Android|fam:Linux|fam:Windows,maj:Android_6,maj:Android_6,maj:Android_4|maj:Android_6|maj:Linux_OTHER|maj:Windows_XP,leaf:Android_6_0.0,leaf:Android_6_0.0,leaf:Android_4_2.0|leaf:Android_6_0.0|leaf:Linux_OTHER|leaf:Windows_XP
560,fam:Android,fam:Android,fam:Android,maj:Android_6,maj:Android_10,maj:Android_10|maj:Android_7|maj:Android_8|maj:Android_9,leaf:Android_6_0.0,leaf:Android_8_0.0,leaf:Android_10|leaf:Android_7_0.0|leaf:Android_7_1.0|leaf:Android_8_0.0|leaf:Android_8_1.0|leaf:Android_9
561,fam:Android,fam:Android,fam:Android|fam:Linux|fam:Windows,maj:Android_6,maj:Android_6,maj:Android_4|maj:Android_6|maj:Linux_OTHER|maj:Windows_XP,leaf:Android_6_0.0,leaf:Android_6_0.0,leaf:Android_4_2.0|leaf:Android_6_0.0|leaf:Linux_OTHER|leaf:Windows_XP
562,fam:Android,fam:Android,fam:Android|fam:Linux|fam:Windows,maj:Android_6,maj:Android_6,maj:Android_4|maj:Android_6|maj:Linux_OTHER|maj:Windows_XP,leaf:Android_6_0.0,leaf:Android_6_0.0,leaf:Android_4_2.0|leaf:Android_6_0.0|leaf:Linux_OTHER|leaf:Windows_XP
564,fam:Android,fam:Android,fam:Android,maj:Android_6,maj:Android_9,maj:Android_10|maj:Android_5|maj:Android_6|maj:Android_7|maj:Android_8|maj:Android_9,leaf:Android_6_0.0,leaf:Android_7_1.0,leaf:Android_10|leaf:Android_5_1.0|leaf:Android_6_0.0|leaf:Android_7_0.0|leaf:Android_7_1.0|leaf:Android_8_0.0|leaf:Android_8_1.0|leaf:Android_9
572,fam:Android,fam:Android,fam:Android|fam:Windows,maj:Android_6,maj:Android_6,maj:Android_5|maj:Android_6|maj:Android_8|maj:Windows_10|maj:Windows_XP,leaf:Android_6_0.0,leaf:Android_6_0.0,leaf:Android_5_1.0|leaf:Android_6_0.0|leaf:Android_8_1.0|leaf:Windows_10|leaf:Windows_XP
574,fam:Android,fam:Android,fam:Android|fam:Windows,maj:Android_6,maj:Windows_XP,maj:Android_4|maj:Android_6|maj:Windows_XP,leaf:Android_6_0.0,leaf:Windows_XP,leaf:Android_4_2.0|leaf:Android_6_0.0|leaf:Windows_XP
576,fam:Android,fam:Android,fam:Android|fam:Linux|fam:Windows,maj:Android_6,maj:Android_6,maj:Android_4|maj:Android_6|maj:Linux_OTHER|maj:Windows_XP,leaf:Android_6_0.0,leaf:Android_6_0.0,leaf:Android_4_2.0|leaf:Android_6_0.0|leaf:Linux_OTHER|leaf:Windows_XP
578,fam:Android,fam:Android,fam:Android|fam:Linux|fam:Windows,maj:Android_6,maj:Android_6,maj:Android_4|maj:Android_6|maj:Linux_OTHER|maj:Windows_XP,leaf:Android_6_0.0,leaf:Android_6_0.0,leaf:Android_4_2.0|leaf:Android_6_0.0|leaf:Linux_OTHER|leaf:Windows_XP
583,fam:Android,fam:Android,fam:Android|fam:Linux|fam:Windows,maj:Android_6,maj:Android_6,maj:Android_4|maj:Android_6|maj:Linux_OTHER|maj:Windows_XP,leaf:Android_6_0.0,leaf:Android_6_0.0,leaf:Android_4_2.0|leaf:Android_6_0.0|leaf:Linux_OTHER|leaf:Windows_XP
584,fam:Android,fam:Android,fam:Android|fam:Linux|fam:Windows,maj:Android_6,maj:Windows_XP,maj:Android_4|maj:Android_6|maj:Linux_OTHER|maj:Windows_8|maj:Windows_XP,leaf:Android_6_0.0,leaf:Windows_XP,leaf:Android_4_2.0|leaf:Android_6_0.0|leaf:Linux_OTHER|leaf:Windows_8_OTHER|leaf:Windows_XP
587,fam:Android,fam:Android,fam:Android|fam:Linux|fam:Windows|fam:macOS,maj:Android_6,maj:Android_6,maj:Android_5|maj:Android_6|maj:Android_7|maj:Android_9|maj:Linux_OTHER|maj:Windows_XP|maj:macOS_10,leaf:Android_6_0.0,leaf:Android_6_0.0,leaf:Android_5_1.0|leaf:Android_6_0.0|leaf:Android_7_1.0|leaf:Android_9|leaf:Linux_OTHER|leaf:Windows_XP|leaf:macOS_10_11.0
590,fam:Android,fam:Android,fam:Android|fam:Linux|fam:Windows,maj:Android_6,maj:Android_6,maj:Android_4|maj:Android_6|maj:Linux_OTHER|maj:Windows_XP,leaf:Android_6_0.0,leaf:Android_6_0.0,leaf:Android_4_2.0|leaf:Android_6_0.0|leaf:Linux_OTHER|leaf:Windows_XP
591,fam:Android,fam:Android,fam:Android|fam:Linux|fam:Windows,maj:Android_6,maj:Android_6,maj:Android_4|maj:Android_6|maj:Linux_OTHER|maj:Windows_XP,leaf:Android_6_0.0,leaf:Windows_XP,leaf:Android_4_2.0|leaf:Android_6_0.0|leaf:Linux_OTHER|leaf:Windows_XP
594,fam:Android,fam:Android,fam:Android|fam:Linux|fam:Windows,maj:Android_6,maj:Windows_XP,maj:Android_6|maj:Linux_OTHER|maj:Windows_XP,leaf:Android_6_0.0,leaf:Windows_XP,leaf:Android_6_0.0|leaf:Linux_OTHER|leaf:Windows_XP
597,fam:Android,fam:Android,fam:Android|fam:Linux|fam:Windows,maj:Android_6,maj:Android_6,maj:Android_4|maj:Android_6|maj:Linux_OTHER|maj:Windows_XP,leaf:Android_6_0.0,leaf:Windows_XP,leaf:Android_4_2.0|leaf:Android_6_0.0|leaf:Linux_OTHER|leaf:Windows_XP
599,fam:Android,fam:Android,fam:Android|fam:Linux,maj:Android_6,maj:Android_7,maj:Android_5|maj:Android_6|maj:Android_7|maj:Android_8|maj:Linux_OTHER|maj:Linux_Ubuntu,leaf:Android_6_0.0,leaf:Android_7_0.0,leaf:Android_5_0.0|leaf:Android_5_1.0|leaf:Android_6_0.0|leaf:Android_7_0.0|leaf:Android_8_0.0|leaf:Linux_OTHER|leaf:Linux_Ubuntu
600,fam:Android,fam:Android,fam:Android|fam:Linux|fam:Windows,maj:Android_6,maj:Android_6,maj:Android_4|maj:Android_6|maj:Linux_OTHER|maj:Windows_XP,leaf:Android_6_0.0,leaf:Android_6_0.0,leaf:Android_4_2.0|leaf:Android_6_0.0|leaf:Linux_OTHER|leaf:Windows_XP
601,fam:Android,fam:Android,fam:Android|fam:Linux|fam:Windows,maj:Android_6,maj:Android_6,maj:Android_4|maj:Android_6|maj:Linux_OTHER|maj:Windows_XP,leaf:Android_6_0.0,leaf:Android_6_0.0,leaf:Android_4_2.0|leaf:Android_6_0.0|leaf:Linux_OTHER|leaf:Windows_XP
602,fam:Android,fam:Android,fam:Android|fam:Windows,maj:Android_6,maj:Android_6,maj:Android_5|maj:Android_6|maj:Android_7|maj:Android_8|maj:Windows_10,leaf:Android_6_0.0,leaf:Android_7_0.0,leaf:Android_5_1.0|leaf:Android_6_0.0|leaf:Android_7_0.0|leaf:Android_8_0.0|leaf:Windows_10
603,fam:Android,fam:Android,fam:Android,maj:Android_6,maj:Android_6,maj:Android_5|maj:Android_6|maj:Android_7|maj:Android_8,leaf:Android_6_0.0,leaf:Android_7_0.0,leaf:Android_5_1.0|leaf:Android_6_0.0|leaf:Android_7_0.0|leaf:Android_8_0.0|leaf:Android_8_1.0
604,fam:Android,fam:Android,fam:Android|fam:Linux|fam:Windows,maj:Android_6,maj:Android_6,maj:Android_4|maj:Android_6|maj:Linux_OTHER|maj:Windows_XP,leaf:Android_6_0.0,leaf:Android_6_0.0,leaf:Android_4_2.0|leaf:Android_6_0.0|leaf:Linux_OTHER|leaf:Windows_XP
609,fam:Android,fam:Android,fam:Android|fam:Linux|fam:Windows,maj:Android_6,maj:Android_6,maj:Android_4|maj:Android_6|maj:Linux_OTHER|maj:Windows_XP,leaf:Android_6_0.0,leaf:Android_6_0.0,leaf:Android_4_2.0|leaf:Android_6_0.0|leaf:Linux_OTHER|leaf:Windows_XP
611,fam:Android,fam:Android,fam:Android|fam:Linux|fam:Windows,maj:Android_6,maj:Android_6,maj:Android_4|maj:Android_6|maj:Linux_OTHER|maj:Windows_XP,leaf:Android_6_0.0,leaf:Android_6_0.0,leaf:Android_4_2.0|leaf:Android_6_0.0|leaf:Linux_OTHER|leaf:Windows_XP
612,fam:Android,fam:Android,fam:Android|fam:Linux|fam:Windows,maj:Android_6,maj:Android_6,maj:Android_4|maj:Android_6|maj:Linux_OTHER|maj:Windows_XP,leaf:Android_6_0.0,leaf:Android_6_0.0,leaf:Android_4_2.0|leaf:Android_6_0.0|leaf:Linux_OTHER|leaf:Windows_XP
614,fam:Android,fam:Android,fam:Android|fam:Linux|fam:Windows,maj:Android_6,maj:Android_6,maj:Android_4|maj:Android_6|maj:Linux_OTHER|maj:Windows_XP,leaf:Android_6_0.0,leaf:Android_6_0.0,leaf:Android_4_2.0|leaf:Android_6_0.0|leaf:Linux_OTHER|leaf:Windows_XP
615,fam:Android,fam:Android,fam:Android|fam:Linux|fam:Windows,maj:Android_6,maj:Windows_XP,maj:Android_4|maj:Android_6|maj:Linux_OTHER|maj:Windows_XP,leaf:Android_6_0.0,leaf:Windows_XP,leaf:Android_4_2.0|leaf:Android_6_0.0|leaf:Linux_OTHER|leaf:Windows_XP
616,fam:Android,fam:Android,fam:Android|fam:Linux|fam:Windows,maj:Android_6,maj:Android_6,maj:Android_4|maj:Android_6|maj:Linux_OTHER|maj:Windows_XP,leaf:Android_6_0.0,leaf:Android_6_0.0,leaf:Android_4_2.0|leaf:Android_6_0.0|leaf:Linux_OTHER|leaf:Windows_XP
619,fam:Android,fam:Android,fam:Android|fam:Linux|fam:Windows,maj:Android_6,maj:Windows_XP,maj:Android_4|maj:Android_6|maj:Linux_OTHER|maj:Windows_XP,leaf:Android_6_0.0,leaf:Android_6_0.0,leaf:Android_4_2.0|leaf:Android_6_0.0|leaf:Linux_OTHER|leaf:Windows_XP
621,fam:Android,fam:Android,fam:Android,maj:Android_6,maj:Android_5,maj:Android_5|maj:Android_6|maj:Android_7,leaf:Android_6_0.0,leaf:Android_5_1.0,leaf:Android_5_0.0|leaf:Android_5_1.0|leaf:Android_6_0.0|leaf:Android_7_0.0
624,fam:Android,fam:Android,fam:Android|fam:Linux|fam:Windows,maj:Android_6,maj:Android_6,maj:Android_4|maj:Android_6|maj:Linux_OTHER|maj:Windows_XP,leaf:Android_6_0.0,leaf:Android_6_0.0,leaf:Android_4_2.0|leaf:Android_6_0.0|leaf:Linux_OTHER|leaf:Windows_XP
625,fam:Android,fam:Android,fam:Android|fam:Linux|fam:Windows,maj:Android_6,maj:Android_6,maj:Android_4|maj:Android_6|maj:Linux_OTHER|maj:Windows_XP,leaf:Android_6_0.0,leaf:Android_6_0.0,leaf:Android_4_2.0|leaf:Android_6_0.0|leaf:Linux_OTHER|leaf:Windows_XP
626,fam:Android,fam:Android,fam:Android|fam:Windows,maj:Android_6,maj:Android_6,maj:Android_10|maj:Android_6|maj:Android_7|maj:Android_8|maj:Android_9|maj:Windows_10|maj:Windows_8,leaf:Android_6_0.0,leaf:Android_10,leaf:Android_10|leaf:Android_6_0.0|leaf:Android_7_0.0|leaf:Android_8_0.0|leaf:Android_9|leaf:Windows_10|leaf:Windows_8_1.0
627,fam:Android,fam:Android,fam:Android|fam:Linux|fam:Windows,maj:Android_6,maj:Android_6,maj:Android_4|maj:Android_6|maj:Linux_OTHER|maj:Windows_XP,leaf:Android_6_0.0,leaf:Windows_XP,leaf:Android_4_2.0|leaf:Android_6_0.0|leaf:Linux_OTHER|leaf:Windows_XP
628,fam:Android,fam:Android,fam:Android|fam:Linux|fam:Windows|fam:macOS,maj:Android_6,maj:Android_6,maj:Android_5|maj:Android_6|maj:Android_7|maj:Android_9|maj:Linux_OTHER|maj:Windows_XP|maj:macOS_10,leaf:Android_6_0.0,leaf:Android_6_0.0,leaf:Android_5_1.0|leaf:Android_6_0.0|leaf:Android_7_1.0|leaf:Android_9|leaf:Linux_OTHER|leaf:Windows_XP|leaf:macOS_10_11.0
629,fam:Android,fam:Android,fam:Android|fam:Linux|fam:Windows,maj:Android_6,maj:Android_6,maj:Android_4|maj:Android_6|maj:Linux_OTHER|maj:Windows_XP,leaf:Android_6_0.0,leaf:Android_6_0.0,leaf:Android_4_2.0|leaf:Android_6_0.0|leaf:Linux_OTHER|leaf:Windows_XP
633,fam:Android,fam:Android,fam:Android,maj:Android_6,maj:Android_6,maj:Android_5|maj:Android_6|maj:Android_7|maj:Android_8,leaf:Android_6_0.0,leaf:Android_7_0.0,leaf:Android_5_0.0|leaf:Android_5_1.0|leaf:Android_6_0.0|leaf:Android_7_0.0|leaf:Android_8_0.0|leaf:Android_8_1.0
635,fam:Android,fam:Android,fam:Android|fam:Linux|fam:Windows,maj:Android_6,maj:Android_6,maj:Android_4|maj:Android_6|maj:Linux_OTHER|maj:Windows_XP,leaf:Android_6_0.0,leaf:Android_6_0.0,leaf:Android_4_2.0|leaf:Android_6_0.0|leaf:Linux_OTHER|leaf:Windows_XP
639,fam:Android,fam:Android,fam:Android|fam:Linux|fam:Windows,maj:Android_6,maj:Android_6,maj:Android_4|maj:Android_6|maj:Linux_OTHER|maj:Windows_XP,leaf:Android_6_0.0,leaf:Android_6_0.0,leaf:Android_4_2.0|leaf:Android_6_0.0|leaf:Linux_OTHER|leaf:Windows_XP
641,fam:Android,fam:Android,fam:Android|fam:Linux|fam:Windows,maj:Android_6,maj:Android_6,maj:Android_4|maj:Android_6|maj:Linux_OTHER|maj:Windows_XP,leaf:Android_6_0.0,leaf:Android_6_0.0,leaf:Android_4_2.0|leaf:Android_6_0.0|leaf:Linux_OTHER|leaf:Windows_XP
642,fam:Android,fam:Android,fam:Android|fam:Linux|fam:Windows,maj:Android_6,maj:Android_6,maj:Android_4|maj:Android_6|maj:Linux_OTHER|maj:Windows_XP,leaf:Android_6_0.0,leaf:Android_6_0.0,leaf:Android_4_2.0|leaf:Android_6_0.0|leaf:Linux_OTHER|leaf:Windows_XP
644,fam:Android,fam:Android,fam:Android|fam:Linux|fam:Windows,maj:Android_6,maj:Android_6,maj:Android_4|maj:Android_6|maj:Linux_OTHER|maj:Windows_XP,leaf:Android_6_0.0,leaf:Android_6_0.0,leaf:Android_4_2.0|leaf:Android_6_0.0|leaf:Linux_OTHER|leaf:Windows_XP
646,fam:Android,fam:Android,fam:Android,maj:Android_6,maj:Android_5,maj:Android_5|maj:Android_6|maj:Android_7|maj:Android_8,leaf:Android_6_0.0,leaf:Android_7_0.0,leaf:Android_5_0.0|leaf:Android_5_1.0|leaf:Android_6_0.0|leaf:Android_7_0.0|leaf:Android_8_0.0|leaf:Android_8_1.0
648,fam:Android,fam:Android,fam:Android|fam:Linux|fam:Windows,maj:Android_6,maj:Android_6,maj:Android_4|maj:Android_6|maj:Linux_OTHER|maj:Windows_XP,leaf:Android_6_0.0,leaf:Android_6_0.0,leaf:Android_4_0.0|leaf:Android_4_2.0|leaf:Android_6_0.0|leaf:Linux_OTHER|leaf:Windows_XP
651,fam:Android,fam:Android,fam:Android|fam:Linux|fam:Windows,maj:Android_6,maj:Android_6,maj:Android_4|maj:Android_6|maj:Linux_OTHER|maj:Windows_XP,leaf:Android_6_0.0,leaf:Android_6_0.0,leaf:Android_4_2.0|leaf:Android_6_0.0|leaf:Linux_OTHER|leaf:Windows_XP
656,fam:Android,fam:Android,fam:Android|fam:Linux|fam:Windows,maj:Android_6,maj:Android_6,maj:Android_4|maj:Android_6|maj:Linux_OTHER|maj:Windows_XP,leaf:Android_6_0.0,leaf:Android_6_0.0,leaf:Android_4_2.0|leaf:Android_6_0.0|leaf:Linux_OTHER|leaf:Windows_XP
658,fam:Android,fam:Android,fam:Android|fam:Linux|fam:Windows,maj:Android_6,maj:Android_6,maj:Android_4|maj:Android_6|maj:Linux_OTHER|maj:Windows_XP,leaf:Android_6_0.0,leaf:Android_6_0.0,leaf:Android_4_2.0|leaf:Android_6_0.0|leaf:Linux_OTHER|leaf:Windows_XP
660,fam:Android,fam:Android,fam:Android|fam:Linux|fam:Windows,maj:Android_6,maj:Windows_XP,maj:Android_4|maj:Android_6|maj:Linux_OTHER|maj:Windows_8|maj:Windows_XP,leaf:Android_6_0.0,leaf:Windows_XP,leaf:Android_4_0.0|leaf:Android_4_2.0|leaf:Android_6_0.0|leaf:Linux_OTHER|leaf:Windows_8_OTHER|leaf:Windows_XP
661,fam:Android,fam:Android,fam:Android|fam:Linux|fam:Windows,maj:Android_6,maj:Android_6,maj:Android_4|maj:Android_6|maj:Linux_OTHER|maj:Windows_XP,leaf:Android_6_0.0,leaf:Windows_XP,leaf:Android_4_2.0|leaf:Android_6_0.0|leaf:Linux_OTHER|leaf:Windows_XP
664,fam:Android,fam:Android,fam:Android|fam:Linux|fam:Windows,maj:Android_6,maj:Android_6,maj:Android_4|maj:Android_6|maj:Linux_OTHER|maj:Windows_XP,leaf:Android_6_0.0,leaf:Android_6_0.0,leaf:Android_4_0.0|leaf:Android_4_2.0|leaf:Android_6_0.0|leaf:Linux_OTHER|leaf:Windows_XP
665,fam:Android,fam:Android,fam:Android,maj:Android_6,maj:Android_4,maj:Android_4|maj:Android_5|maj:Android_6|maj:Android_7|maj:Android_8,leaf:Android_6_0.0,leaf:Android_7_1.0,leaf:Android_4_1.0|leaf:Android_5_1.0|leaf:Android_6_0.0|leaf:Android_7_1.0|leaf:Android_8_1.0
666,fam:Android,fam:Android,fam:Android|fam:Linux|fam:Windows,maj:Android_6,maj:Android_6,maj:Android_4|maj:Android_6|maj:Linux_OTHER|maj:Windows_XP,leaf:Android_6_0.0,leaf:Android_6_0.0,leaf:Android_4_2.0|leaf:Android_6_0.0|leaf:Linux_OTHER|leaf:Windows_XP
668,fam:Android,fam:Android,fam:Android|fam:Linux|fam:Windows,maj:Android_6,maj:Windows_XP,maj:Android_6|maj:Linux_OTHER|maj:Windows_XP,leaf:Android_6_0.0,leaf:Windows_XP,leaf:Android_6_0.0|leaf:Linux_OTHER|leaf:Windows_XP
670,fam:Android,fam:Android,fam:Android|fam:Linux|fam:Windows,maj:Android_6,maj:Android_6,maj:Android_4|maj:Android_6|maj:Linux_OTHER|maj:Windows_XP,leaf:Android_6_0.0,leaf:Android_6_0.0,leaf:Android_4_2.0|leaf:Android_6_0.0|leaf:Linux_OTHER|leaf:Windows_XP
671,fam:Android,fam:Android,fam:Android|fam:Linux|fam:Windows,maj:Android_6,maj:Android_6,maj:Android_4|maj:Android_6|maj:Linux_OTHER|maj:Windows_XP,leaf:Android_6_0.0,leaf:Android_6_0.0,leaf:Android_4_2.0|leaf:Android_6_0.0|leaf:Linux_OTHER|leaf:Windows_XP
672,fam:Android,fam:Android,fam:Android,maj:Android_6,maj:Android_10,maj:Android_10|maj:Android_7|maj:Android_8|maj:Android_9,leaf:Android_6_0.0,leaf:Android_10,leaf:Android_10|leaf:Android_7_0.0|leaf:Android_7_1.0|leaf:Android_8_0.0|leaf:Android_8_1.0|leaf:Android_9
675,fam:Android,fam:Android,fam:Android|fam:Linux|fam:Windows,maj:Android_6,maj:Android_6,maj:Android_4|maj:Android_6|maj:Linux_OTHER|maj:Windows_XP,leaf:Android_6_0.0,leaf:Android_6_0.0,leaf:Android_4_2.0|leaf:Android_6_0.0|leaf:Linux_OTHER|leaf:Windows_XP
676,fam:Android,fam:Android,fam:Android|fam:Linux|fam:Windows,maj:Android_6,maj:Android_6,maj:Android_5|maj:Android_6|maj:Linux_OTHER|maj:Windows_10|maj:Windows_8|maj:Windows_XP,leaf:Android_6_0.0,leaf:Android_6_0.0,leaf:Android_5_1.0|leaf:Android_6_0.0|leaf:Linux_OTHER|leaf:Windows_10|leaf:Windows_8_OTHER|leaf:Windows_XP
680,fam:Android,fam:Android,fam:Android,maj:Android_6,maj:Android_6,maj:Android_5|maj:Android_6|maj:Android_7|maj:Android_8,leaf:Android_6_0.0,leaf:Android_7_0.0,leaf:Android_5_1.0|leaf:Android_6_0.0|leaf:Android_7_0.0|leaf:Android_8_0.0|leaf:Android_8_1.0
681,fam:Android,fam:Android,fam:Android|fam:Linux,maj:Android_6,maj:Android_7,maj:Android_10|maj:Android_6|maj:Android_7|maj:Android_8|maj:Android_9|maj:Linux_OTHER|maj:Linux_Ubuntu,leaf:Android_6_0.0,leaf:Android_6_0.0,leaf:Android_10|leaf:Android_6_0.0|leaf:Android_7_0.0|leaf:Android_7_1.0|leaf:Android_8_0.0|leaf:Android_8_1.0|leaf:Android_9|leaf:Linux_OTHER|leaf:Linux_Ubuntu
682,fam:Android,fam:Android,fam:Android|fam:Linux|fam:Windows,maj:Android_6,maj:Android_6,maj:Android_4|maj:Android_6|maj:Linux_OTHER|maj:Windows_XP,leaf:Android_6_0.0,leaf:Android_6_0.0,leaf:Android_4_2.0|leaf:Android_6_0.0|leaf:Linux_OTHER|leaf:Windows_XP
683,fam:Android,fam:Android,fam:Android|fam:Linux|fam:Windows,maj:Android_6,maj:Android_6,maj:Android_4|maj:Android_6|maj:Linux_OTHER|maj:Windows_XP,leaf:Android_6_0.0,leaf:Android_6_0.0,leaf:Android_4_2.0|leaf:Android_6_0.0|leaf:Linux_OTHER|leaf:Windows_XP
685,fam:Android,fam:Android,fam:Android|fam:Linux|fam:Windows,maj:Android_6,maj:Android_6,maj:Android_4|maj:Android_6|maj:Linux_OTHER|maj:Windows_XP,leaf:Android_6_0.0,leaf:Android_6_0.0,leaf:Android_4_2.0|leaf:Android_6_0.0|leaf:Linux_OTHER|leaf:Windows_XP
688,fam:Android,fam:Android,fam:Android|fam:Linux|fam:Windows,maj:Android_6,maj:Android_6,maj:Android_4|maj:Android_6|maj:Linux_OTHER|maj:Windows_XP,leaf:Android_6_0.0,leaf:Android_6_0.0,leaf:Android_4_2.0|leaf:Android_6_0.0|leaf:Linux_OTHER|leaf:Windows_XP
689,fam:Android,fam:Android,fam:Android|fam:Linux|fam:Windows,maj:Android_6,maj:Android_6,maj:Android_4|maj:Android_6|maj:Linux_OTHER|maj:Windows_XP,leaf:Android_6_0.0,leaf:Android_6_0.0,leaf:Android_4_2.0|leaf:Android_6_0.0|leaf:Linux_OTHER|leaf:Windows_XP
690,fam:Android,fam:Android,fam:Android|fam:Linux|fam:Windows,maj:Android_6,maj:Android_6,maj:Android_4|maj:Android_6|maj:Linux_OTHER|maj:Windows_XP,leaf:Android_6_0.0,leaf:Windows_XP,leaf:Android_4_2.0|leaf:Android_6_0.0|leaf:Linux_OTHER|leaf:Windows_XP
691,fam:Android,fam:Android,fam:Android|fam:Windows,maj:Android_6,maj:Windows_8,maj:Android_6|maj:Windows_8|maj:Windows_XP,leaf:Android_6_0.0,leaf:Windows_XP,leaf:Android_6_0.0|leaf:Windows_8_OTHER|leaf:Windows_XP
692,fam:Android,fam:Android,fam:Android,maj:Android_6,maj:Android_9,maj:Android_10|maj:Android_7|maj:Android_8|maj:Android_9,leaf:Android_6_0.0,leaf:Android_8_0.0,leaf:Android_10|leaf:Android_7_0.0|leaf:Android_7_1.0|leaf:Android_8_0.0|leaf:Android_8_1.0|leaf:Android_9
695,fam:Android,fam:Android,fam:Android,maj:Android_6,maj:Android_7,maj:Android_5|maj:Android_6|maj:Android_7|maj:Android_8,leaf:Android_6_0.0,leaf:Android_7_0.0,leaf:Android_5_0.0|leaf:Android_5_1.0|leaf:Android_6_0.0|leaf:Android_7_0.0|leaf:Android_8_0.0|leaf:Android_8_1.0
697,fam:Android,fam:Android,fam:Android|fam:Linux|fam:Windows,maj:Android_6,maj:Android_6,maj:Android_4|maj:Android_6|maj:Linux_OTHER|maj:Windows_XP,leaf:Android_6_0.0,leaf:Android_6_0.0,leaf:Android_4_2.0|leaf:Android_6_0.0|leaf:Linux_OTHER|leaf:Windows_XP
699,fam:Android,fam:Android,fam:Android|fam:Linux|fam:Windows,maj:Android_6,maj:Windows_8,maj:Android_6|maj:Linux_OTHER|maj:Windows_8|maj:Windows_XP,leaf:Android_6_0.0,leaf:Windows_8_OTHER,leaf:Android_6_0.0|leaf:Linux_OTHER|leaf:Windows_8_OTHER|leaf:Windows_XP
702,fam:Android,fam:Android,fam:Android,maj:Android_6,maj:Android_6,maj:Android_5|maj:Android_6|maj:Android_7|maj:Android_8,leaf:Android_6_0.0,leaf:Android_7_0.0,leaf:Android_5_1.0|leaf:Android_6_0.0|leaf:Android_7_0.0|leaf:Android_8_0.0|leaf:Android_8_1.0
703,fam:Android,fam:Android,fam:Android|fam:Linux|fam:Windows,maj:Android_6,maj:Windows_XP,maj:Android_4|maj:Android_6|maj:Linux_OTHER|maj:Windows_XP,leaf:Android_6_0.0,leaf:Windows_XP,leaf:Android_4_2.0|leaf:Android_6_0.0|leaf:Linux_OTHER|leaf:Windows_XP
705,fam:Android,fam:Android,fam:Android|fam:Linux|fam:Windows,maj:Android_6,maj:Android_6,maj:Android_4|maj:Android_6|maj:Linux_OTHER|maj:Windows_XP,leaf:Android_6_0.0,leaf:Android_6_0.0,leaf:Android_4_2.0|leaf:Android_6_0.0|leaf:Linux_OTHER|leaf:Windows_XP
706,fam:Android,fam:Android,fam:Android|fam:Linux|fam:Windows,maj:Android_6,maj:Android_6,maj:Android_4|maj:Android_6|maj:Linux_OTHER|maj:Windows_XP,leaf:Android_6_0.0,leaf:Android_6_0.0,leaf:Android_4_2.0|leaf:Android_6_0.0|leaf:Linux_OTHER|leaf:Windows_XP
707,fam:Android,fam:Android,fam:Android,maj:Android_6,maj:Android_5,maj:Android_5|maj:Android_6|maj:Android_7|maj:Android_8,leaf:Android_6_0.0,leaf:Android_5_1.0,leaf:Android_5_1.0|leaf:Android_6_0.0|leaf:Android_7_0.0|leaf:Android_7_1.0|leaf:Android_8_0.0|leaf:Android_8_1.0
708,fam:Android,fam:Android,fam:Android|fam:Linux|fam:Windows,maj:Android_6,maj:Android_6,maj:Android_4|maj:Android_6|maj:Linux_OTHER|maj:Windows_XP,leaf:Android_6_0.0,leaf:Android_6_0.0,leaf:Android_4_2.0|leaf:Android_6_0.0|leaf:Linux_OTHER|leaf:Windows_XP
709,fam:Android,fam:Android,fam:Android|fam:Linux|fam:Windows,maj:Android_6,maj:Android_6,maj:Android_4|maj:Android_6|maj:Linux_OTHER|maj:Windows_XP,leaf:Android_6_0.0,leaf:Android_6_0.0,leaf:Android_4_2.0|leaf:Android_6_0.0|leaf:Linux_OTHER|leaf:Windows_XP
712,fam:Android,fam:Android,fam:Android|fam:Linux|fam:Windows,maj:Android_6,maj:Android_6,maj:Android_4|maj:Android_6|maj:Linux_OTHER|maj:Windows_XP,leaf:Android_6_0.0,leaf:Android_6_0.0,leaf:Android_4_2.0|leaf:Android_6_0.0|leaf:Linux_OTHER|leaf:Windows_XP
713,fam:Android,fam:Android,fam:Android|fam:Linux|fam:Windows,maj:Android_6,maj:Android_6,maj:Android_4|maj:Android_6|maj:Linux_OTHER|maj:Windows_XP,leaf:Android_6_0.0,leaf:Android_6_0.0,leaf:Android_4_2.0|leaf:Android_6_0.0|leaf:Linux_OTHER|leaf:Windows_XP
719,fam:Android,fam:Android,fam:Android|fam:Linux|fam:Windows,maj:Android_6,maj:Android_6,maj:Android_4|maj:Android_6|maj:Linux_OTHER|maj:Windows_XP,leaf:Android_6_0.0,leaf:Android_6_0.0,leaf:Android_4_2.0|leaf:Android_6_0.0|leaf:Linux_OTHER|leaf:Windows_XP
720,fam:Android,fam:Android,fam:Android|fam:Linux|fam:Windows,maj:Android_6,maj:Android_6,maj:Android_4|maj:Android_6|maj:Linux_OTHER|maj:Windows_XP,leaf:Android_6_0.0,leaf:Android_6_0.0,leaf:Android_4_2.0|leaf:Android_6_0.0|leaf:Linux_OTHER|leaf:Windows_XP
725,fam:Android,fam:Android,fam:Android,maj:Android_6,maj:Android_6,maj:Android_5|maj:Android_6|maj:Android_7|maj:Android_8,leaf:Android_6_0.0,leaf:Android_7_0.0,leaf:Android_5_0.0|leaf:Android_5_1.0|leaf:Android_6_0.0|leaf:Android_7_0.0|leaf:Android_8_0.0|leaf:Android_8_1.0
726,fam:Android,fam:Android,fam:Android|fam:Linux|fam:Windows,maj:Android_6,maj:Android_6,maj:Android_4|maj:Android_6|maj:Linux_OTHER|maj:Windows_XP,leaf:Android_6_0.0,leaf:Android_6_0.0,leaf:Android_4_2.0|leaf:Android_6_0.0|leaf:Linux_OTHER|leaf:Windows_XP
728,fam:Android,fam:Android,fam:Android|fam:Linux,maj:Android_6,maj:Android_6,maj:Android_5|maj:Android_6|maj:Android_8|maj:Android_9|maj:Linux_OTHER,leaf:Android_6_0.0,leaf:Android_6_0.0,leaf:Android_5_1.0|leaf:Android_6_0.0|leaf:Android_8_1.0|leaf:Android_9|leaf:Linux_OTHER
730,fam:Android,fam:Android,fam:Android|fam:Linux|fam:Windows,maj:Android_6,maj:Android_6,maj:Android_4|maj:Android_6|maj:Linux_OTHER|maj:Windows_XP,leaf:Android_6_0.0,leaf:Windows_XP,leaf:Android_4_2.0|leaf:Android_6_0.0|leaf:Linux_OTHER|leaf:Windows_XP
731,fam:Android,fam:Linux,fam:Android|fam:Linux,maj:Android_6,maj:Android_6,maj:Android_5|maj:Android_6|maj:Android_7|maj:Linux_OTHER,leaf:Android_6_0.0,leaf:Android_5_0.0,leaf:Android_5_0.0|leaf:Android_5_1.0|leaf:Android_6_0.0|leaf:Android_7_0.0|leaf:Linux_OTHER
734,fam:Android,fam:Android,fam:Android|fam:Linux|fam:Windows,maj:Android_6,maj:Android_6,maj:Android_4|maj:Android_6|maj:Linux_OTHER|maj:Windows_XP,leaf:Android_6_0.0,leaf:Android_6_0.0,leaf:Android_4_2.0|leaf:Android_6_0.0|leaf:Linux_OTHER|leaf:Windows_XP
737,fam:Android,fam:Android,fam:Android|fam:Linux|fam:Windows,maj:Android_6,maj:Android_6,maj:Android_4|maj:Android_6|maj:Linux_OTHER|maj:Windows_XP,leaf:Android_6_0.0,leaf:Android_6_0.0,leaf:Android_4_2.0|leaf:Android_6_0.0|leaf:Linux_OTHER|leaf:Windows_XP
740,fam:Android,fam:Android,fam:Android|fam:Linux|fam:Windows,maj:Android_6,maj:Android_6,maj:Android_4|maj:Android_6|maj:Linux_OTHER|maj:Windows_XP,leaf:Android_6_0.0,leaf:Windows_XP,leaf:Android_4_2.0|leaf:Android_6_0.0|leaf:Linux_OTHER|leaf:Windows_XP
741,fam:Android,fam:Android,fam:Android|fam:Linux|fam:Windows,maj:Android_6,maj:Android_6,maj:Android_4|maj:Android_6|maj:Linux_OTHER|maj:Windows_XP,leaf:Android_6_0.0,leaf:Android_6_0.0,leaf:Android_4_0.0|leaf:Android_4_2.0|leaf:Android_6_0.0|leaf:Linux_OTHER|leaf:Windows_XP
743,fam:Android,fam:Android,fam:Android|fam:Linux|fam:Windows,maj:Android_6,maj:Android_6,maj:Android_4|maj:Android_6|maj:Linux_OTHER|maj:Windows_XP,leaf:Android_6_0.0,leaf:Android_6_0.0,leaf:Android_4_2.0|leaf:Android_6_0.0|leaf:Linux_OTHER|leaf:Windows_XP
745,fam:Android,fam:Android,fam:Android|fam:Linux|fam:Windows,maj:Android_6,maj:Android_6,maj:Android_4|maj:Android_6|maj:Linux_OTHER|maj:Windows_XP,leaf:Android_6_0.0,leaf:Windows_XP,leaf:Android_4_2.0|leaf:Android_6_0.0|leaf:Linux_OTHER|leaf:Windows_XP
747,fam:Android,fam:Android,fam:Android|fam:Windows,maj:Android_6,maj:Android_10,maj:Android_10|maj:Android_6|maj:Android_9|maj:Windows_10|maj:Windows_8,leaf:Android_6_0.0,leaf:Android_9,leaf:Android_10|leaf:Android_6_0.0|leaf:Android_9|leaf:Windows_10|leaf:Windows_8_1.0
748,fam:Android,fam:Android,fam:Android|fam:Linux|fam:Windows,maj:Android_6,maj:Android_6,maj:Android_4|maj:Android_6|maj:Linux_OTHER|maj:Windows_XP,leaf:Android_6_0.0,leaf:Android_6_0.0,leaf:Android_4_2.0|leaf:Android_6_0.0|leaf:Linux_OTHER|leaf:Windows_XP
749,fam:Android,fam:Android,fam:Android|fam:Linux|fam:Windows,maj:Android_6,maj:Android_6,maj:Android_4|maj:Android_6|maj:Linux_OTHER|maj:Windows_XP,leaf:Android_6_0.0,leaf:Android_6_0.0,leaf:Android_4_0.0|leaf:Android_4_2.0|leaf:Android_6_0.0|leaf:Linux_OTHER|leaf:Windows_XP
752,fam:Android,fam:Android,fam:Android|fam:Linux|fam:Windows,maj:Android_6,maj:Android_6,maj:Android_4|maj:Android_6|maj:Linux_OTHER|maj:Windows_8|maj:Windows_XP,leaf:Android_6_0.0,leaf:Windows_XP,leaf:Android_4_2.0|leaf:Android_6_0.0|leaf:Linux_OTHER|leaf:Windows_8_OTHER|leaf:Windows_XP
754,fam:Android,fam:Android,fam:Android|fam:Linux|fam:Windows,maj:Android_6,maj:Android_6,maj:Android_4|maj:Android_6|maj:Linux_OTHER|maj:Windows_XP,leaf:Android_6_0.0,leaf:Android_6_0.0,leaf:Android_4_2.0|leaf:Android_6_0.0|leaf:Linux_OTHER|leaf:Windows_XP
757,fam:Android,fam:Android,fam:Android|fam:Linux|fam:Windows,maj:Android_6,maj:Android_6,maj:Android_4|maj:Android_6|maj:Linux_OTHER|maj:Windows_XP,leaf:Android_6_0.0,leaf:Android_6_0.0,leaf:Android_4_2.0|leaf:Android_6_0.0|leaf:Linux_OTHER|leaf:Windows_XP
760,fam:Android,fam:Android,fam:Android|fam:Linux|fam:Windows,maj:Android_6,maj:Windows_XP,maj:Android_4|maj:Android_6|maj:Linux_OTHER|maj:Windows_8|maj:Windows_XP,leaf:Android_6_0.0,leaf:Windows_XP,leaf:Android_4_0.0|leaf:Android_4_2.0|leaf:Android_6_0.0|leaf:Linux_OTHER|leaf:Windows_8_OTHER|leaf:Windows_XP
761,fam:Android,fam:Android,fam:Android|fam:Linux|fam:Windows,maj:Android_6,maj:Android_6,maj:Android_4|maj:Android_6|maj:Linux_OTHER|maj:Windows_XP,leaf:Android_6_0.0,leaf:Android_6_0.0,leaf:Android_4_2.0|leaf:Android_6_0.0|leaf:Linux_OTHER|leaf:Windows_XP
762,fam:Android,fam:Android,fam:Android|fam:Linux|fam:Windows,maj:Android_6,maj:Android_6,maj:Android_4|maj:Android_6|maj:Linux_OTHER|maj:Windows_XP,leaf:Android_6_0.0,leaf:Android_6_0.0,leaf:Android_4_0.0|leaf:Android_4_2.0|leaf:Android_6_0.0|leaf:Linux_OTHER|leaf:Windows_XP
765,fam:Android,fam:Android,fam:Android|fam:Linux|fam:Windows,maj:Android_6,maj:Android_6,maj:Android_4|maj:Android_6|maj:Linux_OTHER|maj:Windows_XP,leaf:Android_6_0.0,leaf:Android_6_0.0,leaf:Android_4_2.0|leaf:Android_6_0.0|leaf:Linux_OTHER|leaf:Windows_XP
766,fam:Android,fam:Android,fam:Android|fam:Linux|fam:Windows,maj:Android_6,maj:Android_6,maj:Android_4|maj:Android_6|maj:Linux_OTHER|maj:Windows_XP,leaf:Android_6_0.0,leaf:Android_6_0.0,leaf:Android_4_2.0|leaf:Android_6_0.0|leaf:Linux_OTHER|leaf:Windows_XP
768,fam:Android,fam:Android,fam:Android|fam:Linux|fam:Windows,maj:Android_6,maj:Android_6,maj:Android_4|maj:Android_6|maj:Linux_OTHER|maj:Windows_XP,leaf:Android_6_0.0,leaf:Android_6_0.0,leaf:Android_4_2.0|leaf:Android_6_0.0|leaf:Linux_OTHER|leaf:Windows_XP
769,fam:Android,fam:Android,fam:Android|fam:Linux|fam:Windows,maj:Android_6,maj:Android_6,maj:Android_4|maj:Android_6|maj:Linux_OTHER|maj:Windows_XP,leaf:Android_6_0.0,leaf:Android_6_0.0,leaf:Android_4_2.0|leaf:Android_6_0.0|leaf:Linux_OTHER|leaf:Windows_XP
770,fam:Android,fam:Android,fam:Android|fam:Linux|fam:Windows,maj:Android_6,maj:Android_6,maj:Android_4|maj:Android_6|maj:Linux_OTHER|maj:Windows_XP,leaf:Android_6_0.0,leaf:Windows_XP,leaf:Android_4_2.0|leaf:Android_6_0.0|leaf:Linux_OTHER|leaf:Windows_XP
771,fam:Android,fam:Android,fam:Android|fam:Linux|fam:Windows,maj:Android_6,maj:Android_6,maj:Android_4|maj:Android_6|maj:Linux_OTHER|maj:Windows_XP,leaf:Android_6_0.0,leaf:Android_6_0.0,leaf:Android_4_0.0|leaf:Android_4_2.0|leaf:Android_6_0.0|leaf:Linux_OTHER|leaf:Windows_XP
772,fam:Android,fam:Android,fam:Android|fam:Linux|fam:Windows,maj:Android_6,maj:Android_6,maj:Android_4|maj:Android_6|maj:Linux_OTHER|maj:Windows_XP,leaf:Android_6_0.0,leaf:Android_6_0.0,leaf:Android_4_2.0|leaf:Android_6_0.0|leaf:Linux_OTHER|leaf:Windows_XP
773,fam:Android,fam:Android,fam:Android|fam:Linux|fam:Windows,maj:Android_6,maj:Android_6,maj:Android_4|maj:Android_6|maj:Linux_OTHER|maj:Windows_XP,leaf:Android_6_0.0,leaf:Android_6_0.0,leaf:Android_4_2.0|leaf:Android_6_0.0|leaf:Linux_OTHER|leaf:Windows_XP
774,fam:Android,fam:Android,fam:Android|fam:Linux|fam:Windows,maj:Android_6,maj:Android_6,maj:Android_4|maj:Android_6|maj:Linux_OTHER|maj:Windows_XP,leaf:Android_6_0.0,leaf:Android_6_0.0,leaf:Android_4_2.0|leaf:Android_6_0.0|leaf:Linux_OTHER|leaf:Windows_XP
777,fam:Android,fam:Android,fam:Android|fam:Linux|fam:Windows,maj:Android_6,maj:Android_6,maj:Android_4|maj:Android_6|maj:Linux_OTHER|maj:Windows_XP,leaf:Android_6_0.0,leaf:Android_6_0.0,leaf:Android_4_2.0|leaf:Android_6_0.0|leaf:Linux_OTHER|leaf:Windows_XP
778,fam:Android,fam:Android,fam:Android|fam:Windows|fam:macOS,maj:Android_6,maj:Android_6,maj:Android_6|maj:Windows_10|maj:Windows_7|maj:Windows_8|maj:Windows_XP|maj:macOS_10,leaf:Android_6_0.0,leaf:Android_6_0.0,leaf:Android_6_0.0|leaf:Windows_10|leaf:Windows_7|leaf:Windows_8_1.0|leaf:Windows_8_OTHER|leaf:Windows_XP|leaf:macOS_10_11.0
779,fam:Android,fam:Android,fam:Android|fam:Linux|fam:Windows,maj:Android_6,maj:Android_6,maj:Android_4|maj:Android_6|maj:Linux_OTHER|maj:Windows_XP,leaf:Android_6_0.0,leaf:Android_6_0.0,leaf:Android_4_2.0|leaf:Android_6_0.0|leaf:Linux_OTHER|leaf:Windows_XP
781,fam:Android,fam:Android,fam:Android|fam:Linux|fam:Windows,maj:Android_6,maj:Android_6,maj:Android_4|maj:Android_6|maj:Linux_OTHER|maj:Windows_XP,leaf:Android_6_0.0,leaf:Android_6_0.0,leaf:Android_4_2.0|leaf:Android_6_0.0|leaf:Linux_OTHER|leaf:Windows_XP
784,fam:Android,fam:Android,fam:Android|fam:Linux|fam:Windows,maj:Android_6,maj:Android_6,maj:Android_4|maj:Android_6|maj:Linux_OTHER|maj:Windows_XP,leaf:Android_6_0.0,leaf:Android_6_0.0,leaf:Android_4_2.0|leaf:Android_6_0.0|leaf:Linux_OTHER|leaf:Windows_XP
785,fam:Android,fam:Android,fam:Android,maj:Android_6,maj:Android_5,maj:Android_5|maj:Android_6|maj:Android_7,leaf:Android_6_0.0,leaf:Android_5_1.0,leaf:Android_5_0.0|leaf:Android_5_1.0|leaf:Android_6_0.0|leaf:Android_7_0.0
788,fam:Android,fam:Android,fam:Android,maj:Android_6,maj:Android_10,maj:Android_10|maj:Android_7|maj:Android_8|maj:Android_9,leaf:Android_6_0.0,leaf:Android_8_0.0,leaf:Android_10|leaf:Android_7_0.0|leaf:Android_7_1.0|leaf:Android_8_0.0|leaf:Android_8_1.0|leaf:Android_9
789,fam:Android,fam:Android,fam:Android|fam:Linux|fam:Windows,maj:Android_6,maj:Android_6,maj:Android_6|maj:Android_8|maj:Android_9|maj:Linux_OTHER|maj:Windows_XP,leaf:Android_6_0.0,leaf:Android_6_0.0,leaf:Android_6_0.0|leaf:Android_8_1.0|leaf:Android_9|leaf:Linux_OTHER|leaf:Windows_XP
790,fam:Android,fam:Android,fam:Android|fam:Linux|fam:Windows|fam:macOS,maj:Android_6,maj:Android_6,maj:Android_5|maj:Android_6|maj:Android_7|maj:Linux_OTHER|maj:Windows_XP|maj:macOS_10,leaf:Android_6_0.0,leaf:Android_6_0.0,leaf:Android_5_1.0|leaf:Android_6_0.0|leaf:Android_7_1.0|leaf:Linux_OTHER|leaf:Windows_XP|leaf:macOS_10_11.0
791,fam:Android,fam:Android,fam:Android|fam:Linux|fam:Windows,maj:Android_6,maj:Android_6,maj:Android_4|maj:Android_6|maj:Linux_OTHER|maj:Windows_XP,leaf:Android_6_0.0,leaf:Windows_XP,leaf:Android_4_2.0|leaf:Android_6_0.0|leaf:Linux_OTHER|leaf:Windows_XP
792,fam:Android,fam:Android,fam:Android,maj:Android_6,maj:Android_9,maj:Android_10|maj:Android_7|maj:Android_8|maj:Android_9,leaf:Android_6_0.0,leaf:Android_8_0.0,leaf:Android_10|leaf:Android_7_0.0|leaf:Android_7_1.0|leaf:Android_8_0.0|leaf:Android_8_1.0|leaf:Android_9
794,fam:Android,fam:Android,fam:Android,maj:Android_6,maj:Android_6,maj:Android_5|maj:Android_6|maj:Android_7|maj:Android_8,leaf:Android_6_0.0,leaf:Android_7_0.0,leaf:Android_5_0.0|leaf:Android_5_1.0|leaf:Android_6_0.0|leaf:Android_7_0.0|leaf:Android_8_0.0
796,fam:Android,fam:Android,fam:Android|fam:Linux|fam:Windows,maj:Android_6,maj:Windows_XP,maj:Android_6|maj:Linux_OTHER|maj:Windows_XP,leaf:Android_6_0.0,leaf:Windows_XP,leaf:Android_6_0.0|leaf:Linux_OTHER|leaf:Windows_XP
797,fam:Android,fam:Android,fam:Android|fam:Linux|fam:Windows,maj:Android_6,maj:Android_6,maj:Android_4|maj:Android_6|maj:Linux_OTHER|maj:Windows_XP,leaf:Android_6_0.0,leaf:Android_6_0.0,leaf:Android_4_2.0|leaf:Android_6_0.0|leaf:Linux_OTHER|leaf:Windows_XP
802,fam:Android,fam:Android,fam:Android|fam:Linux|fam:Windows,maj:Android_6,maj:Android_6,maj:Android_4|maj:Android_6|maj:Linux_OTHER|maj:Windows_XP,leaf:Android_6_0.0,leaf:Android_6_0.0,leaf:Android_4_2.0|leaf:Android_6_0.0|leaf:Linux_OTHER|leaf:Windows_XP
803,fam:Android,fam:Android,fam:Android|fam:Linux|fam:Windows,maj:Android_6,maj:Android_6,maj:Android_4|maj:Android_6|maj:Linux_OTHER|maj:Windows_XP,leaf:Android_6_0.0,leaf:Android_6_0.0,leaf:Android_4_2.0|leaf:Android_6_0.0|leaf:Linux_OTHER|leaf:Windows_XP
804,fam:Android,fam:Android,fam:Android|fam:Linux|fam:Windows,maj:Android_6,maj:Android_6,maj:Android_4|maj:Android_6|maj:Linux_OTHER|maj:Windows_XP,leaf:Android_6_0.0,leaf:Android_6_0.0,leaf:Android_4_2.0|leaf:Android_6_0.0|leaf:Linux_OTHER|leaf:Windows_XP
805,fam:Android,fam:Android,fam:Android,maj:Android_6,maj:Android_6,maj:Android_6|maj:Android_7,leaf:Android_6_0.0,leaf:Android_6_0.0,leaf:Android_6_0.0|leaf:Android_7_0.0
806,fam:Android,fam:Android,fam:Android|fam:Linux|fam:Windows,maj:Android_6,maj:Android_6,maj:Android_4|maj:Android_6|maj:Linux_OTHER|maj:Windows_XP,leaf:Android_6_0.0,leaf:Android_6_0.0,leaf:Android_4_2.0|leaf:Android_6_0.0|leaf:Linux_OTHER|leaf:Windows_XP
811,fam:Android,fam:Android,fam:Android|fam:Linux|fam:Windows,maj:Android_6,maj:Android_6,maj:Android_4|maj:Android_6|maj:Linux_OTHER|maj:Windows_XP,leaf:Android_6_0.0,leaf:Windows_XP,leaf:Android_4_2.0|leaf:Android_6_0.0|leaf:Linux_OTHER|leaf:Windows_XP
815,fam:Android,fam:Android,fam:Android,maj:Android_6,maj:Android_7,maj:Android_5|maj:Android_6|maj:Android_7|maj:Android_8,leaf:Android_6_0.0,leaf:Android_7_0.0,leaf:Android_5_1.0|leaf:Android_6_0.0|leaf:Android_7_0.0|leaf:Android_8_0.0|leaf:Android_8_1.0
816,fam:Android,fam:Android,fam:Android|fam:Linux|fam:Windows,maj:Android_6,maj:Android_6,maj:Android_4|maj:Android_6|maj:Linux_OTHER|maj:Windows_XP,leaf:Android_6_0.0,leaf:Android_6_0.0,leaf:Android_4_2.0|leaf:Android_6_0.0|leaf:Linux_OTHER|leaf:Windows_XP
818,fam:Android,fam:Android,fam:Android|fam:Linux|fam:Windows,maj:Android_6,maj:Android_6,maj:Android_4|maj:Android_6|maj:Linux_OTHER|maj:Windows_XP,leaf:Android_6_0.0,leaf:Windows_XP,leaf:Android_4_2.0|leaf:Android_6_0.0|leaf:Linux_OTHER|leaf:Windows_XP
821,fam:Android,fam:Android,fam:Android,maj:Android_6,maj:Android_5,maj:Android_5|maj:Android_6|maj:Android_7,leaf:Android_6_0.0,leaf:Android_5_1.0,leaf:Android_5_1.0|leaf:Android_6_0.0|leaf:Android_7_0.0|leaf:Android_7_1.0
822,fam:Android,fam:Android,fam:Android|fam:Linux|fam:Windows,maj:Android_6,maj:Android_6,maj:Android_4|maj:Android_6|maj:Linux_OTHER|maj:Windows_XP,leaf:Android_6_0.0,leaf:Android_6_0.0,leaf:Android_4_2.0|leaf:Android_6_0.0|leaf:Linux_OTHER|leaf:Windows_XP
823,fam:Android,fam:Android,fam:Android|fam:Linux|fam:Windows,maj:Android_6,maj:Android_6,maj:Android_4|maj:Android_6|maj:Linux_OTHER|maj:Windows_XP,leaf:Android_6_0.0,leaf:Android_6_0.0,leaf:Android_4_2.0|leaf:Android_6_0.0|leaf:Linux_OTHER|leaf:Windows_XP
827,fam:Android,fam:Android,fam:Android,maj:Android_6,maj:Android_7,maj:Android_10|maj:Android_5|maj:Android_6|maj:Android_7|maj:Android_8|maj:Android_9,leaf:Android_6_0.0,leaf:Android_7_1.0,leaf:Android_10|leaf:Android_5_1.0|leaf:Android_6_0.0|leaf:Android_7_0.0|leaf:Android_7_1.0|leaf:Android_8_0.0|leaf:Android_9
831,fam:Android,fam:Android,fam:Android|fam:Linux|fam:Windows,maj:Android_6,maj:Android_6,maj:Android_4|maj:Android_6|maj:Linux_OTHER|maj:Windows_XP,leaf:Android_6_0.0,leaf:Windows_XP,leaf:Android_4_2.0|leaf:Android_6_0.0|leaf:Linux_OTHER|leaf:Windows_XP
834,fam:Android,fam:Android,fam:Android|fam:Windows,maj:Android_6,maj:Android_6,maj:Android_5|maj:Android_6|maj:Android_7|maj:Android_9|maj:Windows_XP,leaf:Android_6_0.0,leaf:Android_6_0.0,leaf:Android_5_1.0|leaf:Android_6_0.0|leaf:Android_7_1.0|leaf:Android_9|leaf:Windows_XP
836,fam:Android,fam:Android,fam:Android|fam:Windows,maj:Android_6,maj:Android_6,maj:Android_5|maj:Android_6|maj:Android_7|maj:Android_9|maj:Windows_XP,leaf:Android_6_0.0,leaf:Android_6_0.0,leaf:Android_5_1.0|leaf:Android_6_0.0|leaf:Android_7_1.0|leaf:Android_9|leaf:Windows_XP
838,fam:Android,fam:Android,fam:Android|fam:Linux|fam:Windows,maj:Android_6,maj:Android_6,maj:Android_4|maj:Android_6|maj:Linux_OTHER|maj:Windows_XP,leaf:Android_6_0.0,leaf:Android_6_0.0,leaf:Android_4_2.0|leaf:Android_6_0.0|leaf:Linux_OTHER|leaf:Windows_XP
839,fam:Android,fam:Android,fam:Android,maj:Android_6,maj:Android_6,maj:Android_5|maj:Android_6|maj:Android_7,leaf:Android_6_0.0,leaf:Android_6_0.0,leaf:Android_5_0.0|leaf:Android_6_0.0|leaf:Android_7_0.0
840,fam:Android,fam:Android,fam:Android|fam:Linux|fam:Windows,maj:Android_6,maj:Android_6,maj:Android_4|maj:Android_6|maj:Linux_OTHER|maj:Windows_XP,leaf:Android_6_0.0,leaf:Android_6_0.0,leaf:Android_4_2.0|leaf:Android_6_0.0|leaf:Linux_OTHER|leaf:Windows_XP
842,fam:Android,fam:Android,fam:Android|fam:Linux|fam:Windows,maj:Android_6,maj:Android_6,maj:Android_4|maj:Android_6|maj:Linux_OTHER|maj:Windows_XP,leaf:Android_6_0.0,leaf:Android_6_0.0,leaf:Android_4_2.0|leaf:Android_6_0.0|leaf:Linux_OTHER|leaf:Windows_XP
845,fam:Android,fam:Android,fam:Android,maj:Android_6,maj:Android_6,maj:Android_5|maj:Android_6|maj:Android_7|maj:Android_8,leaf:Android_6_0.0,leaf:Android_7_0.0,leaf:Android_5_0.0|leaf:Android_5_1.0|leaf:Android_6_0.0|leaf:Android_7_0.0|leaf:Android_8_0.0|leaf:Android_8_1.0
846,fam:Android,fam:Android,fam:Android|fam:Linux|fam:Windows,maj:Android_6,maj:Android_6,maj:Android_4|maj:Android_6|maj:Linux_OTHER|maj:Windows_XP,leaf:Android_6_0.0,leaf:Windows_XP,leaf:Android_4_2.0|leaf:Android_6_0.0|leaf:Linux_OTHER|leaf:Windows_XP
848,fam:Android,fam:Android,fam:Android|fam:Linux|fam:Windows,maj:Android_6,maj:Android_6,maj:Android_4|maj:Android_6|maj:Linux_OTHER|maj:Windows_XP,leaf:Android_6_0.0,leaf:Android_6_0.0,leaf:Android_4_2.0|leaf:Android_6_0.0|leaf:Linux_OTHER|leaf:Windows_XP
849,fam:Android,fam:Android,fam:Android|fam:Linux|fam:Windows,maj:Android_6,maj:Android_6,maj:Android_4|maj:Android_6|maj:Linux_OTHER|maj:Windows_XP,leaf:Android_6_0.0,leaf:Android_6_0.0,leaf:Android_4_2.0|leaf:Android_6_0.0|leaf:Linux_OTHER|leaf:Windows_XP
850,fam:Android,fam:Android,fam:Android|fam:Linux|fam:Windows,maj:Android_6,maj:Android_6,maj:Android_4|maj:Android_6|maj:Linux_OTHER|maj:Windows_XP,leaf:Android_6_0.0,leaf:Windows_XP,leaf:Android_4_2.0|leaf:Android_6_0.0|leaf:Linux_OTHER|leaf:Windows_XP
854,fam:Android,fam:Android,fam:Android|fam:Linux|fam:Windows,maj:Android_6,maj:Android_6,maj:Android_4|maj:Android_6|maj:Linux_OTHER|maj:Windows_XP,leaf:Android_6_0.0,leaf:Android_6_0.0,leaf:Android_4_2.0|leaf:Android_6_0.0|leaf:Linux_OTHER|leaf:Windows_XP
857,fam:Android,fam:Android,fam:Android|fam:Linux|fam:Windows,maj:Android_6,maj:Android_6,maj:Android_4|maj:Android_6|maj:Linux_OTHER|maj:Windows_XP,leaf:Android_6_0.0,leaf:Android_6_0.0,leaf:Android_4_2.0|leaf:Android_6_0.0|leaf:Linux_OTHER|leaf:Windows_XP
859,fam:Android,fam:Android,fam:Android|fam:Linux|fam:Windows,maj:Android_6,maj:Android_6,maj:Android_4|maj:Android_6|maj:Linux_OTHER|maj:Windows_XP,leaf:Android_6_0.0,leaf:Android_6_0.0,leaf:Android_4_2.0|leaf:Android_6_0.0|leaf:Linux_OTHER|leaf:Windows_XP
860,fam:Android,fam:Android,fam:Android|fam:Linux|fam:Windows,maj:Android_6,maj:Android_6,maj:Android_4|maj:Android_6|maj:Linux_OTHER|maj:Windows_XP,leaf:Android_6_0.0,leaf:Android_6_0.0,leaf:Android_4_0.0|leaf:Android_4_2.0|leaf:Android_6_0.0|leaf:Linux_OTHER|leaf:Windows_XP
861,fam:Android,fam:Android,fam:Android,maj:Android_6,maj:Android_5,maj:Android_4|maj:Android_5|maj:Android_6|maj:Android_7,leaf:Android_6_0.0,leaf:Android_5_1.0,leaf:Android_4_4.0|leaf:Android_5_1.0|leaf:Android_6_0.0|leaf:Android_7_0.0|leaf:Android_7_1.0
863,fam:Android,fam:Android,fam:Android|fam:Linux|fam:Windows,maj:Android_6,maj:Android_6,maj:Android_4|maj:Android_6|maj:Linux_OTHER|maj:Windows_XP,leaf:Android_6_0.0,leaf:Android_6_0.0,leaf:Android_4_2.0|leaf:Android_6_0.0|leaf:Linux_OTHER|leaf:Windows_XP
865,fam:Android,fam:Android,fam:Android|fam:Linux|fam:Windows,maj:Android_6,maj:Android_6,maj:Android_4|maj:Android_6|maj:Linux_OTHER|maj:Windows_XP,leaf:Android_6_0.0,leaf:Android_6_0.0,leaf:Android_4_2.0|leaf:Android_6_0.0|leaf:Linux_OTHER|leaf:Windows_XP
866,fam:Android,fam:Android,fam:Android|fam:Linux|fam:Windows|fam:macOS,maj:Android_6,maj:Android_6,maj:Android_5|maj:Android_6|maj:Android_7|maj:Android_9|maj:Linux_OTHER|maj:Windows_XP|maj:macOS_10,leaf:Android_6_0.0,leaf:Android_6_0.0,leaf:Android_5_1.0|leaf:Android_6_0.0|leaf:Android_7_0.0|leaf:Android_7_1.0|leaf:Android_9|leaf:Linux_OTHER|leaf:Windows_XP|leaf:macOS_10_11.0
867,fam:Android,fam:Android,fam:Android,maj:Android_6,maj:Android_7,maj:Android_5|maj:Android_6|maj:Android_7|maj:Android_8,leaf:Android_6_0.0,leaf:Android_7_0.0,leaf:Android_5_1.0|leaf:Android_6_0.0|leaf:Android_7_0.0|leaf:Android_8_0.0
870,fam:Android,fam:Android,fam:Android|fam:Linux|fam:Windows,maj:Android_6,maj:Android_6,maj:Android_4|maj:Android_6|maj:Linux_OTHER|maj:Windows_XP,leaf:Android_6_0.0,leaf:Android_6_0.0,leaf:Android_4_2.0|leaf:Android_6_0.0|leaf:Linux_OTHER|leaf:Windows_XP
875,fam:Android,fam:Android,fam:Android,maj:Android_6,maj:Android_5,maj:Android_5|maj:Android_6|maj:Android_7|maj:Android_8,leaf:Android_6_0.0,leaf:Android_7_0.0,leaf:Android_5_0.0|leaf:Android_5_1.0|leaf:Android_6_0.0|leaf:Android_7_0.0|leaf:Android_8_0.0|leaf:Android_8_1.0
878,fam:Android,fam:Android,fam:Android|fam:Linux|fam:Windows,maj:Android_6,maj:Android_6,maj:Android_4|maj:Android_6|maj:Linux_OTHER|maj:Windows_XP,leaf:Android_6_0.0,leaf:Windows_XP,leaf:Android_4_2.0|leaf:Android_6_0.0|leaf:Linux_OTHER|leaf:Windows_XP
879,fam:Android,fam:Android,fam:Android|fam:Linux|fam:Windows,maj:Android_6,maj:Android_6,maj:Android_4|maj:Android_6|maj:Linux_OTHER|maj:Windows_XP,leaf:Android_6_0.0,leaf:Android_6_0.0,leaf:Android_4_2.0|leaf:Android_6_0.0|leaf:Linux_OTHER|leaf:Windows_XP
881,fam:Android,fam:Android,fam:Android|fam:Linux|fam:Windows,maj:Android_6,maj:Android_6,maj:Android_4|maj:Android_6|maj:Linux_OTHER|maj:Windows_XP,leaf:Android_6_0.0,leaf:Android_6_0.0,leaf:Android_4_2.0|leaf:Android_6_0.0|leaf:Linux_OTHER|leaf:Windows_XP
887,fam:Android,fam:Android,fam:Android|fam:Linux|fam:Windows,maj:Android_6,maj:Android_6,maj:Android_4|maj:Android_6|maj:Linux_OTHER|maj:Windows_XP,leaf:Android_6_0.0,leaf:Android_6_0.0,leaf:Android_4_2.0|leaf:Android_6_0.0|leaf:Linux_OTHER|leaf:Windows_XP
889,fam:Android,fam:Android,fam:Android|fam:Linux|fam:Windows,maj:Android_6,maj:Android_6,maj:Android_4|maj:Android_6|maj:Linux_OTHER|maj:Windows_XP,leaf:Android_6_0.0,leaf:Android_6_0.0,leaf:Android_4_2.0|leaf:Android_6_0.0|leaf:Linux_OTHER|leaf:Windows_XP
890,fam:Android,fam:Android,fam:Android,maj:Android_6,maj:Android_6,maj:Android_5|maj:Android_6|maj:Android_7|maj:Android_8,leaf:Android_6_0.0,leaf:Android_7_0.0,leaf:Android_5_0.0|leaf:Android_5_1.0|leaf:Android_6_0.0|leaf:Android_7_0.0|leaf:Android_8_0.0|leaf:Android_8_1.0
891,fam:Android,fam:Android,fam:Android,maj:Android_6,maj:Android_7,maj:Android_5|maj:Android_6|maj:Android_7|maj:Android_8,leaf:Android_6_0.0,leaf:Android_7_1.0,leaf:Android_5_1.0|leaf:Android_6_0.0|leaf:Android_7_0.0|leaf:Android_7_1.0|leaf:Android_8_1.0
893,fam:Android,fam:Android,fam:Android,maj:Android_6,maj:Android_7,maj:Android_5|maj:Android_6|maj:Android_7,leaf:Android_6_0.0,leaf:Android_7_1.0,leaf:Android_5_1.0|leaf:Android_6_0.0|leaf:Android_7_0.0|leaf:Android_7_1.0
895,fam:Android,fam:Android,fam:Android|fam:Linux|fam:Windows,maj:Android_6,maj:Android_6,maj:Android_4|maj:Android_6|maj:Linux_OTHER|maj:Windows_XP,leaf:Android_6_0.0,leaf:Android_6_0.0,leaf:Android_4_2.0|leaf:Android_6_0.0|leaf:Linux_OTHER|leaf:Windows_XP
900,fam:Android,fam:Android,fam:Android,maj:Android_6,maj:Android_9,maj:Android_10|maj:Android_7|maj:Android_8|maj:Android_9,leaf:Android_6_0.0,leaf:Android_8_0.0,leaf:Android_10|leaf:Android_7_0.0|leaf:Android_7_1.0|leaf:Android_8_0.0|leaf:Android_8_1.0|leaf:Android_9
902,fam:Android,fam:Android,fam:Android|fam:Linux|fam:Windows,maj:Android_6,maj:Android_6,maj:Android_4|maj:Android_6|maj:Linux_OTHER|maj:Windows_XP,leaf:Android_6_0.0,leaf:Android_6_0.0,leaf:Android_4_2.0|leaf:Android_6_0.0|leaf:Linux_OTHER|leaf:Windows_XP
903,fam:Android,fam:Android,fam:Android|fam:Linux|fam:Windows,maj:Android_6,maj:Android_6,maj:Android_4|maj:Android_6|maj:Linux_OTHER|maj:Windows_XP,leaf:Android_6_0.0,leaf:Android_6_0.0,leaf:Android_4_2.0|leaf:Android_6_0.0|leaf:Linux_OTHER|leaf:Windows_XP
905,fam:Android,fam:Android,fam:Android,maj:Android_6,maj:Android_6,maj:Android_10|maj:Android_5|maj:Android_6|maj:Android_7|maj:Android_8|maj:Android_9,leaf:Android_6_0.0,leaf:Android_7_1.0,leaf:Android_10|leaf:Android_5_1.0|leaf:Android_6_0.0|leaf:Android_7_0.0|leaf:Android_7_1.0|leaf:Android_8_0.0|leaf:Android_9
907,fam:Android,fam:Windows,fam:Windows,maj:Android_6,maj:Windows_8,maj:Windows_8,leaf:Android_6_0.0,leaf:Windows_8_OTHER,leaf:Windows_8_1.0|leaf:Windows_8_OTHER
908,fam:Android,fam:Android,fam:Android|fam:Linux|fam:Windows,maj:Android_6,maj:Android_6,maj:Android_5|maj:Android_6|maj:Android_8|maj:Android_9|maj:Linux_OTHER|maj:Windows_XP,leaf:Android_6_0.0,leaf:Android_6_0.0,leaf:Android_5_1.0|leaf:Android_6_0.0|leaf:Android_8_1.0|leaf:Android_9|leaf:Linux_OTHER|leaf:Windows_XP
912,fam:Android,fam:Android,fam:Android|fam:Linux|fam:Windows,maj:Android_6,maj:Android_6,maj:Android_4|maj:Android_6|maj:Linux_OTHER|maj:Windows_XP,leaf:Android_6_0.0,leaf:Android_6_0.0,leaf:Android_4_0.0|leaf:Android_4_2.0|leaf:Android_6_0.0|leaf:Linux_OTHER|leaf:Windows_XP
913,fam:Android,fam:Android,fam:Android|fam:Linux|fam:Windows,maj:Android_6,maj:Android_6,maj:Android_4|maj:Android_6|maj:Linux_OTHER|maj:Windows_XP,leaf:Android_6_0.0,leaf:Windows_XP,leaf:Android_4_2.0|leaf:Android_6_0.0|leaf:Linux_OTHER|leaf:Windows_XP
916,fam:Android,fam:Android,fam:Android|fam:Linux|fam:Windows,maj:Android_6,maj:Android_6,maj:Android_4|maj:Android_6|maj:Linux_OTHER|maj:Windows_XP,leaf:Android_6_0.0,leaf:Android_6_0.0,leaf:Android_4_2.0|leaf:Android_6_0.0|leaf:Linux_OTHER|leaf:Windows_XP
917,fam:Android,fam:Android,fam:Android|fam:Linux|fam:Windows,maj:Android_6,maj:Android_6,maj:Android_4|maj:Android_6|maj:Linux_OTHER|maj:Windows_XP,leaf:Android_6_0.0,leaf:Android_6_0.0,leaf:Android_4_0.0|leaf:Android_4_2.0|leaf:Android_6_0.0|leaf:Linux_OTHER|leaf:Windows_XP
919,fam:Android,fam:Android,fam:Android,maj:Android_6,maj:Android_6,maj:Android_5|maj:Android_6|maj:Android_7|maj:Android_8,leaf:Android_6_0.0,leaf:Android_7_0.0,leaf:Android_5_0.0|leaf:Android_5_1.0|leaf:Android_6_0.0|leaf:Android_7_0.0|leaf:Android_8_0.0|leaf:Android_8_1.0
920,fam:Android,fam:Android,fam:Android|fam:Linux|fam:Windows,maj:Android_6,maj:Android_6,maj:Android_4|maj:Android_6|maj:Linux_OTHER|maj:Windows_XP,leaf:Android_6_0.0,leaf:Android_6_0.0,leaf:Android_4_2.0|leaf:Android_6_0.0|leaf:Linux_OTHER|leaf:Windows_XP
923,fam:Android,fam:Android,fam:Android|fam:Linux|fam:Windows,maj:Android_6,maj:Android_6,maj:Android_4|maj:Android_6|maj:Linux_OTHER|maj:Windows_XP,leaf:Android_6_0.0,leaf:Windows_XP,leaf:Android_4_2.0|leaf:Android_6_0.0|leaf:Linux_OTHER|leaf:Windows_XP
924,fam:Android,fam:Android,fam:Android|fam:Linux|fam:Windows,maj:Android_6,maj:Android_6,maj:Android_4|maj:Android_6|maj:Linux_OTHER|maj:Windows_XP,leaf:Android_6_0.0,leaf:Android_6_0.0,leaf:Android_4_2.0|leaf:Android_6_0.0|leaf:Linux_OTHER|leaf:Windows_XP
926,fam:Android,fam:Android,fam:Android,maj:Android_6,maj:Android_6,maj:Android_6|maj:Android_7|maj:Android_8,leaf:Android_6_0.0,leaf:Android_6_0.0,leaf:Android_6_0.0|leaf:Android_7_0.0|leaf:Android_8_0.0
928,fam:Android,fam:Android,fam:Android|fam:Linux|fam:Windows,maj:Android_6,maj:Android_6,maj:Android_4|maj:Android_6|maj:Linux_OTHER|maj:Windows_XP,leaf:Android_6_0.0,leaf:Android_6_0.0,leaf:Android_4_2.0|leaf:Android_6_0.0|leaf:Linux_OTHER|leaf:Windows_XP
929,fam:Android,fam:Android,fam:Android|fam:Linux|fam:Windows,maj:Android_6,maj:Android_6,maj:Android_4|maj:Android_6|maj:Linux_OTHER|maj:Windows_XP,leaf:Android_6_0.0,leaf:Android_6_0.0,leaf:Android_4_2.0|leaf:Android_6_0.0|leaf:Linux_OTHER|leaf:Windows_XP
930,fam:Android,fam:Android,fam:Android|fam:Linux|fam:Windows,maj:Android_6,maj:Android_6,maj:Android_4|maj:Android_6|maj:Linux_OTHER|maj:Windows_XP,leaf:Android_6_0.0,leaf:Android_6_0.0,leaf:Android_4_2.0|leaf:Android_6_0.0|leaf:Linux_OTHER|leaf:Windows_XP
933,fam:Android,fam:Android,fam:Android,maj:Android_6,maj:Android_7,maj:Android_5|maj:Android_6|maj:Android_7|maj:Android_8,leaf:Android_6_0.0,leaf:Android_7_0.0,leaf:Android_5_0.0|leaf:Android_5_1.0|leaf:Android_6_0.0|leaf:Android_7_0.0|leaf:Android_8_0.0|leaf:Android_8_1.0
937,fam:Android,fam:Android,fam:Android|fam:Linux|fam:Windows,maj:Android_6,maj:Android_6,maj:Android_4|maj:Android_6|maj:Linux_OTHER|maj:Windows_XP,leaf:Android_6_0.0,leaf:Android_6_0.0,leaf:Android_4_2.0|leaf:Android_6_0.0|leaf:Linux_OTHER|leaf:Windows_XP
939,fam:Android,fam:Android,fam:Android|fam:Linux|fam:Windows,maj:Android_6,maj:Android_6,maj:Android_4|maj:Android_6|maj:Linux_OTHER|maj:Windows_XP,leaf:Android_6_0.0,leaf:Android_6_0.0,leaf:Android_4_2.0|leaf:Android_6_0.0|leaf:Linux_OTHER|leaf:Windows_XP
940,fam:Android,fam:Android,fam:Android|fam:Windows,maj:Android_6,maj:Android_6,maj:Android_10|maj:Android_5|maj:Android_6|maj:Android_7|maj:Android_8|maj:Android_9|maj:Windows_XP,leaf:Android_6_0.0,leaf:Android_6_0.0,leaf:Android_10|leaf:Android_5_1.0|leaf:Android_6_0.0|leaf:Android_7_0.0|leaf:Android_7_1.0|leaf:Android_8_0.0|leaf:Android_8_1.0|leaf:Android_9|leaf:Windows_XP
943,fam:Android,fam:Android,fam:Android|fam:Linux|fam:Windows,maj:Android_6,maj:Android_6,maj:Android_4|maj:Android_6|maj:Linux_OTHER|maj:Windows_XP,leaf:Android_6_0.0,leaf:Android_6_0.0,leaf:Android_4_2.0|leaf:Android_6_0.0|leaf:Linux_OTHER|leaf:Windows_XP
944,fam:Android,fam:Android,fam:Android|fam:Linux|fam:Windows,maj:Android_6,maj:Android_6,maj:Android_4|maj:Android_6|maj:Linux_OTHER|maj:Windows_XP,leaf:Android_6_0.0,leaf:Android_6_0.0,leaf:Android_4_2.0|leaf:Android_6_0.0|leaf:Linux_OTHER|leaf:Windows_XP
946,fam:Android,fam:Android,fam:Android|fam:Linux|fam:Windows,maj:Android_6,maj:Android_6,maj:Android_4|maj:Android_6|maj:Linux_OTHER|maj:Windows_XP,leaf:Android_6_0.0,leaf:Android_6_0.0,leaf:Android_4_0.0|leaf:Android_4_2.0|leaf:Android_6_0.0|leaf:Linux_OTHER|leaf:Windows_XP
950,fam:Android,fam:Android,fam:Android|fam:Linux|fam:Windows,maj:Android_6,maj:Windows_8,maj:Android_4|maj:Android_6|maj:Linux_OTHER|maj:Windows_8|maj:Windows_XP,leaf:Android_6_0.0,leaf:Windows_XP,leaf:Android_4_2.0|leaf:Android_6_0.0|leaf:Linux_OTHER|leaf:Windows_8_OTHER|leaf:Windows_XP
953,fam:Android,fam:Android,fam:Android|fam:Linux|fam:Windows,maj:Android_6,maj:Android_6,maj:Android_4|maj:Android_6|maj:Linux_OTHER|maj:Windows_XP,leaf:Android_6_0.0,leaf:Android_6_0.0,leaf:Android_4_2.0|leaf:Android_6_0.0|leaf:Linux_OTHER|leaf:Windows_XP
955,fam:Android,fam:Android,fam:Android|fam:Linux|fam:Windows,maj:Android_6,maj:Android_6,maj:Android_5|maj:Android_6|maj:Android_7|maj:Android_9|maj:Linux_OTHER|maj:Windows_XP,leaf:Android_6_0.0,leaf:Android_6_0.0,leaf:Android_5_1.0|leaf:Android_6_0.0|leaf:Android_7_1.0|leaf:Android_9|leaf:Linux_OTHER|leaf:Windows_XP
956,fam:Android,fam:Android,fam:Android|fam:Linux|fam:Windows,maj:Android_6,maj:Android_6,maj:Android_4|maj:Android_6|maj:Linux_OTHER|maj:Windows_XP,leaf:Android_6_0.0,leaf:Windows_XP,leaf:Android_4_2.0|leaf:Android_6_0.0|leaf:Linux_OTHER|leaf:Windows_XP
959,fam:Android,fam:Android,fam:Android,maj:Android_7,maj:Android_9,maj:Android_10|maj:Android_5|maj:Android_7|maj:Android_8|maj:Android_9,leaf:Android_7_0.0,leaf:Android_9,leaf:Android_10|leaf:Android_5_1.0|leaf:Android_7_0.0|leaf:Android_7_1.0|leaf:Android_8_0.0|leaf:Android_8_1.0|leaf:Android_9
963,fam:Android,fam:Android,fam:Android,maj:Android_7,maj:Android_5,maj:Android_5|maj:Android_6|maj:Android_7|maj:Android_8,leaf:Android_7_0.0,leaf:Android_7_0.0,leaf:Android_5_0.0|leaf:Android_5_1.0|leaf:Android_6_0.0|leaf:Android_7_0.0|leaf:Android_8_0.0|leaf:Android_8_1.0
964,fam:Android,fam:Windows,fam:Android|fam:Windows,maj:Android_7,maj:Windows_10,maj:Android_10|maj:Android_5|maj:Android_6|maj:Android_7|maj:Android_8|maj:Android_9|maj:Windows_10,leaf:Android_7_0.0,leaf:Android_8_0.0,leaf:Android_10|leaf:Android_5_1.0|leaf:Android_6_0.0|leaf:Android_7_0.0|leaf:Android_7_1.0|leaf:Android_8_0.0|leaf:Android_8_1.0|leaf:Android_9|leaf:Windows_10
965,fam:Android,fam:Android,fam:Android,maj:Android_7,maj:Android_7,maj:Android_7,leaf:Android_7_0.0,leaf:Android_7_0.0,leaf:Android_7_0.0
966,fam:Android,fam:Android,fam:Android,maj:Android_7,maj:Android_7,maj:Android_7,leaf:Android_7_0.0,leaf:Android_7_0.0,leaf:Android_7_0.0
968,fam:Android,fam:Android,fam:Android|fam:Linux,maj:Android_7,maj:Android_9,maj:Android_10|maj:Android_7|maj:Android_8|maj:Android_9|maj:Linux_OTHER,leaf:Android_7_0.0,leaf:Android_8_0.0,leaf:Android_10|leaf:Android_7_0.0|leaf:Android_8_0.0|leaf:Android_8_1.0|leaf:Android_9|leaf:Linux_OTHER
970,fam:Android,fam:Android,fam:Android,maj:Android_7,maj:Android_7,maj:Android_7,leaf:Android_7_0.0,leaf:Android_7_0.0,leaf:Android_7_0.0
971,fam:Android,fam:Android,fam:Android|fam:Linux,maj:Android_7,maj:Android_9,maj:Android_10|maj:Android_7|maj:Android_8|maj:Android_9|maj:Linux_OTHER,leaf:Android_7_0.0,leaf:Android_8_0.0,leaf:Android_10|leaf:Android_7_0.0|leaf:Android_8_0.0|leaf:Android_8_1.0|leaf:Android_9|leaf:Linux_OTHER
973,fam:Android,fam:Android,fam:Android,maj:Android_7,maj:Android_7,maj:Android_7,leaf:Android_7_0.0,leaf:Android_7_0.0,leaf:Android_7_0.0
975,fam:Android,fam:Android,fam:Android,maj:Android_7,maj:Android_10,maj:Android_10|maj:Android_7|maj:Android_8|maj:Android_9,leaf:Android_7_0.0,leaf:Android_9,leaf:Android_10|leaf:Android_7_0.0|leaf:Android_7_1.0|leaf:Android_8_0.0|leaf:Android_8_1.0|leaf:Android_9
976,fam:Android,fam:Android,fam:Android,maj:Android_7,maj:Android_9,maj:Android_10|maj:Android_7|maj:Android_8|maj:Android_9,leaf:Android_7_0.0,leaf:Android_9,leaf:Android_10|leaf:Android_7_0.0|leaf:Android_8_0.0|leaf:Android_8_1.0|leaf:Android_9
977,fam:Android,fam:Android,fam:Android,maj:Android_7,maj:Android_7,maj:Android_5|maj:Android_6|maj:Android_7,leaf:Android_7_0.0,leaf:Android_5_1.0,leaf:Android_5_1.0|leaf:Android_6_0.0|leaf:Android_7_0.0|leaf:Android_7_1.0
978,fam:Android,fam:Android,fam:Android,maj:Android_7,maj:Android_7,maj:Android_7,leaf:Android_7_0.0,leaf:Android_7_0.0,leaf:Android_7_0.0
979,fam:Android,fam:Android,fam:Android,maj:Android_7,maj:Android_7,maj:Android_7,leaf:Android_7_0.0,leaf:Android_7_0.0,leaf:Android_7_0.0
982,fam:Android,fam:Android,fam:Android,maj:Android_7,maj:Android_7,maj:Android_7,leaf:Android_7_0.0,leaf:Android_7_0.0,leaf:Android_7_0.0
984,fam:Android,fam:Android,fam:Android,maj:Android_7,maj:Android_7,maj:Android_5|maj:Android_6|maj:Android_7|maj:Android_8,leaf:Android_7_0.0,leaf:Android_7_0.0,leaf:Android_5_0.0|leaf:Android_5_1.0|leaf:Android_6_0.0|leaf:Android_7_0.0|leaf:Android_8_0.0|leaf:Android_8_1.0
985,fam:Android,fam:Android,fam:Android,maj:Android_7,maj:Android_9,maj:Android_10|maj:Android_7|maj:Android_8|maj:Android_9,leaf:Android_7_0.0,leaf:Android_9,leaf:Android_10|leaf:Android_7_0.0|leaf:Android_7_1.0|leaf:Android_8_0.0|leaf:Android_8_1.0|leaf:Android_9
987,fam:Android,fam:Android,fam:Android,maj:Android_7,maj:Android_7,maj:Android_7,leaf:Android_7_0.0,leaf:Android_7_0.0,leaf:Android_7_0.0
988,fam:Android,fam:Android,fam:Android,maj:Android_7,maj:Android_8,maj:Android_10|maj:Android_7|maj:Android_8|maj:Android_9,leaf:Android_7_0.0,leaf:Android_8_0.0,leaf:Android_10|leaf:Android_7_0.0|leaf:Android_8_0.0|leaf:Android_8_1.0|leaf:Android_9
989,fam:Android,fam:Android,fam:Android|fam:Linux,maj:Android_7,maj:Android_8,maj:Android_10|maj:Android_7|maj:Android_8|maj:Android_9|maj:Linux_OTHER,leaf:Android_7_0.0,leaf:Android_8_0.0,leaf:Android_10|leaf:Android_7_0.0|leaf:Android_8_0.0|leaf:Android_8_1.0|leaf:Android_9|leaf:Linux_OTHER
990,fam:Android,fam:Android,fam:Android,maj:Android_7,maj:Android_7,maj:Android_5|maj:Android_6|maj:Android_7|maj:Android_8,leaf:Android_7_0.0,leaf:Android_7_0.0,leaf:Android_5_0.0|leaf:Android_5_1.0|leaf:Android_6_0.0|leaf:Android_7_0.0|leaf:Android_8_0.0|leaf:Android_8_1.0
993,fam:Android,fam:Android,fam:Android,maj:Android_7,maj:Android_8,maj:Android_10|maj:Android_6|maj:Android_7|maj:Android_8|maj:Android_9,leaf:Android_7_0.0,leaf:Android_8_0.0,leaf:Android_10|leaf:Android_6_0.0|leaf:Android_7_0.0|leaf:Android_7_1.0|leaf:Android_8_0.0|leaf:Android_8_1.0|leaf:Android_9
995,fam:Android,fam:Android,fam:Android|fam:Windows|fam:macOS,maj:Android_7,maj:Android_6,maj:Android_5|maj:Android_6|maj:Android_7|maj:Android_8|maj:Android_9|maj:Windows_10|maj:macOS_10,leaf:Android_7_0.0,leaf:Android_7_0.0,leaf:Android_5_1.0|leaf:Android_6_0.0|leaf:Android_7_0.0|leaf:Android_8_0.0|leaf:Android_9|leaf:Windows_10|leaf:macOS_10_13.0
997,fam:Android,fam:Android,fam:Android,maj:Android_7,maj:Android_8,maj:Android_10|maj:Android_7|maj:Android_8|maj:Android_9,leaf:Android_7_0.0,leaf:Android_8_0.0,leaf:Android_10|leaf:Android_7_0.0|leaf:Android_7_1.0|leaf:Android_8_0.0|leaf:Android_8_1.0|leaf:Android_9
998,fam:Android,fam:Android,fam:Android,maj:Android_7,maj:Android_10,maj:Android_10|maj:Android_7|maj:Android_8|maj:Android_9,leaf:Android_7_0.0,leaf:Android_8_1.0,leaf:Android_10|leaf:Android_7_0.0|leaf:Android_7_1.0|leaf:Android_8_0.0|leaf:Android_8_1.0|leaf:Android_9
999,fam:Android,fam:Android,fam:Android,maj:Android_7,maj:Android_7,maj:Android_10|maj:Android_5|maj:Android_6|maj:Android_7|maj:Android_8|maj:Android_9,leaf:Android_7_0.0,leaf:Android_7_1.0,leaf:Android_10|leaf:Android_5_1.0|leaf:Android_6_0.0|leaf:Android_7_0.0|leaf:Android_7_1.0|leaf:Android_8_0.0|leaf:Android_9
1000,fam:Android,fam:Android,fam:Android,maj:Android_7,maj:Android_7,maj:Android_7,leaf:Android_7_0.0,leaf:Android_7_0.0,leaf:Android_7_0.0
1004,fam:Android,fam:Android,fam:Android,maj:Android_7,maj:Android_7,maj:Android_7,leaf:Android_7_0.0,leaf:Android_7_0.0,leaf:Android_7_0.0
1005,fam:Android,fam:Android,fam:Android,maj:Android_7,maj:Android_8,maj:Android_10|maj:Android_7|maj:Android_8|maj:Android_9,leaf:Android_7_0.0,leaf:Android_8_0.0,leaf:Android_10|leaf:Android_7_0.0|leaf:Android_7_1.0|leaf:Android_8_0.0|leaf:Android_8_1.0|leaf:Android_9
1009,fam:Android,fam:Android,fam:Android,maj:Android_7,maj:Android_9,maj:Android_10|maj:Android_6|maj:Android_7|maj:Android_8|maj:Android_9,leaf:Android_7_0.0,leaf:Android_8_0.0,leaf:Android_10|leaf:Android_6_0.0|leaf:Android_7_0.0|leaf:Android_7_1.0|leaf:Android_8_0.0|leaf:Android_8_1.0|leaf:Android_9
1010,fam:Android,fam:Android,fam:Android,maj:Android_7,maj:Android_7,maj:Android_10|maj:Android_5|maj:Android_6|maj:Android_7|maj:Android_8|maj:Android_9,leaf:Android_7_0.0,leaf:Android_7_1.0,leaf:Android_10|leaf:Android_5_1.0|leaf:Android_6_0.0|leaf:Android_7_0.0|leaf:Android_7_1.0|leaf:Android_8_0.0|leaf:Android_9
1012,fam:Android,fam:Android,fam:Android,maj:Android_7,maj:Android_7,maj:Android_7,leaf:Android_7_0.0,leaf:Android_7_0.0,leaf:Android_7_0.0
1016,fam:Android,fam:Android,fam:Android,maj:Android_7,maj:Android_7,maj:Android_7,leaf:Android_7_0.0,leaf:Android_7_0.0,leaf:Android_7_0.0
1017,fam:Android,fam:Android,fam:Android,maj:Android_7,maj:Android_10,maj:Android_10|maj:Android_7|maj:Android_8|maj:Android_9,leaf:Android_7_0.0,leaf:Android_10,leaf:Android_10|leaf:Android_7_0.0|leaf:Android_7_1.0|leaf:Android_8_0.0|leaf:Android_8_1.0|leaf:Android_9
1018,fam:Android,fam:Android,fam:Android,maj:Android_7,maj:Android_7,maj:Android_7,leaf:Android_7_0.0,leaf:Android_7_0.0,leaf:Android_7_0.0
1020,fam:Android,fam:Android,fam:Android,maj:Android_7,maj:Android_9,maj:Android_10|maj:Android_7|maj:Android_8|maj:Android_9,leaf:Android_7_0.0,leaf:Android_10,leaf:Android_10|leaf:Android_7_0.0|leaf:Android_7_1.0|leaf:Android_8_0.0|leaf:Android_8_1.0|leaf:Android_9
1021,fam:Android,fam:Android,fam:Android|fam:Windows,maj:Android_7,maj:Android_7,maj:Android_6|maj:Android_7|maj:Android_8|maj:Android_9|maj:Windows_7,leaf:Android_7_0.0,leaf:Android_7_0.0,leaf:Android_6_0.0|leaf:Android_7_0.0|leaf:Android_8_1.0|leaf:Android_9|leaf:Windows_7
1024,fam:Android,fam:Android,fam:Android,maj:Android_7,maj:Android_7,maj:Android_7,leaf:Android_7_0.0,leaf:Android_7_0.0,leaf:Android_7_0.0
1025,fam:Android,fam:Android,fam:Android,maj:Android_7,maj:Android_7,maj:Android_5|maj:Android_6|maj:Android_7|maj:Android_8,leaf:Android_7_0.0,leaf:Android_7_0.0,leaf:Android_5_0.0|leaf:Android_5_1.0|leaf:Android_6_0.0|leaf:Android_7_0.0|leaf:Android_8_0.0|leaf:Android_8_1.0
1028,fam:Android,fam:Android,fam:Android,maj:Android_7,maj:Android_7,maj:Android_7,leaf:Android_7_0.0,leaf:Android_7_0.0,leaf:Android_7_0.0
1029,fam:Android,fam:Android,fam:Android|fam:Linux|fam:Windows|fam:macOS,maj:Android_7,maj:Windows_10,maj:Android_5|maj:Android_6|maj:Android_7|maj:Android_8|maj:Android_9|maj:Linux_OTHER|maj:Windows_10|maj:macOS_10,leaf:Android_7_0.0,leaf:Android_7_0.0,leaf:Android_5_1.0|leaf:Android_6_0.0|leaf:Android_7_0.0|leaf:Android_8_0.0|leaf:Android_9|leaf:Linux_OTHER|leaf:Windows_10|leaf:macOS_10_10.0
1030,fam:Android,fam:Windows,fam:Android|fam:Windows,maj:Android_7,maj:Windows_10,maj:Android_10|maj:Android_5|maj:Android_6|maj:Android_7|maj:Android_8|maj:Android_9|maj:Windows_10,leaf:Android_7_0.0,leaf:Android_8_0.0,leaf:Android_10|leaf:Android_5_1.0|leaf:Android_6_0.0|leaf:Android_7_0.0|leaf:Android_7_1.0|leaf:Android_8_0.0|leaf:Android_8_1.0|leaf:Android_9|leaf:Windows_10
1032,fam:Android,fam:Android,fam:Android,maj:Android_7,maj:Android_10,maj:Android_10|maj:Android_7|maj:Android_8|maj:Android_9,leaf:Android_7_0.0,leaf:Android_8_1.0,leaf:Android_10|leaf:Android_7_0.0|leaf:Android_7_1.0|leaf:Android_8_0.0|leaf:Android_8_1.0|leaf:Android_9
1035,fam:Android,fam:Android,fam:Android,maj:Android_7,maj:Android_10,maj:Android_10|maj:Android_6|maj:Android_7|maj:Android_8|maj:Android_9,leaf:Android_7_0.0,leaf:Android_8_1.0,leaf:Android_10|leaf:Android_6_0.0|leaf:Android_7_0.0|leaf:Android_7_1.0|leaf:Android_8_0.0|leaf:Android_8_1.0|leaf:Android_9
1036,fam:Android,fam:Android,fam:Android|fam:Linux,maj:Android_7,maj:Android_7,maj:Android_10|maj:Android_6|maj:Android_7|maj:Android_8|maj:Android_9|maj:Linux_OTHER,leaf:Android_7_0.0,leaf:Android_7_0.0,leaf:Android_10|leaf:Android_6_0.0|leaf:Android_7_0.0|leaf:Android_7_1.0|leaf:Android_8_0.0|leaf:Android_8_1.0|leaf:Android_9|leaf:Linux_OTHER
1039,fam:Android,fam:Android,fam:Android,maj:Android_7,maj:Android_7,maj:Android_5|maj:Android_6|maj:Android_7|maj:Android_8,leaf:Android_7_0.0,leaf:Android_5_1.0,leaf:Android_5_1.0|leaf:Android_6_0.0|leaf:Android_7_0.0|leaf:Android_7_1.0|leaf:Android_8_0.0|leaf:Android_8_1.0
1043,fam:Android,fam:Android,fam:Android,maj:Android_7,maj:Android_10,maj:Android_10|maj:Android_7|maj:Android_8|maj:Android_9,leaf:Android_7_0.0,leaf:Android_10,leaf:Android_10|leaf:Android_7_0.0|leaf:Android_7_1.0|leaf:Android_8_0.0|leaf:Android_8_1.0|leaf:Android_9
1046,fam:Android,fam:Android,fam:Android|fam:Linux|fam:Windows,maj:Android_7,maj:Android_8,maj:Android_10|maj:Android_7|maj:Android_8|maj:Android_9|maj:Linux_OTHER|maj:Windows_10,leaf:Android_7_0.0,leaf:Android_8_0.0,leaf:Android_10|leaf:Android_7_0.0|leaf:Android_8_0.0|leaf:Android_8_1.0|leaf:Android_9|leaf:Linux_OTHER|leaf:Windows_10
1052,fam:Android,fam:Android,fam:Android,maj:Android_7,maj:Android_7,maj:Android_7,leaf:Android_7_0.0,leaf:Android_7_0.0,leaf:Android_7_0.0
1054,fam:Android,fam:Android,fam:Android,maj:Android_7,maj:Android_7,maj:Android_7|maj:Android_8,leaf:Android_7_0.0,leaf:Android_7_0.0,leaf:Android_7_0.0|leaf:Android_8_0.0|leaf:Android_8_1.0
1057,fam:Android,fam:Android,fam:Android|fam:Windows,maj:Android_7,maj:Android_7,maj:Android_7|maj:Windows_10,leaf:Android_7_0.0,leaf:Android_7_0.0,leaf:Android_7_0.0|leaf:Windows_10
1058,fam:Android,fam:Android,fam:Android,maj:Android_7,maj:Android_9,maj:Android_10|maj:Android_5|maj:Android_6|maj:Android_7|maj:Android_8|maj:Android_9,leaf:Android_7_0.0,leaf:Android_8_0.0,leaf:Android_10|leaf:Android_5_1.0|leaf:Android_6_0.0|leaf:Android_7_0.0|leaf:Android_7_1.0|leaf:Android_8_0.0|leaf:Android_8_1.0|leaf:Android_9
1060,fam:Android,fam:Android,fam:Android,maj:Android_7,maj:Android_8,maj:Android_10|maj:Android_5|maj:Android_6|maj:Android_7|maj:Android_8|maj:Android_9,leaf:Android_7_0.0,leaf:Android_9,leaf:Android_10|leaf:Android_5_1.0|leaf:Android_6_0.0|leaf:Android_7_0.0|leaf:Android_7_1.0|leaf:Android_8_0.0|leaf:Android_8_1.0|leaf:Android_9
1066,fam:Android,fam:Android,fam:Android,maj:Android_7,maj:Android_7,maj:Android_5|maj:Android_6|maj:Android_7|maj:Android_8,leaf:Android_7_0.0,leaf:Android_7_0.0,leaf:Android_5_0.0|leaf:Android_5_1.0|leaf:Android_6_0.0|leaf:Android_7_0.0|leaf:Android_8_0.0|leaf:Android_8_1.0
1067,fam:Android,fam:Android,fam:Android,maj:Android_7,maj:Android_9,maj:Android_10|maj:Android_7|maj:Android_8|maj:Android_9,leaf:Android_7_0.0,leaf:Android_8_1.0,leaf:Android_10|leaf:Android_7_0.0|leaf:Android_7_1.0|leaf:Android_8_0.0|leaf:Android_8_1.0|leaf:Android_9
1068,fam:Android,fam:Android,fam:Android,maj:Android_7,maj:Android_7,maj:Android_7,leaf:Android_7_0.0,leaf:Android_7_0.0,leaf:Android_7_0.0
1070,fam:Android,fam:Android,fam:Android,maj:Android_7,maj:Android_7,maj:Android_7,leaf:Android_7_0.0,leaf:Android_7_0.0,leaf:Android_7_0.0
1073,fam:Android,fam:Android,fam:Android,maj:Android_7,maj:Android_7,maj:Android_7,leaf:Android_7_0.0,leaf:Android_7_0.0,leaf:Android_7_0.0
1075,fam:Android,fam:Android,fam:Android|fam:Linux,maj:Android_7,maj:Android_8,maj:Android_10|maj:Android_7|maj:Android_8|maj:Android_9|maj:Linux_OTHER,leaf:Android_7_0.0,leaf:Android_8_0.0,leaf:Android_10|leaf:Android_7_0.0|leaf:Android_8_0.0|leaf:Android_8_1.0|leaf:Android_9|leaf:Linux_OTHER
1077,fam:Android,fam:Android,fam:Android,maj:Android_7,maj:Android_10,maj:Android_10|maj:Android_7|maj:Android_8|maj:Android_9,leaf:Android_7_0.0,leaf:Android_10,leaf:Android_10|leaf:Android_7_0.0|leaf:Android_7_1.0|leaf:Android_8_0.0|leaf:Android_8_1.0|leaf:Android_9
1078,fam:Android,fam:Android,fam:Android,maj:Android_7,maj:Android_9,maj:Android_10|maj:Android_6|maj:Android_7|maj:Android_8|maj:Android_9,leaf:Android_7_0.0,leaf:Android_9,leaf:Android_10|leaf:Android_6_0.0|leaf:Android_7_0.0|leaf:Android_7_1.0|leaf:Android_8_0.0|leaf:Android_8_1.0|leaf:Android_9
1079,fam:Android,fam:Android,fam:Android,maj:Android_7,maj:Android_9,maj:Android_10|maj:Android_7|maj:Android_8|maj:Android_9,leaf:Android_7_0.0,leaf:Android_9,leaf:Android_10|leaf:Android_7_0.0|leaf:Android_7_1.0|leaf:Android_8_0.0|leaf:Android_8_1.0|leaf:Android_9
1081,fam:Android,fam:Android,fam:Android|fam:Windows,maj:Android_7,maj:Android_7,maj:Android_10|maj:Android_7|maj:Android_8|maj:Android_9|maj:Windows_10|maj:Windows_7,leaf:Android_7_0.0,leaf:Android_7_0.0,leaf:Android_10|leaf:Android_7_0.0|leaf:Android_7_1.0|leaf:Android_8_0.0|leaf:Android_8_1.0|leaf:Android_9|leaf:Windows_10|leaf:Windows_7
1082,fam:Android,fam:Android,fam:Android,maj:Android_7,maj:Android_7,maj:Android_7,leaf:Android_7_0.0,leaf:Android_7_0.0,leaf:Android_7_0.0
1084,fam:Android,fam:Android,fam:Android|fam:Linux,maj:Android_7,maj:Android_8,maj:Android_10|maj:Android_7|maj:Android_8|maj:Android_9|maj:Linux_OTHER,leaf:Android_7_0.0,leaf:Android_8_0.0,leaf:Android_10|leaf:Android_7_0.0|leaf:Android_8_0.0|leaf:Android_8_1.0|leaf:Android_9|leaf:Linux_OTHER
1086,fam:Android,fam:Android,fam:Android,maj:Android_7,maj:Android_9,maj:Android_10|maj:Android_7|maj:Android_8|maj:Android_9,leaf:Android_7_0.0,leaf:Android_8_0.0,leaf:Android_10|leaf:Android_7_0.0|leaf:Android_7_1.0|leaf:Android_8_0.0|leaf:Android_8_1.0|leaf:Android_9
1088,fam:Android,fam:Android,fam:Android,maj:Android_7,maj:Android_10,maj:Android_10|maj:Android_5|maj:Android_6|maj:Android_7|maj:Android_8|maj:Android_9,leaf:Android_7_0.0,leaf:Android_9,leaf:Android_10|leaf:Android_5_1.0|leaf:Android_6_0.0|leaf:Android_7_0.0|leaf:Android_7_1.0|leaf:Android_8_0.0|leaf:Android_8_1.0|leaf:Android_9
1093,fam:Android,fam:Android,fam:Android|fam:Linux,maj:Android_7,maj:Android_8,maj:Android_10|maj:Android_7|maj:Android_8|maj:Android_9|maj:Linux_OTHER,leaf:Android_7_0.0,leaf:Android_8_0.0,leaf:Android_10|leaf:Android_7_0.0|leaf:Android_8_0.0|leaf:Android_8_1.0|leaf:Android_9|leaf:Linux_OTHER
1094,fam:Android,fam:Android,fam:Android,maj:Android_7,maj:Android_8,maj:Android_10|maj:Android_7|maj:Android_8|maj:Android_9,leaf:Android_7_0.0,leaf:Android_8_0.0,leaf:Android_10|leaf:Android_7_0.0|leaf:Android_7_1.0|leaf:Android_8_0.0|leaf:Android_8_1.0|leaf:Android_9
1095,fam:Android,fam:Android,fam:Android|fam:Linux,maj:Android_7,maj:Android_8,maj:Android_10|maj:Android_7|maj:Android_8|maj:Android_9|maj:Linux_OTHER,leaf:Android_7_0.0,leaf:Android_8_0.0,leaf:Android_10|leaf:Android_7_0.0|leaf:Android_8_0.0|leaf:Android_8_1.0|leaf:Android_9|leaf:Linux_OTHER
1098,fam:Android,fam:Android,fam:Android|fam:Linux|fam:Windows|fam:macOS,maj:Android_7,maj:Android_7,maj:Android_10|maj:Android_5|maj:Android_6|maj:Android_7|maj:Android_8|maj:Android_9|maj:Linux_OTHER|maj:Windows_10|maj:macOS_10,leaf:Android_7_0.0,leaf:Android_7_0.0,leaf:Android_10|leaf:Android_5_1.0|leaf:Android_6_0.0|leaf:Android_7_0.0|leaf:Android_8_0.0|leaf:Android_9|leaf:Linux_OTHER|leaf:Windows_10|leaf:macOS_10_12.0
1099,fam:Android,fam:Android,fam:Android,maj:Android_7,maj:Android_10,maj:Android_10|maj:Android_7|maj:Android_8|maj:Android_9,leaf:Android_7_0.0,leaf:Android_8_1.0,leaf:Android_10|leaf:Android_7_0.0|leaf:Android_7_1.0|leaf:Android_8_0.0|leaf:Android_8_1.0|leaf:Android_9
1101,fam:Android,fam:Android,fam:Android,maj:Android_7,maj:Android_9,maj:Android_10|maj:Android_7|maj:Android_8|maj:Android_9,leaf:Android_7_0.0,leaf:Android_9,leaf:Android_10|leaf:Android_7_0.0|leaf:Android_7_1.0|leaf:Android_8_0.0|leaf:Android_8_1.0|leaf:Android_9
1102,fam:Android,fam:Android,fam:Android,maj:Android_7,maj:Android_6,maj:Android_5|maj:Android_6|maj:Android_7|maj:Android_8,leaf:Android_7_0.0,leaf:Android_7_0.0,leaf:Android_5_0.0|leaf:Android_5_1.0|leaf:Android_6_0.0|leaf:Android_7_0.0|leaf:Android_8_0.0|leaf:Android_8_1.0
1104,fam:Android,fam:Android,fam:Android,maj:Android_7,maj:Android_7,maj:Android_5|maj:Android_6|maj:Android_7|maj:Android_8,leaf:Android_7_0.0,leaf:Android_7_0.0,leaf:Android_5_0.0|leaf:Android_5_1.0|leaf:Android_6_0.0|leaf:Android_7_0.0|leaf:Android_8_0.0|leaf:Android_8_1.0
1105,fam:Android,fam:Android,fam:Android,maj:Android_7,maj:Android_5,maj:Android_5|maj:Android_6|maj:Android_7|maj:Android_8,leaf:Android_7_0.0,leaf:Android_7_0.0,leaf:Android_5_0.0|leaf:Android_5_1.0|leaf:Android_6_0.0|leaf:Android_7_0.0|leaf:Android_8_0.0|leaf:Android_8_1.0
1106,fam:Android,fam:Android,fam:Android,maj:Android_7,maj:Android_7,maj:Android_7,leaf:Android_7_0.0,leaf:Android_7_0.0,leaf:Android_7_0.0
1109,fam:Android,fam:Android,fam:Android,maj:Android_7,maj:Android_7,maj:Android_7,leaf:Android_7_0.0,leaf:Android_7_0.0,leaf:Android_7_0.0
1110,fam:Android,fam:Android,fam:Android,maj:Android_7,maj:Android_7,maj:Android_7,leaf:Android_7_0.0,leaf:Android_7_0.0,leaf:Android_7_0.0
1111,fam:Android,fam:Android,fam:Android,maj:Android_7,maj:Android_8,maj:Android_10|maj:Android_7|maj:Android_8|maj:Android_9,leaf:Android_7_0.0,leaf:Android_8_0.0,leaf:Android_10|leaf:Android_7_0.0|leaf:Android_7_1.0|leaf:Android_8_0.0|leaf:Android_8_1.0|leaf:Android_9
1112,fam:Android,fam:Android,fam:Android,maj:Android_7,maj:Android_7,maj:Android_10|maj:Android_6|maj:Android_7|maj:Android_8|maj:Android_9,leaf:Android_7_0.0,leaf:Android_7_0.0,leaf:Android_10|leaf:Android_6_0.0|leaf:Android_7_0.0|leaf:Android_8_0.0|leaf:Android_9
1113,fam:Android,fam:Android,fam:Android,maj:Android_7,maj:Android_7,maj:Android_5|maj:Android_6|maj:Android_7|maj:Android_8,leaf:Android_7_0.0,leaf:Android_7_0.0,leaf:Android_5_0.0|leaf:Android_5_1.0|leaf:Android_6_0.0|leaf:Android_7_0.0|leaf:Android_8_0.0|leaf:Android_8_1.0
1114,fam:Android,fam:Android,fam:Android|fam:Linux|fam:Windows|fam:macOS,maj:Android_7,maj:Android_6,maj:Android_6|maj:Android_7|maj:Android_8|maj:Android_9|maj:Linux_OTHER|maj:Windows_10|maj:macOS_10,leaf:Android_7_0.0,leaf:Android_7_0.0,leaf:Android_6_0.0|leaf:Android_7_0.0|leaf:Android_8_0.0|leaf:Android_9|leaf:Linux_OTHER|leaf:Windows_10|leaf:macOS_10_10.0|leaf:macOS_10_13.0
1117,fam:Android,fam:Android,fam:Android|fam:Linux,maj:Android_7,maj:Android_9,maj:Android_10|maj:Android_7|maj:Android_8|maj:Android_9|maj:Linux_OTHER,leaf:Android_7_0.0,leaf:Android_8_0.0,leaf:Android_10|leaf:Android_7_0.0|leaf:Android_8_0.0|leaf:Android_8_1.0|leaf:Android_9|leaf:Linux_OTHER
1118,fam:Android,fam:Android,fam:Android,maj:Android_7,maj:Android_7,maj:Android_7|maj:Android_8,leaf:Android_7_0.0,leaf:Android_7_0.0,leaf:Android_7_0.0|leaf:Android_8_1.0
1119,fam:Android,fam:Android,fam:Android,maj:Android_7,maj:Android_6,maj:Android_5|maj:Android_6|maj:Android_7|maj:Android_8,leaf:Android_7_0.0,leaf:Android_7_0.0,leaf:Android_5_0.0|leaf:Android_5_1.0|leaf:Android_6_0.0|leaf:Android_7_0.0|leaf:Android_8_0.0
1120,fam:Android,fam:Android,fam:Android,maj:Android_7,maj:Android_7,maj:Android_7,leaf:Android_7_0.0,leaf:Android_7_0.0,leaf:Android_7_0.0
1121,fam:Android,fam:Android,fam:Android,maj:Android_7,maj:Android_7,maj:Android_5|maj:Android_6|maj:Android_7|maj:Android_8,leaf:Android_7_0.0,leaf:Android_7_0.0,leaf:Android_5_0.0|leaf:Android_5_1.0|leaf:Android_6_0.0|leaf:Android_7_0.0|leaf:Android_8_0.0|leaf:Android_8_1.0
1129,fam:Android,fam:Android,fam:Android,maj:Android_7,maj:Android_7,maj:Android_7,leaf:Android_7_0.0,leaf:Android_7_0.0,leaf:Android_7_0.0
1136,fam:Android,fam:Android,fam:Android,maj:Android_7,maj:Android_9,maj:Android_10|maj:Android_7|maj:Android_8|maj:Android_9,leaf:Android_7_0.0,leaf:Android_9,leaf:Android_10|leaf:Android_7_0.0|leaf:Android_7_1.0|leaf:Android_8_0.0|leaf:Android_8_1.0|leaf:Android_9
1137,fam:Android,fam:Android,fam:Android,maj:Android_7,maj:Android_7,maj:Android_7,leaf:Android_7_0.0,leaf:Android_7_0.0,leaf:Android_7_0.0
1142,fam:Android,fam:Android,fam:Android,maj:Android_7,maj:Android_8,maj:Android_10|maj:Android_7|maj:Android_8|maj:Android_9,leaf:Android_7_1.0,leaf:Android_8_0.0,leaf:Android_10|leaf:Android_7_0.0|leaf:Android_7_1.0|leaf:Android_8_0.0|leaf:Android_8_1.0|leaf:Android_9
1144,fam:Android,fam:Android,fam:Android,maj:Android_7,maj:Android_7,maj:Android_10|maj:Android_7|maj:Android_8|maj:Android_9,leaf:Android_7_1.0,leaf:Android_9,leaf:Android_10|leaf:Android_7_0.0|leaf:Android_7_1.0|leaf:Android_8_0.0|leaf:Android_8_1.0|leaf:Android_9
1146,fam:Android,fam:Android,fam:Android,maj:Android_7,maj:Android_7,maj:Android_10|maj:Android_7|maj:Android_8,leaf:Android_7_1.0,leaf:Android_7_1.0,leaf:Android_10|leaf:Android_7_1.0|leaf:Android_8_1.0
1148,fam:Android,fam:Android,fam:Android,maj:Android_7,maj:Android_7,maj:Android_10|maj:Android_5|maj:Android_6|maj:Android_7|maj:Android_8|maj:Android_9,leaf:Android_7_1.0,leaf:Android_7_1.0,leaf:Android_10|leaf:Android_5_1.0|leaf:Android_6_0.0|leaf:Android_7_0.0|leaf:Android_7_1.0|leaf:Android_8_0.0|leaf:Android_8_1.0|leaf:Android_9
1150,fam:Android,fam:Android,fam:Android,maj:Android_7,maj:Android_5,maj:Android_5|maj:Android_6|maj:Android_7|maj:Android_8,leaf:Android_7_1.0,leaf:Android_5_1.0,leaf:Android_5_1.0|leaf:Android_6_0.0|leaf:Android_7_0.0|leaf:Android_7_1.0|leaf:Android_8_0.0
1151,fam:Android,fam:Android,fam:Android,maj:Android_7,maj:Android_5,maj:Android_5|maj:Android_7,leaf:Android_7_1.0,leaf:Android_7_1.0,leaf:Android_5_1.0|leaf:Android_7_1.0
1152,fam:Android,fam:Android,fam:Android,maj:Android_7,maj:Android_7,maj:Android_5|maj:Android_6|maj:Android_7,leaf:Android_7_1.0,leaf:Android_7_1.0,leaf:Android_5_1.0|leaf:Android_6_0.0|leaf:Android_7_0.0|leaf:Android_7_1.0
1153,fam:Android,fam:Android,fam:Android,maj:Android_7,maj:Android_5,maj:Android_5|maj:Android_6|maj:Android_7|maj:Android_8,leaf:Android_7_1.0,leaf:Android_5_1.0,leaf:Android_5_1.0|leaf:Android_6_0.0|leaf:Android_7_0.0|leaf:Android_7_1.0|leaf:Android_8_0.0|leaf:Android_8_1.0
1155,fam:Android,fam:Android,fam:Android,maj:Android_7,maj:Android_9,maj:Android_10|maj:Android_7|maj:Android_8|maj:Android_9,leaf:Android_7_1.0,leaf:Android_9,leaf:Android_10|leaf:Android_7_0.0|leaf:Android_7_1.0|leaf:Android_8_0.0|leaf:Android_8_1.0|leaf:Android_9
1157,fam:Android,fam:Android,fam:Android,maj:Android_7,maj:Android_10,maj:Android_10|maj:Android_7|maj:Android_8|maj:Android_9,leaf:Android_7_1.0,leaf:Android_10,leaf:Android_10|leaf:Android_7_0.0|leaf:Android_7_1.0|leaf:Android_8_0.0|leaf:Android_8_1.0|leaf:Android_9
1163,fam:Android,fam:Android,fam:Android,maj:Android_7,maj:Android_5,maj:Android_5|maj:Android_7,leaf:Android_7_1.0,leaf:Android_5_1.0,leaf:Android_5_1.0|leaf:Android_7_1.0
1164,fam:Android,fam:Android,fam:Android,maj:Android_7,maj:Android_9,maj:Android_10|maj:Android_6|maj:Android_7|maj:Android_8|maj:Android_9,leaf:Android_7_1.0,leaf:Android_9,leaf:Android_10|leaf:Android_6_0.0|leaf:Android_7_0.0|leaf:Android_7_1.0|leaf:Android_8_0.0|leaf:Android_8_1.0|leaf:Android_9
1169,fam:Android,fam:Android,fam:Android,maj:Android_7,maj:Android_10,maj:Android_10|maj:Android_7|maj:Android_8|maj:Android_9,leaf:Android_7_1.0,leaf:Android_8_1.0,leaf:Android_10|leaf:Android_7_0.0|leaf:Android_7_1.0|leaf:Android_8_0.0|leaf:Android_8_1.0|leaf:Android_9
1170,fam:Android,fam:Android,fam:Android,maj:Android_7,maj:Android_7,maj:Android_5|maj:Android_7,leaf:Android_7_1.0,leaf:Android_5_1.0,leaf:Android_5_1.0|leaf:Android_7_1.0
1171,fam:Android,fam:Android,fam:Android,maj:Android_7,maj:Android_5,maj:Android_5|maj:Android_6|maj:Android_7|maj:Android_8,leaf:Android_7_1.0,leaf:Android_5_1.0,leaf:Android_5_1.0|leaf:Android_6_0.0|leaf:Android_7_0.0|leaf:Android_7_1.0|leaf:Android_8_0.0
1173,fam:Android,fam:Android,fam:Android,maj:Android_7,maj:Android_9,maj:Android_10|maj:Android_7|maj:Android_8|maj:Android_9,leaf:Android_7_1.0,leaf:Android_9,leaf:Android_10|leaf:Android_7_0.0|leaf:Android_7_1.0|leaf:Android_8_0.0|leaf:Android_8_1.0|leaf:Android_9
1174,fam:Android,fam:Android,fam:Android,maj:Android_7,maj:Android_6,maj:Android_10|maj:Android_5|maj:Android_6|maj:Android_7|maj:Android_8|maj:Android_9,leaf:Android_7_1.0,leaf:Android_7_1.0,leaf:Android_10|leaf:Android_5_1.0|leaf:Android_6_0.0|leaf:Android_7_0.0|leaf:Android_7_1.0|leaf:Android_8_0.0|leaf:Android_8_1.0|leaf:Android_9
1175,fam:Android,fam:Android,fam:Android,maj:Android_7,maj:Android_10,maj:Android_10|maj:Android_7|maj:Android_8|maj:Android_9,leaf:Android_7_1.0,leaf:Android_8_0.0,leaf:Android_10|leaf:Android_7_0.0|leaf:Android_7_1.0|leaf:Android_8_0.0|leaf:Android_8_1.0|leaf:Android_9
1176,fam:Android,fam:Android,fam:Android,maj:Android_7,maj:Android_9,maj:Android_10|maj:Android_7|maj:Android_8|maj:Android_9,leaf:Android_7_1.0,leaf:Android_9,leaf:Android_10|leaf:Android_7_0.0|leaf:Android_7_1.0|leaf:Android_8_0.0|leaf:Android_8_1.0|leaf:Android_9
1178,fam:Android,fam:Android,fam:Android,maj:Android_7,maj:Android_5,maj:Android_10|maj:Android_5|maj:Android_7|maj:Android_8,leaf:Android_7_1.0,leaf:Android_5_1.0,leaf:Android_10|leaf:Android_5_1.0|leaf:Android_7_0.0|leaf:Android_7_1.0|leaf:Android_8_1.0
1182,fam:Android,fam:Android,fam:Android,maj:Android_7,maj:Android_7,maj:Android_10|maj:Android_5|maj:Android_6|maj:Android_7|maj:Android_8|maj:Android_9,leaf:Android_7_1.0,leaf:Android_7_1.0,leaf:Android_10|leaf:Android_5_1.0|leaf:Android_6_0.0|leaf:Android_7_0.0|leaf:Android_7_1.0|leaf:Android_8_0.0|leaf:Android_9
1183,fam:Android,fam:Android,fam:Android,maj:Android_7,maj:Android_8,maj:Android_10|maj:Android_7|maj:Android_8|maj:Android_9,leaf:Android_7_1.0,leaf:Android_8_0.0,leaf:Android_10|leaf:Android_7_0.0|leaf:Android_7_1.0|leaf:Android_8_0.0|leaf:Android_8_1.0|leaf:Android_9
1184,fam:Android,fam:Android,fam:Android,maj:Android_7,maj:Android_7,maj:Android_5|maj:Android_6|maj:Android_7|maj:Android_8,leaf:Android_7_1.0,leaf:Android_7_1.0,leaf:Android_5_1.0|leaf:Android_6_0.0|leaf:Android_7_0.0|leaf:Android_7_1.0|leaf:Android_8_0.0
1185,fam:Android,fam:Android,fam:Android,maj:Android_7,maj:Android_5,maj:Android_10|maj:Android_5|maj:Android_6|maj:Android_7|maj:Android_8|maj:Android_9,leaf:Android_7_1.0,leaf:Android_5_1.0,leaf:Android_10|leaf:Android_5_1.0|leaf:Android_6_0.0|leaf:Android_7_0.0|leaf:Android_7_1.0|leaf:Android_8_0.0|leaf:Android_9
1186,fam:Android,fam:Android,fam:Android,maj:Android_7,maj:Android_9,maj:Android_10|maj:Android_5|maj:Android_6|maj:Android_7|maj:Android_8|maj:Android_9,leaf:Android_7_1.0,leaf:Android_8_0.0,leaf:Android_10|leaf:Android_5_1.0|leaf:Android_6_0.0|leaf:Android_7_0.0|leaf:Android_7_1.0|leaf:Android_8_0.0|leaf:Android_8_1.0|leaf:Android_9
1187,fam:Android,fam:Android,fam:Android,maj:Android_7,maj:Android_7,maj:Android_10|maj:Android_5|maj:Android_6|maj:Android_7|maj:Android_8|maj:Android_9,leaf:Android_7_1.0,leaf:Android_7_1.0,leaf:Android_10|leaf:Android_5_1.0|leaf:Android_6_0.0|leaf:Android_7_0.0|leaf:Android_7_1.0|leaf:Android_8_0.0|leaf:Android_9
1191,fam:Android,fam:Android,fam:Android,maj:Android_7,maj:Android_8,maj:Android_10|maj:Android_7|maj:Android_8|maj:Android_9,leaf:Android_7_1.0,leaf:Android_8_1.0,leaf:Android_10|leaf:Android_7_0.0|leaf:Android_7_1.0|leaf:Android_8_0.0|leaf:Android_8_1.0|leaf:Android_9
1194,fam:Android,fam:Android,fam:Android,maj:Android_7,maj:Android_7,maj:Android_10|maj:Android_5|maj:Android_6|maj:Android_7|maj:Android_8|maj:Android_9,leaf:Android_7_1.0,leaf:Android_6_0.0,leaf:Android_10|leaf:Android_5_1.0|leaf:Android_6_0.0|leaf:Android_7_0.0|leaf:Android_7_1.0|leaf:Android_8_0.0|leaf:Android_9
1199,fam:Android,fam:Android,fam:Android,maj:Android_7,maj:Android_7,maj:Android_5|maj:Android_7,leaf:Android_7_1.0,leaf:Android_7_1.0,leaf:Android_5_1.0|leaf:Android_7_1.0
1200,fam:Android,fam:Android,fam:Android,maj:Android_7,maj:Android_5,maj:Android_10|maj:Android_5|maj:Android_6|maj:Android_7|maj:Android_8|maj:Android_9,leaf:Android_7_1.0,leaf:Android_7_1.0,leaf:Android_10|leaf:Android_5_1.0|leaf:Android_6_0.0|leaf:Android_7_0.0|leaf:Android_7_1.0|leaf:Android_8_0.0|leaf:Android_8_1.0|leaf:Android_9
1202,fam:Android,fam:Android,fam:Android,maj:Android_7,maj:Android_4,maj:Android_4,leaf:Android_7_1.0,leaf:Android_4_4.0,leaf:Android_4_4.0
1203,fam:Android,fam:Android,fam:Android,maj:Android_7,maj:Android_9,maj:Android_10|maj:Android_7|maj:Android_8|maj:Android_9,leaf:Android_7_1.0,leaf:Android_9,leaf:Android_10|leaf:Android_7_0.0|leaf:Android_7_1.0|leaf:Android_8_0.0|leaf:Android_8_1.0|leaf:Android_9
1204,fam:Android,fam:Android,fam:Android,maj:Android_7,maj:Android_5,maj:Android_5|maj:Android_6|maj:Android_7|maj:Android_8,leaf:Android_7_1.0,leaf:Android_5_1.0,leaf:Android_5_1.0|leaf:Android_6_0.0|leaf:Android_7_0.0|leaf:Android_7_1.0|leaf:Android_8_0.0
1205,fam:Android,fam:Android,fam:Android,maj:Android_7,maj:Android_7,maj:Android_10|maj:Android_7|maj:Android_8|maj:Android_9,leaf:Android_7_1.0,leaf:Android_8_1.0,leaf:Android_10|leaf:Android_7_0.0|leaf:Android_7_1.0|leaf:Android_8_0.0|leaf:Android_8_1.0|leaf:Android_9
1209,fam:Android,fam:Android,fam:Android,maj:Android_7,maj:Android_8,maj:Android_10|maj:Android_7|maj:Android_8|maj:Android_9,leaf:Android_7_1.0,leaf:Android_10,leaf:Android_10|leaf:Android_7_0.0|leaf:Android_7_1.0|leaf:Android_8_0.0|leaf:Android_8_1.0|leaf:Android_9
1210,fam:Android,fam:Android,fam:Android,maj:Android_7,maj:Android_8,maj:Android_10|maj:Android_7|maj:Android_8|maj:Android_9,leaf:Android_7_1.0,leaf:Android_9,leaf:Android_10|leaf:Android_7_0.0|leaf:Android_7_1.0|leaf:Android_8_0.0|leaf:Android_8_1.0|leaf:Android_9
1211,fam:Android,fam:Android,fam:Android|fam:Linux,maj:Android_8,maj:Android_8,maj:Android_10|maj:Android_7|maj:Android_8|maj:Android_9|maj:Linux_OTHER,leaf:Android_8_0.0,leaf:Android_8_0.0,leaf:Android_10|leaf:Android_7_0.0|leaf:Android_7_1.0|leaf:Android_8_0.0|leaf:Android_8_1.0|leaf:Android_9|leaf:Linux_OTHER
1212,fam:Android,fam:Android,fam:Android,maj:Android_8,maj:Android_10,maj:Android_10|maj:Android_8|maj:Android_9,leaf:Android_8_0.0,leaf:Android_10,leaf:Android_10|leaf:Android_8_0.0|leaf:Android_8_1.0|leaf:Android_9
1213,fam:Android,fam:Android,fam:Android,maj:Android_8,maj:Android_10,maj:Android_10|maj:Android_7|maj:Android_8|maj:Android_9,leaf:Android_8_0.0,leaf:Android_8_0.0,leaf:Android_10|leaf:Android_7_0.0|leaf:Android_7_1.0|leaf:Android_8_0.0|leaf:Android_8_1.0|leaf:Android_9
1217,fam:Android,fam:Android,fam:Android,maj:Android_8,maj:Android_8,maj:Android_10|maj:Android_7|maj:Android_8|maj:Android_9,leaf:Android_8_0.0,leaf:Android_9,leaf:Android_10|leaf:Android_7_0.0|leaf:Android_7_1.0|leaf:Android_8_0.0|leaf:Android_8_1.0|leaf:Android_9
1218,fam:Android,fam:Android,fam:Android,maj:Android_8,maj:Android_9,maj:Android_10|maj:Android_7|maj:Android_8|maj:Android_9,leaf:Android_8_0.0,leaf:Android_8_0.0,leaf:Android_10|leaf:Android_7_0.0|leaf:Android_7_1.0|leaf:Android_8_0.0|leaf:Android_8_1.0|leaf:Android_9
1220,fam:Android,fam:Android,fam:Android|fam:Linux,maj:Android_8,maj:Android_9,maj:Android_10|maj:Android_7|maj:Android_8|maj:Android_9|maj:Linux_OTHER,leaf:Android_8_0.0,leaf:Android_8_0.0,leaf:Android_10|leaf:Android_7_0.0|leaf:Android_8_0.0|leaf:Android_8_1.0|leaf:Android_9|leaf:Linux_OTHER
1223,fam:Android,fam:Android,fam:Android|fam:Linux,maj:Android_8,maj:Android_9,maj:Android_10|maj:Android_7|maj:Android_8|maj:Android_9|maj:Linux_OTHER,leaf:Android_8_0.0,leaf:Android_8_0.0,leaf:Android_10|leaf:Android_7_0.0|leaf:Android_7_1.0|leaf:Android_8_0.0|leaf:Android_8_1.0|leaf:Android_9|leaf:Linux_OTHER
1224,fam:Android,fam:Android,fam:Android,maj:Android_8,maj:Android_8,maj:Android_10|maj:Android_7|maj:Android_8|maj:Android_9,leaf:Android_8_0.0,leaf:Android_8_0.0,leaf:Android_10|leaf:Android_7_0.0|leaf:Android_7_1.0|leaf:Android_8_0.0|leaf:Android_8_1.0|leaf:Android_9
1227,fam:Android,fam:Android,fam:Android,maj:Android_8,maj:Android_9,maj:Android_10|maj:Android_5|maj:Android_6|maj:Android_7|maj:Android_8|maj:Android_9,leaf:Android_8_0.0,leaf:Android_8_0.0,leaf:Android_10|leaf:Android_5_1.0|leaf:Android_6_0.0|leaf:Android_7_0.0|leaf:Android_7_1.0|leaf:Android_8_0.0|leaf:Android_8_1.0|leaf:Android_9
1228,fam:Android,fam:Android,fam:Android|fam:Linux,maj:Android_8,maj:Android_8,maj:Android_10|maj:Android_7|maj:Android_8|maj:Android_9|maj:Linux_OTHER,leaf:Android_8_0.0,leaf:Android_8_0.0,leaf:Android_10|leaf:Android_7_0.0|leaf:Android_8_0.0|leaf:Android_8_1.0|leaf:Android_9|leaf:Linux_OTHER
1229,fam:Android,fam:Android,fam:Android|fam:Linux,maj:Android_8,maj:Android_8,maj:Android_10|maj:Android_6|maj:Android_7|maj:Android_8|maj:Android_9|maj:Linux_OTHER,leaf:Android_8_0.0,leaf:Android_8_0.0,leaf:Android_10|leaf:Android_6_0.0|leaf:Android_7_0.0|leaf:Android_7_1.0|leaf:Android_8_0.0|leaf:Android_8_1.0|leaf:Android_9|leaf:Linux_OTHER
1230,fam:Android,fam:Android,fam:Android,maj:Android_8,maj:Android_9,maj:Android_10|maj:Android_7|maj:Android_8|maj:Android_9,leaf:Android_8_0.0,leaf:Android_9,leaf:Android_10|leaf:Android_7_0.0|leaf:Android_7_1.0|leaf:Android_8_0.0|leaf:Android_8_1.0|leaf:Android_9
1231,fam:Android,fam:Android,fam:Android,maj:Android_8,maj:Android_9,maj:Android_10|maj:Android_8|maj:Android_9,leaf:Android_8_0.0,leaf:Android_10,leaf:Android_10|leaf:Android_8_0.0|leaf:Android_8_1.0|leaf:Android_9
1232,fam:Android,fam:Android,fam:Android,maj:Android_8,maj:Android_9,maj:Android_10|maj:Android_7|maj:Android_8|maj:Android_9,leaf:Android_8_0.0,leaf:Android_8_0.0,leaf:Android_10|leaf:Android_7_0.0|leaf:Android_7_1.0|leaf:Android_8_0.0|leaf:Android_8_1.0|leaf:Android_9
1234,fam:Android,fam:Android,fam:Android,maj:Android_8,maj:Android_10,maj:Android_10|maj:Android_7|maj:Android_8|maj:Android_9,leaf:Android_8_0.0,leaf:Android_8_0.0,leaf:Android_10|leaf:Android_7_0.0|leaf:Android_7_1.0|leaf:Android_8_0.0|leaf:Android_8_1.0|leaf:Android_9
1238,fam:Android,fam:Android,fam:Android,maj:Android_8,maj:Android_8,maj:Android_10|maj:Android_7|maj:Android_8|maj:Android_9,leaf:Android_8_0.0,leaf:Android_10,leaf:Android_10|leaf:Android_7_0.0|leaf:Android_7_1.0|leaf:Android_8_0.0|leaf:Android_8_1.0|leaf:Android_9
1240,fam:Android,fam:Android,fam:Android,maj:Android_8,maj:Android_7,maj:Android_5|maj:Android_6|maj:Android_7|maj:Android_8,leaf:Android_8_0.0,leaf:Android_7_0.0,leaf:Android_5_1.0|leaf:Android_6_0.0|leaf:Android_7_0.0|leaf:Android_8_0.0|leaf:Android_8_1.0
1243,fam:Android,fam:Android,fam:Android,maj:Android_8,maj:Android_9,maj:Android_10|maj:Android_7|maj:Android_8|maj:Android_9,leaf:Android_8_0.0,leaf:Android_9,leaf:Android_10|leaf:Android_7_0.0|leaf:Android_7_1.0|leaf:Android_8_0.0|leaf:Android_8_1.0|leaf:Android_9
1246,fam:Android,fam:Android,fam:Android|fam:Linux,maj:Android_8,maj:Android_9,maj:Android_10|maj:Android_7|maj:Android_8|maj:Android_9|maj:Linux_OTHER,leaf:Android_8_0.0,leaf:Android_8_0.0,leaf:Android_10|leaf:Android_7_0.0|leaf:Android_8_0.0|leaf:Android_8_1.0|leaf:Android_9|leaf:Linux_OTHER
1248,fam:Android,fam:Android,fam:Android|fam:Linux,maj:Android_8,maj:Android_8,maj:Android_10|maj:Android_7|maj:Android_8|maj:Android_9|maj:Linux_OTHER,leaf:Android_8_0.0,leaf:Android_8_0.0,leaf:Android_10|leaf:Android_7_0.0|leaf:Android_8_0.0|leaf:Android_8_1.0|leaf:Android_9|leaf:Linux_OTHER
1250,fam:Android,fam:Android,fam:Android,maj:Android_8,maj:Android_9,maj:Android_10|maj:Android_7|maj:Android_8|maj:Android_9,leaf:Android_8_0.0,leaf:Android_9,leaf:Android_10|leaf:Android_7_0.0|leaf:Android_7_1.0|leaf:Android_8_0.0|leaf:Android_8_1.0|leaf:Android_9
1253,fam:Android,fam:Android,fam:Android,maj:Android_8,maj:Android_9,maj:Android_10|maj:Android_7|maj:Android_8|maj:Android_9,leaf:Android_8_0.0,leaf:Android_9,leaf:Android_10|leaf:Android_7_0.0|leaf:Android_7_1.0|leaf:Android_8_0.0|leaf:Android_8_1.0|leaf:Android_9
1258,fam:Android,fam:Android,fam:Android,maj:Android_8,maj:Android_10,maj:Android_10|maj:Android_5|maj:Android_6|maj:Android_7|maj:Android_8|maj:Android_9,leaf:Android_8_0.0,leaf:Android_9,leaf:Android_10|leaf:Android_5_1.0|leaf:Android_6_0.0|leaf:Android_7_0.0|leaf:Android_7_1.0|leaf:Android_8_0.0|leaf:Android_8_1.0|leaf:Android_9
1260,fam:Android,fam:Android,fam:Android,maj:Android_8,maj:Android_7,maj:Android_10|maj:Android_6|maj:Android_7|maj:Android_8|maj:Android_9,leaf:Android_8_0.0,leaf:Android_8_0.0,leaf:Android_10|leaf:Android_6_0.0|leaf:Android_7_0.0|leaf:Android_7_1.0|leaf:Android_8_0.0|leaf:Android_8_1.0|leaf:Android_9
1263,fam:Android,fam:Android,fam:Android|fam:Linux|fam:Windows,maj:Android_8,maj:Android_9,maj:Android_10|maj:Android_5|maj:Android_6|maj:Android_7|maj:Android_8|maj:Android_9|maj:Linux_OTHER|maj:Linux_Ubuntu|maj:Windows_10,leaf:Android_8_0.0,leaf:Android_8_0.0,leaf:Android_10|leaf:Android_5_1.0|leaf:Android_6_0.0|leaf:Android_7_0.0|leaf:Android_8_0.0|leaf:Android_8_1.0|leaf:Android_9|leaf:Linux_OTHER|leaf:Linux_Ubuntu|leaf:Windows_10
1266,fam:Android,fam:Android,fam:Android,maj:Android_8,maj:Android_9,maj:Android_10|maj:Android_5|maj:Android_6|maj:Android_7|maj:Android_8|maj:Android_9,leaf:Android_8_0.0,leaf:Android_10,leaf:Android_10|leaf:Android_5_1.0|leaf:Android_6_0.0|leaf:Android_7_0.0|leaf:Android_7_1.0|leaf:Android_8_0.0|leaf:Android_8_1.0|leaf:Android_9
1271,fam:Android,fam:Android,fam:Android,maj:Android_8,maj:Android_9,maj:Android_10|maj:Android_5|maj:Android_7|maj:Android_8|maj:Android_9,leaf:Android_8_0.0,leaf:Android_8_0.0,leaf:Android_10|leaf:Android_5_1.0|leaf:Android_7_0.0|leaf:Android_7_1.0|leaf:Android_8_0.0|leaf:Android_8_1.0|leaf:Android_9
1272,fam:Android,fam:Android,fam:Android,maj:Android_8,maj:Android_9,maj:Android_10|maj:Android_7|maj:Android_8|maj:Android_9,leaf:Android_8_0.0,leaf:Android_8_1.0,leaf:Android_10|leaf:Android_7_0.0|leaf:Android_7_1.0|leaf:Android_8_0.0|leaf:Android_8_1.0|leaf:Android_9
1274,fam:Android,fam:Android,fam:Android,maj:Android_8,maj:Android_7,maj:Android_10|maj:Android_5|maj:Android_6|maj:Android_7|maj:Android_8|maj:Android_9,leaf:Android_8_0.0,leaf:Android_7_1.0,leaf:Android_10|leaf:Android_5_1.0|leaf:Android_6_0.0|leaf:Android_7_0.0|leaf:Android_7_1.0|leaf:Android_8_0.0|leaf:Android_9
1275,fam:Android,fam:Android,fam:Android,maj:Android_8,maj:Android_9,maj:Android_10|maj:Android_7|maj:Android_8|maj:Android_9,leaf:Android_8_0.0,leaf:Android_8_0.0,leaf:Android_10|leaf:Android_7_0.0|leaf:Android_7_1.0|leaf:Android_8_0.0|leaf:Android_8_1.0|leaf:Android_9
1279,fam:Android,fam:Android,fam:Android|fam:Linux,maj:Android_8,maj:Linux_OTHER,maj:Android_10|maj:Android_7|maj:Android_8|maj:Android_9|maj:Linux_OTHER|maj:Linux_Ubuntu,leaf:Android_8_0.0,leaf:Android_8_0.0,leaf:Android_10|leaf:Android_7_0.0|leaf:Android_8_0.0|leaf:Android_8_1.0|leaf:Android_9|leaf:Linux_OTHER|leaf:Linux_Ubuntu
1282,fam:Android,fam:Android,fam:Android,maj:Android_8,maj:Android_10,maj:Android_10|maj:Android_7|maj:Android_8|maj:Android_9,leaf:Android_8_0.0,leaf:Android_10,leaf:Android_10|leaf:Android_7_0.0|leaf:Android_7_1.0|leaf:Android_8_0.0|leaf:Android_8_1.0|leaf:Android_9
1283,fam:Android,fam:Android,fam:Android|fam:Linux,maj:Android_8,maj:Android_9,maj:Android_10|maj:Android_7|maj:Android_8|maj:Android_9|maj:Linux_OTHER,leaf:Android_8_0.0,leaf:Android_8_0.0,leaf:Android_10|leaf:Android_7_0.0|leaf:Android_8_0.0|leaf:Android_8_1.0|leaf:Android_9|leaf:Linux_OTHER
1284,fam:Android,fam:Android,fam:Android,maj:Android_8,maj:Android_7,maj:Android_10|maj:Android_5|maj:Android_6|maj:Android_7|maj:Android_8|maj:Android_9,leaf:Android_8_0.0,leaf:Android_7_1.0,leaf:Android_10|leaf:Android_5_1.0|leaf:Android_6_0.0|leaf:Android_7_0.0|leaf:Android_7_1.0|leaf:Android_8_0.0|leaf:Android_9
1286,fam:Android,fam:Android,fam:Android|fam:Linux,maj:Android_8,maj:Android_9,maj:Android_10|maj:Android_7|maj:Android_8|maj:Android_9|maj:Linux_OTHER,leaf:Android_8_0.0,leaf:Android_8_0.0,leaf:Android_10|leaf:Android_7_0.0|leaf:Android_8_0.0|leaf:Android_8_1.0|leaf:Android_9|leaf:Linux_OTHER
1287,fam:Android,fam:Android,fam:Android|fam:Linux,maj:Android_8,maj:Android_8,maj:Android_10|maj:Android_7|maj:Android_8|maj:Android_9|maj:Linux_OTHER,leaf:Android_8_0.0,leaf:Android_8_0.0,leaf:Android_10|leaf:Android_7_0.0|leaf:Android_8_0.0|leaf:Android_9|leaf:Linux_OTHER
1291,fam:Android,fam:Android,fam:Android,maj:Android_8,maj:Android_7,maj:Android_10|maj:Android_6|maj:Android_7|maj:Android_8|maj:Android_9,leaf:Android_8_0.0,leaf:Android_9,leaf:Android_10|leaf:Android_6_0.0|leaf:Android_7_0.0|leaf:Android_8_0.0|leaf:Android_8_1.0|leaf:Android_9
1295,fam:Android,fam:Android,fam:Android,maj:Android_8,maj:Android_7,maj:Android_10|maj:Android_5|maj:Android_6|maj:Android_7|maj:Android_8|maj:Android_9,leaf:Android_8_0.0,leaf:Android_7_1.0,leaf:Android_10|leaf:Android_5_1.0|leaf:Android_6_0.0|leaf:Android_7_0.0|leaf:Android_7_1.0|leaf:Android_8_0.0|leaf:Android_9
1296,fam:Android,fam:Android,fam:Android,maj:Android_8,maj:Android_9,maj:Android_10|maj:Android_7|maj:Android_8|maj:Android_9,leaf:Android_8_0.0,leaf:Android_8_1.0,leaf:Android_10|leaf:Android_7_0.0|leaf:Android_7_1.0|leaf:Android_8_0.0|leaf:Android_8_1.0|leaf:Android_9
1297,fam:Android,fam:Android,fam:Android,maj:Android_8,maj:Android_10,maj:Android_10|maj:Android_6|maj:Android_7|maj:Android_8|maj:Android_9,leaf:Android_8_0.0,leaf:Android_8_0.0,leaf:Android_10|leaf:Android_6_0.0|leaf:Android_7_0.0|leaf:Android_8_0.0|leaf:Android_9
1300,fam:Android,fam:Android,fam:Android,maj:Android_8,maj:Android_9,maj:Android_10|maj:Android_5|maj:Android_6|maj:Android_7|maj:Android_8|maj:Android_9,leaf:Android_8_0.0,leaf:Android_8_0.0,leaf:Android_10|leaf:Android_5_1.0|leaf:Android_6_0.0|leaf:Android_7_0.0|leaf:Android_7_1.0|leaf:Android_8_0.0|leaf:Android_8_1.0|leaf:Android_9
1301,fam:Android,fam:Android,fam:Android|fam:Linux,maj:Android_8,maj:Android_9,maj:Android_10|maj:Android_7|maj:Android_8|maj:Android_9|maj:Linux_OTHER,leaf:Android_8_0.0,leaf:Android_8_0.0,leaf:Android_10|leaf:Android_7_0.0|leaf:Android_8_0.0|leaf:Android_8_1.0|leaf:Android_9|leaf:Linux_OTHER
1302,fam:Android,fam:Android,fam:Android,maj:Android_8,maj:Android_8,maj:Android_10|maj:Android_7|maj:Android_8|maj:Android_9,leaf:Android_8_0.0,leaf:Android_8_0.0,leaf:Android_10|leaf:Android_7_0.0|leaf:Android_7_1.0|leaf:Android_8_0.0|leaf:Android_8_1.0|leaf:Android_9
1308,fam:Android,fam:Android,fam:Android,maj:Android_8,maj:Android_5,maj:Android_10|maj:Android_5|maj:Android_6|maj:Android_7|maj:Android_8|maj:Android_9,leaf:Android_8_0.0,leaf:Android_5_1.0,leaf:Android_10|leaf:Android_5_1.0|leaf:Android_6_0.0|leaf:Android_7_0.0|leaf:Android_7_1.0|leaf:Android_8_0.0|leaf:Android_8_1.0|leaf:Android_9
1310,fam:Android,fam:Android,fam:Android,maj:Android_8,maj:Android_9,maj:Android_10|maj:Android_7|maj:Android_8|maj:Android_9,leaf:Android_8_0.0,leaf:Android_8_0.0,leaf:Android_10|leaf:Android_7_0.0|leaf:Android_8_0.0|leaf:Android_8_1.0|leaf:Android_9
1315,fam:Android,fam:Android,fam:Android,maj:Android_8,maj:Android_9,maj:Android_10|maj:Android_6|maj:Android_7|maj:Android_8|maj:Android_9,leaf:Android_8_0.0,leaf:Android_9,leaf:Android_10|leaf:Android_6_0.0|leaf:Android_7_0.0|leaf:Android_7_1.0|leaf:Android_8_0.0|leaf:Android_9
1317,fam:Android,fam:Android,fam:Android,maj:Android_8,maj:Android_10,maj:Android_10|maj:Android_7|maj:Android_8|maj:Android_9,leaf:Android_8_0.0,leaf:Android_8_1.0,leaf:Android_10|leaf:Android_7_0.0|leaf:Android_7_1.0|leaf:Android_8_0.0|leaf:Android_8_1.0|leaf:Android_9
1319,fam:Android,fam:Android,fam:Android,maj:Android_8,maj:Android_10,maj:Android_10|maj:Android_7|maj:Android_8|maj:Android_9,leaf:Android_8_0.0,leaf:Android_8_1.0,leaf:Android_10|leaf:Android_7_0.0|leaf:Android_7_1.0|leaf:Android_8_0.0|leaf:Android_8_1.0|leaf:Android_9
1324,fam:Android,fam:Android,fam:Android,maj:Android_8,maj:Android_10,maj:Android_10|maj:Android_7|maj:Android_8|maj:Android_9,leaf:Android_8_0.0,leaf:Android_10,leaf:Android_10|leaf:Android_7_0.0|leaf:Android_7_1.0|leaf:Android_8_0.0|leaf:Android_8_1.0|leaf:Android_9
1326,fam:Android,fam:Android,fam:Android,maj:Android_8,maj:Android_10,maj:Android_10|maj:Android_5|maj:Android_6|maj:Android_7|maj:Android_8|maj:Android_9,leaf:Android_8_0.0,leaf:Android_9,leaf:Android_10|leaf:Android_5_1.0|leaf:Android_6_0.0|leaf:Android_7_0.0|leaf:Android_7_1.0|leaf:Android_8_0.0|leaf:Android_8_1.0|leaf:Android_9
1327,fam:Android,fam:Android,fam:Android|fam:Linux,maj:Android_8,maj:Android_8,maj:Android_10|maj:Android_7|maj:Android_8|maj:Android_9|maj:Linux_OTHER,leaf:Android_8_0.0,leaf:Android_8_0.0,leaf:Android_10|leaf:Android_7_0.0|leaf:Android_8_0.0|leaf:Android_8_1.0|leaf:Android_9|leaf:Linux_OTHER
1328,fam:Android,fam:Android,fam:Android,maj:Android_8,maj:Android_9,maj:Android_10|maj:Android_7|maj:Android_8|maj:Android_9,leaf:Android_8_0.0,leaf:Android_9,leaf:Android_10|leaf:Android_7_0.0|leaf:Android_7_1.0|leaf:Android_8_0.0|leaf:Android_8_1.0|leaf:Android_9
1329,fam:Android,fam:Android,fam:Android,maj:Android_8,maj:Android_10,maj:Android_10|maj:Android_7|maj:Android_8|maj:Android_9,leaf:Android_8_0.0,leaf:Android_10,leaf:Android_10|leaf:Android_7_0.0|leaf:Android_7_1.0|leaf:Android_8_0.0|leaf:Android_8_1.0|leaf:Android_9
1330,fam:Android,fam:Android,fam:Android,maj:Android_8,maj:Android_9,maj:Android_10|maj:Android_5|maj:Android_6|maj:Android_7|maj:Android_8|maj:Android_9,leaf:Android_8_0.0,leaf:Android_10,leaf:Android_10|leaf:Android_5_1.0|leaf:Android_6_0.0|leaf:Android_7_0.0|leaf:Android_7_1.0|leaf:Android_8_0.0|leaf:Android_8_1.0|leaf:Android_9
1331,fam:Android,fam:Android,fam:Android,maj:Android_8,maj:Android_8,maj:Android_8,leaf:Android_8_0.0,leaf:Android_8_0.0,leaf:Android_8_0.0
1332,fam:Android,fam:Android,fam:Android|fam:Linux,maj:Android_8,maj:Android_9,maj:Android_10|maj:Android_7|maj:Android_8|maj:Android_9|maj:Linux_OTHER,leaf:Android_8_0.0,leaf:Android_8_0.0,leaf:Android_10|leaf:Android_7_0.0|leaf:Android_7_1.0|leaf:Android_8_0.0|leaf:Android_8_1.0|leaf:Android_9|leaf:Linux_OTHER
1333,fam:Android,fam:Android,fam:Android,maj:Android_8,maj:Android_9,maj:Android_10|maj:Android_7|maj:Android_8|maj:Android_9,leaf:Android_8_0.0,leaf:Android_9,leaf:Android_10|leaf:Android_7_0.0|leaf:Android_7_1.0|leaf:Android_8_0.0|leaf:Android_8_1.0|leaf:Android_9
1334,fam:Android,fam:Android,fam:Android,maj:Android_8,maj:Android_10,maj:Android_10|maj:Android_5|maj:Android_6|maj:Android_7|maj:Android_8|maj:Android_9,leaf:Android_8_0.0,leaf:Android_7_1.0,leaf:Android_10|leaf:Android_5_1.0|leaf:Android_6_0.0|leaf:Android_7_0.0|leaf:Android_7_1.0|leaf:Android_8_0.0|leaf:Android_9
1335,fam:Android,fam:Android,fam:Android,maj:Android_8,maj:Android_9,maj:Android_10|maj:Android_6|maj:Android_8|maj:Android_9,leaf:Android_8_0.0,leaf:Android_9,leaf:Android_10|leaf:Android_6_0.0|leaf:Android_8_0.0|leaf:Android_8_1.0|leaf:Android_9
1336,fam:Android,fam:Android,fam:Android,maj:Android_8,maj:Android_8,maj:Android_7|maj:Android_8,leaf:Android_8_0.0,leaf:Android_8_0.0,leaf:Android_7_0.0|leaf:Android_8_0.0
1338,fam:Android,fam:Android,fam:Android,maj:Android_8,maj:Android_9,maj:Android_10|maj:Android_5|maj:Android_7|maj:Android_8|maj:Android_9,leaf:Android_8_0.0,leaf:Android_8_0.0,leaf:Android_10|leaf:Android_5_1.0|leaf:Android_7_0.0|leaf:Android_7_1.0|leaf:Android_8_0.0|leaf:Android_8_1.0|leaf:Android_9
1339,fam:Android,fam:Android,fam:Android,maj:Android_8,maj:Android_9,maj:Android_10|maj:Android_7|maj:Android_8|maj:Android_9,leaf:Android_8_0.0,leaf:Android_8_0.0,leaf:Android_10|leaf:Android_7_0.0|leaf:Android_7_1.0|leaf:Android_8_0.0|leaf:Android_8_1.0|leaf:Android_9
1340,fam:Android,fam:Android,fam:Android,maj:Android_8,maj:Android_9,maj:Android_10|maj:Android_7|maj:Android_8|maj:Android_9,leaf:Android_8_0.0,leaf:Android_10,leaf:Android_10|leaf:Android_7_0.0|leaf:Android_7_1.0|leaf:Android_8_0.0|leaf:Android_8_1.0|leaf:Android_9
1342,fam:Android,fam:Android,fam:Android,maj:Android_8,maj:Android_9,maj:Android_10|maj:Android_7|maj:Android_8|maj:Android_9,leaf:Android_8_0.0,leaf:Android_9,leaf:Android_10|leaf:Android_7_0.0|leaf:Android_7_1.0|leaf:Android_8_0.0|leaf:Android_8_1.0|leaf:Android_9
1344,fam:Android,fam:Android,fam:Android,maj:Android_8,maj:Android_8,maj:Android_10|maj:Android_7|maj:Android_8|maj:Android_9,leaf:Android_8_0.0,leaf:Android_8_0.0,leaf:Android_10|leaf:Android_7_0.0|leaf:Android_7_1.0|leaf:Android_8_0.0|leaf:Android_8_1.0|leaf:Android_9
1346,fam:Android,fam:Android,fam:Android|fam:Linux,maj:Android_8,maj:Linux_OTHER,maj:Android_10|maj:Android_7|maj:Android_8|maj:Android_9|maj:Linux_OTHER,leaf:Android_8_0.0,leaf:Linux_OTHER,leaf:Android_10|leaf:Android_7_0.0|leaf:Android_8_0.0|leaf:Android_8_1.0|leaf:Android_9|leaf:Linux_OTHER
1347,fam:Android,fam:Android,fam:Android,maj:Android_8,maj:Android_10,maj:Android_10|maj:Android_7|maj:Android_8|maj:Android_9,leaf:Android_8_0.0,leaf:Android_8_1.0,leaf:Android_10|leaf:Android_7_0.0|leaf:Android_7_1.0|leaf:Android_8_0.0|leaf:Android_8_1.0|leaf:Android_9
1348,fam:Android,fam:Android,fam:Android,maj:Android_8,maj:Android_10,maj:Android_10|maj:Android_7|maj:Android_8|maj:Android_9,leaf:Android_8_0.0,leaf:Android_8_0.0,leaf:Android_10|leaf:Android_7_0.0|leaf:Android_7_1.0|leaf:Android_8_0.0|leaf:Android_8_1.0|leaf:Android_9
1350,fam:Android,fam:Android,fam:Android|fam:Linux,maj:Android_8,maj:Android_9,maj:Android_10|maj:Android_7|maj:Android_8|maj:Android_9|maj:Linux_OTHER,leaf:Android_8_0.0,leaf:Android_8_0.0,leaf:Android_10|leaf:Android_7_0.0|leaf:Android_8_0.0|leaf:Android_8_1.0|leaf:Android_9|leaf:Linux_OTHER
1352,fam:Android,fam:Android,fam:Android|fam:Linux,maj:Android_8,maj:Android_8,maj:Android_10|maj:Android_7|maj:Android_8|maj:Android_9|maj:Linux_OTHER,leaf:Android_8_0.0,leaf:Android_8_0.0,leaf:Android_10|leaf:Android_7_0.0|leaf:Android_8_0.0|leaf:Android_8_1.0|leaf:Android_9|leaf:Linux_OTHER
1353,fam:Android,fam:Android,fam:Android,maj:Android_8,maj:Android_7,maj:Android_6|maj:Android_7,leaf:Android_8_0.0,leaf:Android_7_0.0,leaf:Android_6_0.0|leaf:Android_7_0.0
1354,fam:Android,fam:Android,fam:Android,maj:Android_8,maj:Android_9,maj:Android_10|maj:Android_5|maj:Android_6|maj:Android_7|maj:Android_8|maj:Android_9,leaf:Android_8_0.0,leaf:Android_10,leaf:Android_10|leaf:Android_5_1.0|leaf:Android_6_0.0|leaf:Android_7_0.0|leaf:Android_7_1.0|leaf:Android_8_0.0|leaf:Android_8_1.0|leaf:Android_9
1355,fam:Android,fam:Android,fam:Android,maj:Android_8,maj:Android_8,maj:Android_10|maj:Android_7|maj:Android_8|maj:Android_9,leaf:Android_8_0.0,leaf:Android_8_1.0,leaf:Android_10|leaf:Android_7_1.0|leaf:Android_8_0.0|leaf:Android_8_1.0|leaf:Android_9
1360,fam:Android,fam:Android,fam:Android,maj:Android_8,maj:Android_9,maj:Android_10|maj:Android_7|maj:Android_8|maj:Android_9,leaf:Android_8_0.0,leaf:Android_9,leaf:Android_10|leaf:Android_7_0.0|leaf:Android_7_1.0|leaf:Android_8_0.0|leaf:Android_8_1.0|leaf:Android_9
1361,fam:Android,fam:Android,fam:Android|fam:Linux,maj:Android_8,maj:Android_8,maj:Android_10|maj:Android_7|maj:Android_8|maj:Android_9|maj:Linux_OTHER,leaf:Android_8_0.0,leaf:Android_9,leaf:Android_10|leaf:Android_7_0.0|leaf:Android_8_0.0|leaf:Android_8_1.0|leaf:Android_9|leaf:Linux_OTHER
1362,fam:Android,fam:Android,fam:Android,maj:Android_8,maj:Android_10,maj:Android_10|maj:Android_7|maj:Android_8|maj:Android_9,leaf:Android_8_0.0,leaf:Android_10,leaf:Android_10|leaf:Android_7_0.0|leaf:Android_7_1.0|leaf:Android_8_0.0|leaf:Android_8_1.0|leaf:Android_9
1366,fam:Android,fam:Android,fam:Android,maj:Android_8,maj:Android_10,maj:Android_10|maj:Android_7|maj:Android_8|maj:Android_9,leaf:Android_8_1.0,leaf:Android_9,leaf:Android_10|leaf:Android_7_0.0|leaf:Android_7_1.0|leaf:Android_8_0.0|leaf:Android_8_1.0|leaf:Android_9
1367,fam:Android,fam:Android,fam:Android,maj:Android_8,maj:Android_8,maj:Android_10|maj:Android_7|maj:Android_8|maj:Android_9,leaf:Android_8_1.0,leaf:Android_8_0.0,leaf:Android_10|leaf:Android_7_0.0|leaf:Android_7_1.0|leaf:Android_8_0.0|leaf:Android_8_1.0|leaf:Android_9
1368,fam:Android,fam:Android,fam:Android,maj:Android_8,maj:Android_9,maj:Android_10|maj:Android_7|maj:Android_8|maj:Android_9,leaf:Android_8_1.0,leaf:Android_10,leaf:Android_10|leaf:Android_7_0.0|leaf:Android_7_1.0|leaf:Android_8_0.0|leaf:Android_8_1.0|leaf:Android_9
1372,fam:Android,fam:Android,fam:Android,maj:Android_8,maj:Android_10,maj:Android_10|maj:Android_6|maj:Android_7|maj:Android_8|maj:Android_9,leaf:Android_8_1.0,leaf:Android_8_0.0,leaf:Android_10|leaf:Android_6_0.0|leaf:Android_7_0.0|leaf:Android_7_1.0|leaf:Android_8_0.0|leaf:Android_8_1.0|leaf:Android_9
1381,fam:Android,fam:Android,fam:Android|fam:Linux,maj:Android_8,maj:Android_8,maj:Android_10|maj:Android_7|maj:Android_8|maj:Android_9|maj:Linux_OTHER,leaf:Android_8_1.0,leaf:Android_8_0.0,leaf:Android_10|leaf:Android_7_0.0|leaf:Android_8_0.0|leaf:Android_8_1.0|leaf:Android_9|leaf:Linux_OTHER
1383,fam:Android,fam:Android,fam:Android,maj:Android_8,maj:Android_9,maj:Android_10|maj:Android_7|maj:Android_8|maj:Android_9,leaf:Android_8_1.0,leaf:Android_8_0.0,leaf:Android_10|leaf:Android_7_0.0|leaf:Android_7_1.0|leaf:Android_8_0.0|leaf:Android_8_1.0|leaf:Android_9
1385,fam:Android,fam:Android,fam:Android,maj:Android_8,maj:Android_7,maj:Android_10|maj:Android_6|maj:Android_7|maj:Android_8|maj:Android_9,leaf:Android_8_1.0,leaf:Android_10,leaf:Android_10|leaf:Android_6_0.0|leaf:Android_7_0.0|leaf:Android_7_1.0|leaf:Android_8_0.0|leaf:Android_8_1.0|leaf:Android_9
1389,fam:Android,fam:Android,fam:Android,maj:Android_8,maj:Android_8,maj:Android_10|maj:Android_7|maj:Android_8|maj:Android_9,leaf:Android_8_1.0,leaf:Android_8_1.0,leaf:Android_10|leaf:Android_7_1.0|leaf:Android_8_0.0|leaf:Android_8_1.0|leaf:Android_9
1391,fam:Android,fam:Android,fam:Android,maj:Android_8,maj:Android_9,maj:Android_10|maj:Android_6|maj:Android_7|maj:Android_8|maj:Android_9,leaf:Android_8_1.0,leaf:Android_8_0.0,leaf:Android_10|leaf:Android_6_0.0|leaf:Android_7_0.0|leaf:Android_7_1.0|leaf:Android_8_0.0|leaf:Android_8_1.0|leaf:Android_9
1393,fam:Android,fam:Android,fam:Android,maj:Android_8,maj:Android_8,maj:Android_10|maj:Android_7|maj:Android_8|maj:Android_9,leaf:Android_8_1.0,leaf:Android_8_1.0,leaf:Android_10|leaf:Android_7_1.0|leaf:Android_8_1.0|leaf:Android_9
1394,fam:Android,fam:Android,fam:Android,maj:Android_8,maj:Android_9,maj:Android_10|maj:Android_7|maj:Android_8|maj:Android_9,leaf:Android_8_1.0,leaf:Android_8_0.0,leaf:Android_10|leaf:Android_7_0.0|leaf:Android_7_1.0|leaf:Android_8_0.0|leaf:Android_8_1.0|leaf:Android_9
1396,fam:Android,fam:Android,fam:Android,maj:Android_8,maj:Android_10,maj:Android_10|maj:Android_7|maj:Android_8|maj:Android_9,leaf:Android_8_1.0,leaf:Android_8_1.0,leaf:Android_10|leaf:Android_7_0.0|leaf:Android_7_1.0|leaf:Android_8_0.0|leaf:Android_8_1.0|leaf:Android_9
1397,fam:Android,fam:Android,fam:Android|fam:Linux,maj:Android_8,maj:Android_9,maj:Android_10|maj:Android_7|maj:Android_8|maj:Android_9|maj:Linux_OTHER,leaf:Android_8_1.0,leaf:Android_8_0.0,leaf:Android_10|leaf:Android_7_0.0|leaf:Android_8_0.0|leaf:Android_8_1.0|leaf:Android_9|leaf:Linux_OTHER
1399,fam:Android,fam:Android,fam:Android,maj:Android_8,maj:Android_8,maj:Android_10|maj:Android_7|maj:Android_8|maj:Android_9,leaf:Android_8_1.0,leaf:Android_8_1.0,leaf:Android_10|leaf:Android_7_0.0|leaf:Android_7_1.0|leaf:Android_8_0.0|leaf:Android_8_1.0|leaf:Android_9
1400,fam:Android,fam:Android,fam:Android,maj:Android_8,maj:Android_8,maj:Android_10|maj:Android_7|maj:Android_8|maj:Android_9,leaf:Android_8_1.0,leaf:Android_8_1.0,leaf:Android_10|leaf:Android_7_0.0|leaf:Android_7_1.0|leaf:Android_8_0.0|leaf:Android_8_1.0|leaf:Android_9
1401,fam:Android,fam:Android,fam:Android|fam:Linux,maj:Android_8,maj:Android_8,maj:Android_6|maj:Android_7|maj:Android_8|maj:Android_9|maj:Linux_OTHER,leaf:Android_8_1.0,leaf:Android_8_1.0,leaf:Android_6_0.0|leaf:Android_7_0.0|leaf:Android_8_1.0|leaf:Android_9|leaf:Linux_OTHER
1402,fam:Android,fam:Android,fam:Android,maj:Android_8,maj:Android_8,maj:Android_10|maj:Android_5|maj:Android_6|maj:Android_7|maj:Android_8|maj:Android_9,leaf:Android_8_1.0,leaf:Android_7_1.0,leaf:Android_10|leaf:Android_5_1.0|leaf:Android_6_0.0|leaf:Android_7_0.0|leaf:Android_7_1.0|leaf:Android_8_0.0|leaf:Android_8_1.0|leaf:Android_9
1404,fam:Android,fam:Android,fam:Android,maj:Android_8,maj:Android_10,maj:Android_10|maj:Android_7|maj:Android_8|maj:Android_9,leaf:Android_8_1.0,leaf:Android_9,leaf:Android_10|leaf:Android_7_0.0|leaf:Android_7_1.0|leaf:Android_8_0.0|leaf:Android_8_1.0|leaf:Android_9
1405,fam:Android,fam:Android,fam:Android,maj:Android_8,maj:Android_8,maj:Android_10|maj:Android_8|maj:Android_9,leaf:Android_8_1.0,leaf:Android_8_1.0,leaf:Android_10|leaf:Android_8_1.0|leaf:Android_9
1409,fam:Android,fam:Android,fam:Android,maj:Android_8,maj:Android_8,maj:Android_10|maj:Android_7|maj:Android_8|maj:Android_9,leaf:Android_8_1.0,leaf:Android_8_1.0,leaf:Android_10|leaf:Android_7_0.0|leaf:Android_8_0.0|leaf:Android_8_1.0|leaf:Android_9
1410,fam:Android,fam:Android,fam:Android,maj:Android_8,maj:Android_10,maj:Android_10|maj:Android_7|maj:Android_8|maj:Android_9,leaf:Android_8_1.0,leaf:Android_8_0.0,leaf:Android_10|leaf:Android_7_0.0|leaf:Android_7_1.0|leaf:Android_8_0.0|leaf:Android_8_1.0|leaf:Android_9
1413,fam:Android,fam:Android,fam:Android,maj:Android_8,maj:Android_10,maj:Android_10|maj:Android_7|maj:Android_8|maj:Android_9,leaf:Android_8_1.0,leaf:Android_10,leaf:Android_10|leaf:Android_7_0.0|leaf:Android_7_1.0|leaf:Android_8_0.0|leaf:Android_8_1.0|leaf:Android_9
1414,fam:Android,fam:Android,fam:Android,maj:Android_8,maj:Android_8,maj:Android_10|maj:Android_7|maj:Android_8|maj:Android_9,leaf:Android_8_1.0,leaf:Android_8_0.0,leaf:Android_10|leaf:Android_7_0.0|leaf:Android_7_1.0|leaf:Android_8_0.0|leaf:Android_8_1.0|leaf:Android_9
1415,fam:Android,fam:Android,fam:Android,maj:Android_8,maj:Android_9,maj:Android_10|maj:Android_7|maj:Android_8|maj:Android_9,leaf:Android_8_1.0,leaf:Android_10,leaf:Android_10|leaf:Android_7_0.0|leaf:Android_7_1.0|leaf:Android_8_0.0|leaf:Android_8_1.0|leaf:Android_9
1417,fam:Android,fam:Android,fam:Android,maj:Android_8,maj:Android_9,maj:Android_10|maj:Android_7|maj:Android_8|maj:Android_9,leaf:Android_8_1.0,leaf:Android_9,leaf:Android_10|leaf:Android_7_0.0|leaf:Android_7_1.0|leaf:Android_8_0.0|leaf:Android_8_1.0|leaf:Android_9
1418,fam:Android,fam:Android,fam:Android,maj:Android_8,maj:Android_9,maj:Android_10|maj:Android_7|maj:Android_8|maj:Android_9,leaf:Android_8_1.0,leaf:Android_9,leaf:Android_10|leaf:Android_7_0.0|leaf:Android_7_1.0|leaf:Android_8_0.0|leaf:Android_8_1.0|leaf:Android_9
1419,fam:Android,fam:Android,fam:Android,maj:Android_8,maj:Android_9,maj:Android_10|maj:Android_7|maj:Android_8|maj:Android_9,leaf:Android_8_1.0,leaf:Android_10,leaf:Android_10|leaf:Android_7_0.0|leaf:Android_7_1.0|leaf:Android_8_0.0|leaf:Android_8_1.0|leaf:Android_9
1420,fam:Android,fam:Android,fam:Android,maj:Android_8,maj:Android_8,maj:Android_10|maj:Android_7|maj:Android_8|maj:Android_9,leaf:Android_8_1.0,leaf:Android_8_1.0,leaf:Android_10|leaf:Android_7_0.0|leaf:Android_7_1.0|leaf:Android_8_0.0|leaf:Android_8_1.0|leaf:Android_9
1421,fam:Android,fam:Android,fam:Android,maj:Android_8,maj:Android_8,maj:Android_8,leaf:Android_8_1.0,leaf:Android_8_1.0,leaf:Android_8_1.0
1422,fam:Android,fam:Android,fam:Android,maj:Android_8,maj:Android_8,maj:Android_10|maj:Android_6|maj:Android_7|maj:Android_8|maj:Android_9,leaf:Android_8_1.0,leaf:Android_8_0.0,leaf:Android_10|leaf:Android_6_0.0|leaf:Android_7_0.0|leaf:Android_7_1.0|leaf:Android_8_0.0|leaf:Android_8_1.0|leaf:Android_9
1423,fam:Android,fam:Android,fam:Android|fam:Linux,maj:Android_8,maj:Android_10,maj:Android_10|maj:Android_7|maj:Android_8|maj:Android_9|maj:Linux_OTHER,leaf:Android_8_1.0,leaf:Android_8_0.0,leaf:Android_10|leaf:Android_7_0.0|leaf:Android_7_1.0|leaf:Android_8_0.0|leaf:Android_8_1.0|leaf:Android_9|leaf:Linux_OTHER
1427,fam:Android,fam:Android,fam:Android,maj:Android_8,maj:Android_8,maj:Android_8,leaf:Android_8_1.0,leaf:Android_8_1.0,leaf:Android_8_1.0
1428,fam:Android,fam:Android,fam:Android,maj:Android_8,maj:Android_9,maj:Android_10|maj:Android_7|maj:Android_8|maj:Android_9,leaf:Android_8_1.0,leaf:Android_8_0.0,leaf:Android_10|leaf:Android_7_0.0|leaf:Android_7_1.0|leaf:Android_8_0.0|leaf:Android_8_1.0|leaf:Android_9
1430,fam:Android,fam:Android,fam:Android,maj:Android_8,maj:Android_10,maj:Android_10|maj:Android_7|maj:Android_8|maj:Android_9,leaf:Android_8_1.0,leaf:Android_8_0.0,leaf:Android_10|leaf:Android_7_0.0|leaf:Android_7_1.0|leaf:Android_8_0.0|leaf:Android_8_1.0|leaf:Android_9
1431,fam:Android,fam:Android,fam:Android,maj:Android_8,maj:Android_10,maj:Android_10|maj:Android_7|maj:Android_8|maj:Android_9,leaf:Android_8_1.0,leaf:Android_8_0.0,leaf:Android_10|leaf:Android_7_0.0|leaf:Android_7_1.0|leaf:Android_8_0.0|leaf:Android_8_1.0|leaf:Android_9
1432,fam:Android,fam:Android,fam:Android,maj:Android_8,maj:Android_10,maj:Android_10|maj:Android_7|maj:Android_8|maj:Android_9,leaf:Android_8_1.0,leaf:Android_8_1.0,leaf:Android_10|leaf:Android_7_0.0|leaf:Android_7_1.0|leaf:Android_8_0.0|leaf:Android_8_1.0|leaf:Android_9
1437,fam:Android,fam:Android,fam:Android|fam:Linux,maj:Android_8,maj:Android_8,maj:Android_6|maj:Android_7|maj:Android_8|maj:Android_9|maj:Linux_OTHER|maj:Linux_Ubuntu,leaf:Android_8_1.0,leaf:Android_8_1.0,leaf:Android_6_0.0|leaf:Android_7_0.0|leaf:Android_7_1.0|leaf:Android_8_1.0|leaf:Android_9|leaf:Linux_OTHER|leaf:Linux_Ubuntu
1438,fam:Android,fam:Android,fam:Android,maj:Android_8,maj:Android_10,maj:Android_10|maj:Android_6|maj:Android_7|maj:Android_8|maj:Android_9,leaf:Android_8_1.0,leaf:Android_8_0.0,leaf:Android_10|leaf:Android_6_0.0|leaf:Android_7_0.0|leaf:Android_7_1.0|leaf:Android_8_0.0|leaf:Android_8_1.0|leaf:Android_9
1439,fam:Android,fam:Android,fam:Android,maj:Android_8,maj:Android_8,maj:Android_10|maj:Android_7|maj:Android_8|maj:Android_9,leaf:Android_8_1.0,leaf:Android_8_1.0,leaf:Android_10|leaf:Android_7_0.0|leaf:Android_8_0.0|leaf:Android_8_1.0|leaf:Android_9
1441,fam:Android,fam:Android,fam:Android,maj:Android_8,maj:Android_8,maj:Android_10|maj:Android_7|maj:Android_8|maj:Android_9,leaf:Android_8_1.0,leaf:Android_8_0.0,leaf:Android_10|leaf:Android_7_0.0|leaf:Android_7_1.0|leaf:Android_8_0.0|leaf:Android_8_1.0|leaf:Android_9
1442,fam:Android,fam:Linux,fam:Android|fam:Linux|fam:iOS,maj:Android_8,maj:Android_8,maj:Android_4|maj:Android_6|maj:Android_7|maj:Android_8|maj:Linux_OTHER|maj:Linux_Ubuntu|maj:iOS_11,leaf:Android_8_1.0,leaf:Android_8_1.0,leaf:Android_4_4.0|leaf:Android_6_0.0|leaf:Android_7_1.0|leaf:Android_8_1.0|leaf:Linux_OTHER|leaf:Linux_Ubuntu|leaf:iOS_11_0.0
1443,fam:Android,fam:Android,fam:Android,maj:Android_8,maj:Android_10,maj:Android_10|maj:Android_5|maj:Android_7|maj:Android_8|maj:Android_9,leaf:Android_8_1.0,leaf:Android_8_0.0,leaf:Android_10|leaf:Android_5_1.0|leaf:Android_7_0.0|leaf:Android_7_1.0|leaf:Android_8_0.0|leaf:Android_8_1.0|leaf:Android_9
1444,fam:Android,fam:Android,fam:Android|fam:Linux,maj:Android_8,maj:Android_8,maj:Android_10|maj:Android_7|maj:Android_8|maj:Android_9|maj:Linux_OTHER,leaf:Android_8_1.0,leaf:Android_8_0.0,leaf:Android_10|leaf:Android_7_0.0|leaf:Android_8_0.0|leaf:Android_8_1.0|leaf:Android_9|leaf:Linux_OTHER
1445,fam:Android,fam:Android,fam:Android,maj:Android_8,maj:Android_9,maj:Android_10|maj:Android_7|maj:Android_8|maj:Android_9,leaf:Android_8_1.0,leaf:Android_9,leaf:Android_10|leaf:Android_7_0.0|leaf:Android_7_1.0|leaf:Android_8_0.0|leaf:Android_8_1.0|leaf:Android_9
1449,fam:Android,fam:Android,fam:Android,maj:Android_8,maj:Android_10,maj:Android_10|maj:Android_6|maj:Android_7|maj:Android_8|maj:Android_9,leaf:Android_8_1.0,leaf:Android_8_1.0,leaf:Android_10|leaf:Android_6_0.0|leaf:Android_7_0.0|leaf:Android_7_1.0|leaf:Android_8_0.0|leaf:Android_8_1.0|leaf:Android_9
1450,fam:Android,fam:Android,fam:Android,maj:Android_8,maj:Android_10,maj:Android_10|maj:Android_7|maj:Android_8|maj:Android_9,leaf:Android_8_1.0,leaf:Android_10,leaf:Android_10|leaf:Android_7_0.0|leaf:Android_7_1.0|leaf:Android_8_0.0|leaf:Android_8_1.0|leaf:Android_9
1454,fam:Android,fam:Android,fam:Android,maj:Android_9,maj:Android_9,maj:Android_10|maj:Android_7|maj:Android_8|maj:Android_9,leaf:Android_9,leaf:Android_8_0.0,leaf:Android_10|leaf:Android_7_0.0|leaf:Android_8_0.0|leaf:Android_8_1.0|leaf:Android_9
1458,fam:Android,fam:Android,fam:Android|fam:Linux,maj:Android_9,maj:Android_9,maj:Android_10|maj:Android_7|maj:Android_8|maj:Android_9|maj:Linux_OTHER,leaf:Android_9,leaf:Android_8_0.0,leaf:Android_10|leaf:Android_7_0.0|leaf:Android_8_0.0|leaf:Android_8_1.0|leaf:Android_9|leaf:Linux_OTHER
1459,fam:Android,fam:Android,fam:Android,maj:Android_9,maj:Android_9,maj:Android_10|maj:Android_9,leaf:Android_9,leaf:Android_9,leaf:Android_10|leaf:Android_9
1460,fam:Android,fam:Android,fam:Android,maj:Android_9,maj:Android_8,maj:Android_10|maj:Android_5|maj:Android_6|maj:Android_7|maj:Android_8|maj:Android_9,leaf:Android_9,leaf:Android_9,leaf:Android_10|leaf:Android_5_1.0|leaf:Android_6_0.0|leaf:Android_7_0.0|leaf:Android_7_1.0|leaf:Android_8_0.0|leaf:Android_8_1.0|leaf:Android_9
1466,fam:Android,fam:Android,fam:Android,maj:Android_9,maj:Android_9,maj:Android_10|maj:Android_6|maj:Android_7|maj:Android_8|maj:Android_9,leaf:Android_9,leaf:Android_9,leaf:Android_10|leaf:Android_6_0.0|leaf:Android_7_0.0|leaf:Android_7_1.0|leaf:Android_8_0.0|leaf:Android_8_1.0|leaf:Android_9
1467,fam:Android,fam:Android,fam:Android,maj:Android_9,maj:Android_9,maj:Android_10|maj:Android_5|maj:Android_7|maj:Android_8|maj:Android_9,leaf:Android_9,leaf:Android_8_0.0,leaf:Android_10|leaf:Android_5_1.0|leaf:Android_7_0.0|leaf:Android_7_1.0|leaf:Android_8_0.0|leaf:Android_8_1.0|leaf:Android_9
1471,fam:Android,fam:Android,fam:Android,maj:Android_9,maj:Android_10,maj:Android_10|maj:Android_7|maj:Android_8|maj:Android_9,leaf:Android_9,leaf:Android_8_1.0,leaf:Android_10|leaf:Android_7_0.0|leaf:Android_7_1.0|leaf:Android_8_0.0|leaf:Android_8_1.0|leaf:Android_9
1472,fam:Android,fam:Android,fam:Android|fam:Windows,maj:Android_9,maj:Android_8,maj:Android_10|maj:Android_6|maj:Android_7|maj:Android_8|maj:Android_9|maj:Windows_10,leaf:Android_9,leaf:Android_8_0.0,leaf:Android_10|leaf:Android_6_0.0|leaf:Android_7_0.0|leaf:Android_8_0.0|leaf:Android_8_1.0|leaf:Android_9|leaf:Windows_10
1478,fam:Android,fam:Android,fam:Android,maj:Android_9,maj:Android_9,maj:Android_10|maj:Android_8|maj:Android_9,leaf:Android_9,leaf:Android_10,leaf:Android_10|leaf:Android_8_0.0|leaf:Android_8_1.0|leaf:Android_9
1481,fam:Android,fam:Android,fam:Android,maj:Android_9,maj:Android_10,maj:Android_10|maj:Android_7|maj:Android_8|maj:Android_9,leaf:Android_9,leaf:Android_8_1.0,leaf:Android_10|leaf:Android_7_0.0|leaf:Android_7_1.0|leaf:Android_8_0.0|leaf:Android_8_1.0|leaf:Android_9
1482,fam:Android,fam:Android,fam:Android|fam:Windows,maj:Android_9,maj:Android_10,maj:Android_10|maj:Android_6|maj:Android_9|maj:Windows_10|maj:Windows_8,leaf:Android_9,leaf:Android_10,leaf:Android_10|leaf:Android_6_0.0|leaf:Android_9|leaf:Windows_10|leaf:Windows_8_1.0
1484,fam:Android,fam:Android,fam:Android,maj:Android_9,maj:Android_9,maj:Android_10|maj:Android_7|maj:Android_8|maj:Android_9,leaf:Android_9,leaf:Android_8_0.0,leaf:Android_10|leaf:Android_7_0.0|leaf:Android_7_1.0|leaf:Android_8_0.0|leaf:Android_8_1.0|leaf:Android_9
1485,fam:Android,fam:Android,fam:Android,maj:Android_9,maj:Android_9,maj:Android_10|maj:Android_6|maj:Android_7|maj:Android_8|maj:Android_9,leaf:Android_9,leaf:Android_9,leaf:Android_10|leaf:Android_6_0.0|leaf:Android_7_0.0|leaf:Android_8_0.0|leaf:Android_8_1.0|leaf:Android_9
1486,fam:Android,fam:Android,fam:Android,maj:Android_9,maj:Android_10,maj:Android_10|maj:Android_7|maj:Android_8|maj:Android_9,leaf:Android_9,leaf:Android_8_0.0,leaf:Android_10|leaf:Android_7_0.0|leaf:Android_7_1.0|leaf:Android_8_0.0|leaf:Android_8_1.0|leaf:Android_9
1487,fam:Android,fam:Android,fam:Android|fam:Windows,maj:Android_9,maj:Android_9,maj:Android_10|maj:Android_6|maj:Android_7|maj:Android_8|maj:Android_9|maj:Windows_10,leaf:Android_9,leaf:Android_9,leaf:Android_10|leaf:Android_6_0.0|leaf:Android_7_0.0|leaf:Android_7_1.0|leaf:Android_8_0.0|leaf:Android_8_1.0|leaf:Android_9|leaf:Windows_10
1490,fam:Android,fam:Android,fam:Android,maj:Android_9,maj:Android_10,maj:Android_10|maj:Android_7|maj:Android_8|maj:Android_9,leaf:Android_9,leaf:Android_8_1.0,leaf:Android_10|leaf:Android_7_0.0|leaf:Android_7_1.0|leaf:Android_8_0.0|leaf:Android_8_1.0|leaf:Android_9
1491,fam:Android,fam:Android,fam:Android|fam:Linux,maj:Android_9,maj:Android_9,maj:Android_10|maj:Android_6|maj:Android_7|maj:Android_8|maj:Android_9|maj:Linux_OTHER,leaf:Android_9,leaf:Android_9,leaf:Android_10|leaf:Android_6_0.0|leaf:Android_7_0.0|leaf:Android_7_1.0|leaf:Android_8_0.0|leaf:Android_8_1.0|leaf:Android_9|leaf:Linux_OTHER
1493,fam:Android,fam:Android,fam:Android,maj:Android_9,maj:Android_10,maj:Android_10|maj:Android_8|maj:Android_9,leaf:Android_9,leaf:Android_10,leaf:Android_10|leaf:Android_8_0.0|leaf:Android_8_1.0|leaf:Android_9
1494,fam:Android,fam:Android,fam:Android,maj:Android_9,maj:Android_9,maj:Android_10|maj:Android_7|maj:Android_8|maj:Android_9,leaf:Android_9,leaf:Android_9,leaf:Android_10|leaf:Android_7_0.0|leaf:Android_7_1.0|leaf:Android_8_0.0|leaf:Android_8_1.0|leaf:Android_9
1495,fam:Android,fam:Android,fam:Android,maj:Android_9,maj:Android_9,maj:Android_10|maj:Android_7|maj:Android_8|maj:Android_9,leaf:Android_9,leaf:Android_9,leaf:Android_10|leaf:Android_7_0.0|leaf:Android_7_1.0|leaf:Android_8_0.0|leaf:Android_8_1.0|leaf:Android_9
1496,fam:Android,fam:Android,fam:Android,maj:Android_9,maj:Android_10,maj:Android_10|maj:Android_7|maj:Android_8|maj:Android_9,leaf:Android_9,leaf:Android_10,leaf:Android_10|leaf:Android_7_0.0|leaf:Android_7_1.0|leaf:Android_8_0.0|leaf:Android_8_1.0|leaf:Android_9
1498,fam:Android,fam:Android,fam:Android,maj:Android_9,maj:Android_9,maj:Android_10|maj:Android_7|maj:Android_8|maj:Android_9,leaf:Android_9,leaf:Android_8_0.0,leaf:Android_10|leaf:Android_7_0.0|leaf:Android_7_1.0|leaf:Android_8_0.0|leaf:Android_8_1.0|leaf:Android_9
1500,fam:Android,fam:Android,fam:Android,maj:Android_9,maj:Android_10,maj:Android_10|maj:Android_8|maj:Android_9,leaf:Android_9,leaf:Android_10,leaf:Android_10|leaf:Android_8_0.0|leaf:Android_8_1.0|leaf:Android_9
1501,fam:Android,fam:Android,fam:Android,maj:Android_9,maj:Android_9,maj:Android_10|maj:Android_7|maj:Android_8|maj:Android_9,leaf:Android_9,leaf:Android_8_0.0,leaf:Android_10|leaf:Android_7_0.0|leaf:Android_7_1.0|leaf:Android_8_0.0|leaf:Android_8_1.0|leaf:Android_9
1502,fam:Android,fam:Android,fam:Android,maj:Android_9,maj:Android_9,maj:Android_10|maj:Android_7|maj:Android_8|maj:Android_9,leaf:Android_9,leaf:Android_8_0.0,leaf:Android_10|leaf:Android_7_0.0|leaf:Android_8_0.0|leaf:Android_8_1.0|leaf:Android_9
1504,fam:Android,fam:Android,fam:Android,maj:Android_9,maj:Android_10,maj:Android_10|maj:Android_7|maj:Android_8|maj:Android_9,leaf:Android_9,leaf:Android_8_0.0,leaf:Android_10|leaf:Android_7_0.0|leaf:Android_7_1.0|leaf:Android_8_0.0|leaf:Android_8_1.0|leaf:Android_9
1507,fam:Android,fam:Android,fam:Android,maj:Android_9,maj:Android_10,maj:Android_10|maj:Android_7|maj:Android_8|maj:Android_9,leaf:Android_9,leaf:Android_9,leaf:Android_10|leaf:Android_7_0.0|leaf:Android_7_1.0|leaf:Android_8_0.0|leaf:Android_8_1.0|leaf:Android_9
1508,fam:Android,fam:Android,fam:Android,maj:Android_9,maj:Android_9,maj:Android_10|maj:Android_5|maj:Android_6|maj:Android_7|maj:Android_8|maj:Android_9,leaf:Android_9,leaf:Android_8_0.0,leaf:Android_10|leaf:Android_5_1.0|leaf:Android_6_0.0|leaf:Android_7_0.0|leaf:Android_7_1.0|leaf:Android_8_0.0|leaf:Android_8_1.0|leaf:Android_9
1511,fam:Android,fam:Android,fam:Android,maj:Android_9,maj:Android_10,maj:Android_10|maj:Android_6|maj:Android_7|maj:Android_8|maj:Android_9,leaf:Android_9,leaf:Android_8_0.0,leaf:Android_10|leaf:Android_6_0.0|leaf:Android_7_0.0|leaf:Android_7_1.0|leaf:Android_8_0.0|leaf:Android_8_1.0|leaf:Android_9
1512,fam:Android,fam:Android,fam:Android|fam:Linux,maj:Android_9,maj:Android_9,maj:Android_10|maj:Android_7|maj:Android_8|maj:Android_9|maj:Linux_OTHER,leaf:Android_9,leaf:Android_8_0.0,leaf:Android_10|leaf:Android_7_0.0|leaf:Android_8_0.0|leaf:Android_8_1.0|leaf:Android_9|leaf:Linux_OTHER
1513,fam:Android,fam:Android,fam:Android,maj:Android_9,maj:Android_10,maj:Android_10|maj:Android_8|maj:Android_9,leaf:Android_9,leaf:Android_10,leaf:Android_10|leaf:Android_8_0.0|leaf:Android_9
1516,fam:Android,fam:Android,fam:Android,maj:Android_9,maj:Android_9,maj:Android_10|maj:Android_7|maj:Android_8|maj:Android_9,leaf:Android_9,leaf:Android_8_1.0,leaf:Android_10|leaf:Android_7_0.0|leaf:Android_7_1.0|leaf:Android_8_0.0|leaf:Android_8_1.0|leaf:Android_9
1517,fam:Android,fam:Android,fam:Android,maj:Android_9,maj:Android_10,maj:Android_10|maj:Android_7|maj:Android_8|maj:Android_9,leaf:Android_9,leaf:Android_8_0.0,leaf:Android_10|leaf:Android_7_0.0|leaf:Android_7_1.0|leaf:Android_8_0.0|leaf:Android_8_1.0|leaf:Android_9
1518,fam:Android,fam:Android,fam:Android,maj:Android_9,maj:Android_9,maj:Android_10|maj:Android_6|maj:Android_7|maj:Android_8|maj:Android_9,leaf:Android_9,leaf:Android_9,leaf:Android_10|leaf:Android_6_0.0|leaf:Android_7_0.0|leaf:Android_7_1.0|leaf:Android_8_0.0|leaf:Android_8_1.0|leaf:Android_9
1520,fam:Android,fam:Android,fam:Android,maj:Android_9,maj:Android_10,maj:Android_10|maj:Android_8|maj:Android_9,leaf:Android_9,leaf:Android_10,leaf:Android_10|leaf:Android_8_0.0|leaf:Android_8_1.0|leaf:Android_9
1521,fam:Android,fam:Android,fam:Android,maj:Android_9,maj:Android_9,maj:Android_10|maj:Android_7|maj:Android_8|maj:Android_9,leaf:Android_9,leaf:Android_9,leaf:Android_10|leaf:Android_7_0.0|leaf:Android_7_1.0|leaf:Android_8_0.0|leaf:Android_8_1.0|leaf:Android_9
1525,fam:Android,fam:Android,fam:Android,maj:Android_9,maj:Android_10,maj:Android_10|maj:Android_7|maj:Android_8|maj:Android_9,leaf:Android_9,leaf:Android_10,leaf:Android_10|leaf:Android_7_0.0|leaf:Android_7_1.0|leaf:Android_8_0.0|leaf:Android_8_1.0|leaf:Android_9
1526,fam:Android,fam:Android,fam:Android,maj:Android_9,maj:Android_10,maj:Android_10|maj:Android_8|maj:Android_9,leaf:Android_9,leaf:Android_10,leaf:Android_10|leaf:Android_8_0.0|leaf:Android_8_1.0|leaf:Android_9
1529,fam:Android,fam:Android,fam:Android,maj:Android_9,maj:Android_9,maj:Android_10|maj:Android_7|maj:Android_8|maj:Android_9,leaf:Android_9,leaf:Android_9,leaf:Android_10|leaf:Android_7_0.0|leaf:Android_8_0.0|leaf:Android_8_1.0|leaf:Android_9
1530,fam:Android,fam:Android,fam:Android|fam:Linux,maj:Android_9,maj:Android_9,maj:Android_10|maj:Android_7|maj:Android_8|maj:Android_9|maj:Linux_OTHER,leaf:Android_9,leaf:Android_9,leaf:Android_10|leaf:Android_7_0.0|leaf:Android_8_0.0|leaf:Android_8_1.0|leaf:Android_9|leaf:Linux_OTHER
1532,fam:Android,fam:Android,fam:Android|fam:Linux|fam:Windows,maj:Android_9,maj:Android_9,maj:Android_10|maj:Android_7|maj:Android_8|maj:Android_9|maj:Linux_OTHER|maj:Linux_Ubuntu|maj:Windows_10,leaf:Android_9,leaf:Android_8_0.0,leaf:Android_10|leaf:Android_7_0.0|leaf:Android_7_1.0|leaf:Android_8_0.0|leaf:Android_8_1.0|leaf:Android_9|leaf:Linux_OTHER|leaf:Linux_Ubuntu|leaf:Windows_10
1533,fam:Android,fam:Android,fam:Android|fam:Linux,maj:Android_9,maj:Android_9,maj:Android_10|maj:Android_7|maj:Android_8|maj:Android_9|maj:Linux_OTHER,leaf:Android_9,leaf:Android_8_0.0,leaf:Android_10|leaf:Android_7_0.0|leaf:Android_8_0.0|leaf:Android_8_1.0|leaf:Android_9|leaf:Linux_OTHER
1534,fam:Android,fam:Android,fam:Android|fam:Linux,maj:Android_9,maj:Android_8,maj:Android_10|maj:Android_7|maj:Android_8|maj:Android_9|maj:Linux_OTHER,leaf:Android_9,leaf:Android_8_0.0,leaf:Android_10|leaf:Android_7_0.0|leaf:Android_8_0.0|leaf:Android_8_1.0|leaf:Android_9|leaf:Linux_OTHER
1535,fam:Android,fam:Android,fam:Android,maj:Android_9,maj:Android_9,maj:Android_10|maj:Android_7|maj:Android_8|maj:Android_9,leaf:Android_9,leaf:Android_10,leaf:Android_10|leaf:Android_7_0.0|leaf:Android_7_1.0|leaf:Android_8_0.0|leaf:Android_8_1.0|leaf:Android_9
1536,fam:Android,fam:Android,fam:Android,maj:Android_9,maj:Android_7,maj:Android_10|maj:Android_5|maj:Android_6|maj:Android_7|maj:Android_8|maj:Android_9,leaf:Android_9,leaf:Android_7_1.0,leaf:Android_10|leaf:Android_5_1.0|leaf:Android_6_0.0|leaf:Android_7_0.0|leaf:Android_7_1.0|leaf:Android_8_0.0|leaf:Android_9
1539,fam:Android,fam:Android,fam:Android,maj:Android_9,maj:Android_9,maj:Android_10|maj:Android_7|maj:Android_8|maj:Android_9,leaf:Android_9,leaf:Android_9,leaf:Android_10|leaf:Android_7_0.0|leaf:Android_7_1.0|leaf:Android_8_0.0|leaf:Android_8_1.0|leaf:Android_9
1541,fam:Android,fam:Android,fam:Android,maj:Android_9,maj:Android_9,maj:Android_10|maj:Android_5|maj:Android_6|maj:Android_7|maj:Android_8|maj:Android_9,leaf:Android_9,leaf:Android_8_0.0,leaf:Android_10|leaf:Android_5_1.0|leaf:Android_6_0.0|leaf:Android_7_0.0|leaf:Android_7_1.0|leaf:Android_8_0.0|leaf:Android_8_1.0|leaf:Android_9
1543,fam:Android,fam:Android,fam:Android,maj:Android_9,maj:Android_10,maj:Android_10|maj:Android_7|maj:Android_8|maj:Android_9,leaf:Android_9,leaf:Android_8_1.0,leaf:Android_10|leaf:Android_7_0.0|leaf:Android_7_1.0|leaf:Android_8_0.0|leaf:Android_8_1.0|leaf:Android_9
1545,fam:Android,fam:Android,fam:Android,maj:Android_9,maj:Android_7,maj:Android_10|maj:Android_6|maj:Android_7|maj:Android_8|maj:Android_9,leaf:Android_9,leaf:Android_8_0.0,leaf:Android_10|leaf:Android_6_0.0|leaf:Android_7_0.0|leaf:Android_7_1.0|leaf:Android_8_0.0|leaf:Android_8_1.0|leaf:Android_9
1547,fam:Android,fam:Android,fam:Android|fam:Linux,maj:Android_9,maj:Android_9,maj:Android_10|maj:Android_7|maj:Android_8|maj:Android_9|maj:Linux_OTHER,leaf:Android_9,leaf:Android_8_0.0,leaf:Android_10|leaf:Android_7_0.0|leaf:Android_8_0.0|leaf:Android_8_1.0|leaf:Android_9|leaf:Linux_OTHER
1548,fam:Android,fam:Android,fam:Android,maj:Android_9,maj:Android_8,maj:Android_10|maj:Android_7|maj:Android_8|maj:Android_9,leaf:Android_9,leaf:Android_9,leaf:Android_10|leaf:Android_7_0.0|leaf:Android_7_1.0|leaf:Android_8_0.0|leaf:Android_8_1.0|leaf:Android_9
1552,fam:Android,fam:Android,fam:Android,maj:Android_9,maj:Android_9,maj:Android_10|maj:Android_7|maj:Android_8|maj:Android_9,leaf:Android_9,leaf:Android_8_0.0,leaf:Android_10|leaf:Android_7_0.0|leaf:Android_7_1.0|leaf:Android_8_0.0|leaf:Android_8_1.0|leaf:Android_9
1554,fam:Android,fam:Android,fam:Android,maj:Android_9,maj:Android_10,maj:Android_10|maj:Android_7|maj:Android_8|maj:Android_9,leaf:Android_9,leaf:Android_9,leaf:Android_10|leaf:Android_7_0.0|leaf:Android_7_1.0|leaf:Android_8_0.0|leaf:Android_8_1.0|leaf:Android_9
1556,fam:Android,fam:Android,fam:Android,maj:Android_9,maj:Android_9,maj:Android_10|maj:Android_7|maj:Android_8|maj:Android_9,leaf:Android_9,leaf:Android_8_0.0,leaf:Android_10|leaf:Android_7_0.0|leaf:Android_8_0.0|leaf:Android_8_1.0|leaf:Android_9
1561,fam:Android,fam:Android,fam:Android,maj:Android_9,maj:Android_10,maj:Android_10|maj:Android_7|maj:Android_8|maj:Android_9,leaf:Android_9,leaf:Android_8_0.0,leaf:Android_10|leaf:Android_7_0.0|leaf:Android_7_1.0|leaf:Android_8_0.0|leaf:Android_8_1.0|leaf:Android_9
1562,fam:Android,fam:Android,fam:Android|fam:Linux,maj:Android_9,maj:Android_9,maj:Android_10|maj:Android_7|maj:Android_8|maj:Android_9|maj:Linux_OTHER,leaf:Android_9,leaf:Android_8_0.0,leaf:Android_10|leaf:Android_7_0.0|leaf:Android_7_1.0|leaf:Android_8_0.0|leaf:Android_8_1.0|leaf:Android_9|leaf:Linux_OTHER
1565,fam:Android,fam:Android,fam:Android,maj:Android_9,maj:Android_9,maj:Android_10|maj:Android_7|maj:Android_8|maj:Android_9,leaf:Android_9,leaf:Android_8_0.0,leaf:Android_10|leaf:Android_7_0.0|leaf:Android_7_1.0|leaf:Android_8_0.0|leaf:Android_8_1.0|leaf:Android_9
1566,fam:Android,fam:Android,fam:Android,maj:Android_9,maj:Android_9,maj:Android_10|maj:Android_7|maj:Android_8|maj:Android_9,leaf:Android_9,leaf:Android_8_0.0,leaf:Android_10|leaf:Android_7_0.0|leaf:Android_7_1.0|leaf:Android_8_0.0|leaf:Android_8_1.0|leaf:Android_9
1567,fam:Android,fam:Android,fam:Android,maj:Android_9,maj:Android_10,maj:Android_10|maj:Android_7|maj:Android_8|maj:Android_9,leaf:Android_9,leaf:Android_8_0.0,leaf:Android_10|leaf:Android_7_0.0|leaf:Android_7_1.0|leaf:Android_8_0.0|leaf:Android_8_1.0|leaf:Android_9
1569,fam:Android,fam:Android,fam:Android,maj:Android_9,maj:Android_9,maj:Android_10|maj:Android_5|maj:Android_6|maj:Android_7|maj:Android_8|maj:Android_9,leaf:Android_9,leaf:Android_9,leaf:Android_10|leaf:Android_5_1.0|leaf:Android_6_0.0|leaf:Android_7_0.0|leaf:Android_7_1.0|leaf:Android_8_0.0|leaf:Android_8_1.0|leaf:Android_9
1571,fam:Android,fam:Android,fam:Android,maj:Android_9,maj:Android_9,maj:Android_10|maj:Android_7|maj:Android_8|maj:Android_9,leaf:Android_9,leaf:Android_9,leaf:Android_10|leaf:Android_7_0.0|leaf:Android_8_0.0|leaf:Android_8_1.0|leaf:Android_9
1572,fam:Android,fam:Android,fam:Android,maj:Android_9,maj:Android_9,maj:Android_10|maj:Android_7|maj:Android_8|maj:Android_9,leaf:Android_9,leaf:Android_9,leaf:Android_10|leaf:Android_7_0.0|leaf:Android_7_1.0|leaf:Android_8_0.0|leaf:Android_8_1.0|leaf:Android_9
1577,fam:Android,fam:Android,fam:Android,maj:Android_9,maj:Android_10,maj:Android_10|maj:Android_8|maj:Android_9,leaf:Android_9,leaf:Android_10,leaf:Android_10|leaf:Android_8_0.0|leaf:Android_8_1.0|leaf:Android_9
1578,fam:Android,fam:Android,fam:Android,maj:Android_9,maj:Android_9,maj:Android_10|maj:Android_7|maj:Android_8|maj:Android_9,leaf:Android_9,leaf:Android_9,leaf:Android_10|leaf:Android_7_0.0|leaf:Android_7_1.0|leaf:Android_8_0.0|leaf:Android_8_1.0|leaf:Android_9
1580,fam:Android,fam:Android,fam:Android,maj:Android_9,maj:Android_10,maj:Android_10|maj:Android_8|maj:Android_9,leaf:Android_9,leaf:Android_10,leaf:Android_10|leaf:Android_8_0.0|leaf:Android_8_1.0|leaf:Android_9
1584,fam:Android,fam:Android,fam:Android,maj:Android_9,maj:Android_7,maj:Android_10|maj:Android_5|maj:Android_6|maj:Android_7|maj:Android_8|maj:Android_9,leaf:Android_9,leaf:Android_7_1.0,leaf:Android_10|leaf:Android_5_1.0|leaf:Android_6_0.0|leaf:Android_7_0.0|leaf:Android_7_1.0|leaf:Android_8_0.0|leaf:Android_9
1587,fam:Android,fam:Android,fam:Android,maj:Android_9,maj:Android_9,maj:Android_10|maj:Android_7|maj:Android_8|maj:Android_9,leaf:Android_9,leaf:Android_9,leaf:Android_10|leaf:Android_7_0.0|leaf:Android_8_0.0|leaf:Android_8_1.0|leaf:Android_9
1589,fam:Android,fam:Android,fam:Android,maj:Android_9,maj:Android_10,maj:Android_10|maj:Android_8|maj:Android_9,leaf:Android_9,leaf:Android_10,leaf:Android_10|leaf:Android_8_0.0|leaf:Android_8_1.0|leaf:Android_9
1590,fam:Android,fam:Android,fam:Android,maj:Android_9,maj:Android_10,maj:Android_10|maj:Android_8|maj:Android_9,leaf:Android_9,leaf:Android_10,leaf:Android_10|leaf:Android_8_0.0|leaf:Android_8_1.0|leaf:Android_9
1591,fam:Android,fam:Android,fam:Android,maj:Android_9,maj:Android_9,maj:Android_10|maj:Android_7|maj:Android_8|maj:Android_9,leaf:Android_9,leaf:Android_8_1.0,leaf:Android_10|leaf:Android_7_0.0|leaf:Android_7_1.0|leaf:Android_8_0.0|leaf:Android_8_1.0|leaf:Android_9
1592,fam:Android,fam:Android,fam:Android,maj:Android_9,maj:Android_9,maj:Android_10|maj:Android_7|maj:Android_8|maj:Android_9,leaf:Android_9,leaf:Android_8_1.0,leaf:Android_10|leaf:Android_7_0.0|leaf:Android_7_1.0|leaf:Android_8_0.0|leaf:Android_8_1.0|leaf:Android_9
1594,fam:Android,fam:Android,fam:Android|fam:Linux,maj:Android_9,maj:Android_9,maj:Android_10|maj:Android_9|maj:Linux_Ubuntu,leaf:Android_9,leaf:Android_9,leaf:Android_10|leaf:Android_9|leaf:Linux_Ubuntu
1597,fam:Android,fam:Android,fam:Android,maj:Android_9,maj:Android_6,maj:Android_10|maj:Android_6|maj:Android_7|maj:Android_8|maj:Android_9,leaf:Android_9,leaf:Android_7_0.0,leaf:Android_10|leaf:Android_6_0.0|leaf:Android_7_0.0|leaf:Android_7_1.0|leaf:Android_8_0.0|leaf:Android_8_1.0|leaf:Android_9
1598,fam:Android,fam:Android,fam:Android,maj:Android_9,maj:Android_9,maj:Android_10|maj:Android_5|maj:Android_6|maj:Android_7|maj:Android_8|maj:Android_9,leaf:Android_9,leaf:Android_10,leaf:Android_10|leaf:Android_5_1.0|leaf:Android_6_0.0|leaf:Android_7_0.0|leaf:Android_7_1.0|leaf:Android_8_0.0|leaf:Android_8_1.0|leaf:Android_9
1599,fam:Android,fam:Android,fam:Android|fam:Linux,maj:Android_9,maj:Android_8,maj:Android_10|maj:Android_7|maj:Android_8|maj:Android_9|maj:Linux_OTHER,leaf:Android_9,leaf:Android_8_0.0,leaf:Android_10|leaf:Android_7_0.0|leaf:Android_8_0.0|leaf:Android_8_1.0|leaf:Android_9|leaf:Linux_OTHER
1600,fam:Android,fam:Android,fam:Android,maj:Android_9,maj:Android_9,maj:Android_10|maj:Android_7|maj:Android_8|maj:Android_9,leaf:Android_9,leaf:Android_9,leaf:Android_10|leaf:Android_7_0.0|leaf:Android_8_0.0|leaf:Android_8_1.0|leaf:Android_9
1601,fam:Android,fam:Android,fam:Android,maj:Android_9,maj:Android_10,maj:Android_10|maj:Android_8|maj:Android_9,leaf:Android_9,leaf:Android_10,leaf:Android_10|leaf:Android_8_0.0|leaf:Android_8_1.0|leaf:Android_9
1602,fam:Android,fam:Android,fam:Android,maj:Android_9,maj:Android_9,maj:Android_10|maj:Android_7|maj:Android_8|maj:Android_9,leaf:Android_9,leaf:Android_8_0.0,leaf:Android_10|leaf:Android_7_0.0|leaf:Android_8_0.0|leaf:Android_8_1.0|leaf:Android_9
1603,fam:Android,fam:Android,fam:Android|fam:Linux,maj:Android_9,maj:Android_8,maj:Android_10|maj:Android_7|maj:Android_8|maj:Android_9|maj:Linux_OTHER|maj:Linux_Ubuntu,leaf:Android_9,leaf:Android_8_0.0,leaf:Android_10|leaf:Android_7_0.0|leaf:Android_8_0.0|leaf:Android_8_1.0|leaf:Android_9|leaf:Linux_OTHER|leaf:Linux_Ubuntu
1604,fam:Android,fam:Android,fam:Android,maj:Android_9,maj:Android_9,maj:Android_10|maj:Android_8|maj:Android_9,leaf:Android_9,leaf:Android_10,leaf:Android_10|leaf:Android_8_0.0|leaf:Android_8_1.0|leaf:Android_9
1607,fam:Android,fam:Android,fam:Android|fam:Linux,maj:Android_9,maj:Android_8,maj:Android_10|maj:Android_7|maj:Android_8|maj:Android_9|maj:Linux_OTHER,leaf:Android_9,leaf:Android_8_0.0,leaf:Android_10|leaf:Android_7_0.0|leaf:Android_8_0.0|leaf:Android_8_1.0|leaf:Android_9|leaf:Linux_OTHER
1608,fam:Android,fam:Android,fam:Android,maj:Android_9,maj:Android_8,maj:Android_10|maj:Android_5|maj:Android_6|maj:Android_7|maj:Android_8|maj:Android_9,leaf:Android_9,leaf:Android_7_1.0,leaf:Android_10|leaf:Android_5_1.0|leaf:Android_6_0.0|leaf:Android_7_0.0|leaf:Android_7_1.0|leaf:Android_8_0.0|leaf:Android_8_1.0|leaf:Android_9
1611,fam:Android,fam:Android,fam:Android,maj:Android_9,maj:Android_9,maj:Android_10|maj:Android_5|maj:Android_6|maj:Android_7|maj:Android_8|maj:Android_9,leaf:Android_9,leaf:Android_9,leaf:Android_10|leaf:Android_5_1.0|leaf:Android_6_0.0|leaf:Android_7_0.0|leaf:Android_8_0.0|leaf:Android_8_1.0|leaf:Android_9
1613,fam:Android,fam:Android,fam:Android,maj:Android_9,maj:Android_8,maj:Android_10|maj:Android_7|maj:Android_8|maj:Android_9,leaf:Android_9,leaf:Android_8_1.0,leaf:Android_10|leaf:Android_7_0.0|leaf:Android_7_1.0|leaf:Android_8_0.0|leaf:Android_8_1.0|leaf:Android_9
1616,fam:Android,fam:Android,fam:Android|fam:Linux|fam:Windows,maj:Android_9,maj:Android_9,maj:Android_10|maj:Android_6|maj:Android_7|maj:Android_8|maj:Android_9|maj:Linux_Ubuntu|maj:Windows_10,leaf:Android_9,leaf:Android_9,leaf:Android_10|leaf:Android_6_0.0|leaf:Android_7_0.0|leaf:Android_8_0.0|leaf:Android_8_1.0|leaf:Android_9|leaf:Linux_Ubuntu|leaf:Windows_10
1617,fam:Android,fam:Android,fam:Android,maj:Android_9,maj:Android_10,maj:Android_10|maj:Android_8|maj:Android_9,leaf:Android_9,leaf:Android_10,leaf:Android_10|leaf:Android_8_0.0|leaf:Android_8_1.0|leaf:Android_9
1618,fam:Android,fam:Android,fam:Android,maj:Android_9,maj:Android_10,maj:Android_10|maj:Android_7|maj:Android_8|maj:Android_9,leaf:Android_9,leaf:Android_8_1.0,leaf:Android_10|leaf:Android_7_0.0|leaf:Android_7_1.0|leaf:Android_8_0.0|leaf:Android_8_1.0|leaf:Android_9
1620,fam:Android,fam:Android,fam:Android,maj:Android_9,maj:Android_7,maj:Android_10|maj:Android_6|maj:Android_7|maj:Android_8|maj:Android_9,leaf:Android_9,leaf:Android_9,leaf:Android_10|leaf:Android_6_0.0|leaf:Android_7_0.0|leaf:Android_7_1.0|leaf:Android_8_0.0|leaf:Android_8_1.0|leaf:Android_9
1623,fam:Android,fam:Android,fam:Android,maj:Android_9,maj:Android_OTHER,maj:Android_8|maj:Android_9|maj:Android_OTHER,leaf:Android_9,leaf:Android_OTHER,leaf:Android_8_0.0|leaf:Android_9|leaf:Android_OTHER
1625,fam:Android,fam:Android,fam:Android,maj:Android_9,maj:Android_10,maj:Android_10|maj:Android_7|maj:Android_8|maj:Android_9,leaf:Android_9,leaf:Android_8_1.0,leaf:Android_10|leaf:Android_7_0.0|leaf:Android_7_1.0|leaf:Android_8_0.0|leaf:Android_8_1.0|leaf:Android_9
1626,fam:Android,fam:Android,fam:Android,maj:Android_9,maj:Android_7,maj:Android_10|maj:Android_7|maj:Android_8|maj:Android_9,leaf:Android_9,leaf:Android_10,leaf:Android_10|leaf:Android_7_0.0|leaf:Android_7_1.0|leaf:Android_8_0.0|leaf:Android_8_1.0|leaf:Android_9
1627,fam:Android,fam:Android,fam:Android,maj:Android_9,maj:Android_10,maj:Android_10|maj:Android_7|maj:Android_8|maj:Android_9,leaf:Android_9,leaf:Android_10,leaf:Android_10|leaf:Android_7_0.0|leaf:Android_8_0.0|leaf:Android_8_1.0|leaf:Android_9
1633,fam:Android,fam:Android,fam:Android,maj:Android_9,maj:Android_8,maj:Android_10|maj:Android_7|maj:Android_8|maj:Android_9,leaf:Android_9,leaf:Android_8_0.0,leaf:Android_10|leaf:Android_7_0.0|leaf:Android_7_1.0|leaf:Android_8_0.0|leaf:Android_8_1.0|leaf:Android_9
1639,fam:Android,fam:Android,fam:Android,maj:Android_9,maj:Android_9,maj:Android_10|maj:Android_7|maj:Android_8|maj:Android_9,leaf:Android_9,leaf:Android_8_1.0,leaf:Android_10|leaf:Android_7_0.0|leaf:Android_7_1.0|leaf:Android_8_0.0|leaf:Android_8_1.0|leaf:Android_9
1640,fam:Android,fam:Android,fam:Android,maj:Android_9,maj:Android_10,maj:Android_10|maj:Android_7|maj:Android_8|maj:Android_9,leaf:Android_9,leaf:Android_10,leaf:Android_10|leaf:Android_7_0.0|leaf:Android_7_1.0|leaf:Android_8_0.0|leaf:Android_8_1.0|leaf:Android_9
1641,fam:Android,fam:Android,fam:Android,maj:Android_9,maj:Android_9,maj:Android_10|maj:Android_7|maj:Android_8|maj:Android_9,leaf:Android_9,leaf:Android_8_0.0,leaf:Android_10|leaf:Android_7_0.0|leaf:Android_8_0.0|leaf:Android_8_1.0|leaf:Android_9
1642,fam:Android,fam:Android,fam:Android,maj:Android_9,maj:Android_10,maj:Android_10|maj:Android_8|maj:Android_9,leaf:Android_9,leaf:Android_10,leaf:Android_10|leaf:Android_8_0.0|leaf:Android_8_1.0|leaf:Android_9
1643,fam:Android,fam:Android,fam:Android|fam:Linux,maj:Android_9,maj:Android_8,maj:Android_10|maj:Android_7|maj:Android_8|maj:Android_9|maj:Linux_OTHER,leaf:Android_9,leaf:Android_8_0.0,leaf:Android_10|leaf:Android_7_0.0|leaf:Android_8_0.0|leaf:Android_8_1.0|leaf:Android_9|leaf:Linux_OTHER
1644,fam:Android,fam:Android,fam:Android,maj:Android_9,maj:Android_9,maj:Android_10|maj:Android_7|maj:Android_8|maj:Android_9,leaf:Android_9,leaf:Android_8_0.0,leaf:Android_10|leaf:Android_7_0.0|leaf:Android_7_1.0|leaf:Android_8_0.0|leaf:Android_8_1.0|leaf:Android_9
1648,fam:Android,fam:Android,fam:Android,maj:Android_9,maj:Android_7,maj:Android_10|maj:Android_5|maj:Android_6|maj:Android_7|maj:Android_8|maj:Android_9,leaf:Android_9,leaf:Android_7_0.0,leaf:Android_10|leaf:Android_5_1.0|leaf:Android_6_0.0|leaf:Android_7_0.0|leaf:Android_7_1.0|leaf:Android_8_0.0|leaf:Android_8_1.0|leaf:Android_9
1652,fam:Android,fam:Android,fam:Android,maj:Android_9,maj:Android_10,maj:Android_10|maj:Android_8|maj:Android_9,leaf:Android_9,leaf:Android_10,leaf:Android_10|leaf:Android_8_0.0|leaf:Android_8_1.0|leaf:Android_9
1653,fam:Android,fam:Android,fam:Android,maj:Android_9,maj:Android_7,maj:Android_10|maj:Android_6|maj:Android_7|maj:Android_8|maj:Android_9,leaf:Android_9,leaf:Android_8_1.0,leaf:Android_10|leaf:Android_6_0.0|leaf:Android_7_0.0|leaf:Android_7_1.0|leaf:Android_8_0.0|leaf:Android_8_1.0|leaf:Android_9
1657,fam:Android,fam:Android,fam:Android,maj:Android_9,maj:Android_9,maj:Android_10|maj:Android_6|maj:Android_7|maj:Android_8|maj:Android_9,leaf:Android_9,leaf:Android_9,leaf:Android_10|leaf:Android_6_0.0|leaf:Android_7_0.0|leaf:Android_8_0.0|leaf:Android_8_1.0|leaf:Android_9
1659,fam:Android,fam:Android,fam:Android,maj:Android_9,maj:Android_9,maj:Android_10|maj:Android_5|maj:Android_7|maj:Android_8|maj:Android_9,leaf:Android_9,leaf:Android_8_0.0,leaf:Android_10|leaf:Android_5_1.0|leaf:Android_7_0.0|leaf:Android_7_1.0|leaf:Android_8_0.0|leaf:Android_8_1.0|leaf:Android_9
1661,fam:Android,fam:Android,fam:Android|fam:Linux|fam:macOS,maj:Android_9,maj:Android_7,maj:Android_10|maj:Android_5|maj:Android_6|maj:Android_7|maj:Android_8|maj:Android_9|maj:Linux_OTHER|maj:macOS_10,leaf:Android_9,leaf:Android_7_0.0,leaf:Android_10|leaf:Android_5_1.0|leaf:Android_6_0.0|leaf:Android_7_0.0|leaf:Android_7_1.0|leaf:Android_8_0.0|leaf:Android_8_1.0|leaf:Android_9|leaf:Linux_OTHER|leaf:macOS_10_11.0
1662,fam:Android,fam:Android,fam:Android|fam:Linux,maj:Android_9,maj:Android_9,maj:Android_10|maj:Android_7|maj:Android_8|maj:Android_9|maj:Linux_OTHER,leaf:Android_9,leaf:Android_8_1.0,leaf:Android_10|leaf:Android_7_0.0|leaf:Android_8_0.0|leaf:Android_8_1.0|leaf:Android_9|leaf:Linux_OTHER
1664,fam:Android,fam:Android,fam:Android,maj:Android_9,maj:Android_9,maj:Android_10|maj:Android_8|maj:Android_9,leaf:Android_9,leaf:Android_9,leaf:Android_10|leaf:Android_8_0.0|leaf:Android_9
1665,fam:Android,fam:Android,fam:Android,maj:Android_9,maj:Android_8,maj:Android_10|maj:Android_7|maj:Android_8|maj:Android_9,leaf:Android_9,leaf:Android_8_0.0,leaf:Android_10|leaf:Android_7_0.0|leaf:Android_7_1.0|leaf:Android_8_0.0|leaf:Android_8_1.0|leaf:Android_9
1667,fam:Android,fam:Android,fam:Android,maj:Android_9,maj:Android_9,maj:Android_10|maj:Android_5|maj:Android_6|maj:Android_7|maj:Android_8|maj:Android_9,leaf:Android_9,leaf:Android_8_0.0,leaf:Android_10|leaf:Android_5_1.0|leaf:Android_6_0.0|leaf:Android_7_0.0|leaf:Android_7_1.0|leaf:Android_8_0.0|leaf:Android_8_1.0|leaf:Android_9
1669,fam:Android,fam:Android,fam:Android,maj:Android_9,maj:Android_8,maj:Android_10|maj:Android_5|maj:Android_6|maj:Android_7|maj:Android_8|maj:Android_9,leaf:Android_9,leaf:Android_8_0.0,leaf:Android_10|leaf:Android_5_1.0|leaf:Android_6_0.0|leaf:Android_7_0.0|leaf:Android_7_1.0|leaf:Android_8_0.0|leaf:Android_8_1.0|leaf:Android_9
1670,fam:Android,fam:Android,fam:Android,maj:Android_9,maj:Android_9,maj:Android_10|maj:Android_5|maj:Android_6|maj:Android_7|maj:Android_8|maj:Android_9,leaf:Android_9,leaf:Android_8_0.0,leaf:Android_10|leaf:Android_5_1.0|leaf:Android_6_0.0|leaf:Android_7_0.0|leaf:Android_7_1.0|leaf:Android_8_0.0|leaf:Android_8_1.0|leaf:Android_9
1676,fam:Android,fam:Android,fam:Android,maj:Android_9,maj:Android_10,maj:Android_10|maj:Android_7|maj:Android_8|maj:Android_9,leaf:Android_9,leaf:Android_8_1.0,leaf:Android_10|leaf:Android_7_0.0|leaf:Android_7_1.0|leaf:Android_8_0.0|leaf:Android_8_1.0|leaf:Android_9
1677,fam:Android,fam:Android,fam:Android|fam:Linux,maj:Android_9,maj:Android_9,maj:Android_10|maj:Android_7|maj:Android_8|maj:Android_9|maj:Linux_OTHER,leaf:Android_9,leaf:Android_8_0.0,leaf:Android_10|leaf:Android_7_0.0|leaf:Android_8_0.0|leaf:Android_8_1.0|leaf:Android_9|leaf:Linux_OTHER
1680,fam:Android,fam:Android,fam:Android,maj:Android_9,maj:Android_9,maj:Android_10|maj:Android_6|maj:Android_7|maj:Android_8|maj:Android_9,leaf:Android_9,leaf:Android_9,leaf:Android_10|leaf:Android_6_0.0|leaf:Android_7_0.0|leaf:Android_8_0.0|leaf:Android_8_1.0|leaf:Android_9
1681,fam:Android,fam:Android,fam:Android|fam:Windows,maj:Android_9,maj:Android_9,maj:Android_10|maj:Android_6|maj:Android_8|maj:Android_9|maj:Windows_10,leaf:Android_9,leaf:Android_9,leaf:Android_10|leaf:Android_6_0.0|leaf:Android_8_0.0|leaf:Android_8_1.0|leaf:Android_9|leaf:Windows_10
1683,fam:Android,fam:Android,fam:Android,maj:Android_9,maj:Android_9,maj:Android_10|maj:Android_7|maj:Android_8|maj:Android_9,leaf:Android_9,leaf:Android_9,leaf:Android_10|leaf:Android_7_0.0|leaf:Android_7_1.0|leaf:Android_8_0.0|leaf:Android_8_1.0|leaf:Android_9
1684,fam:Android,fam:Android,fam:Android,maj:Android_9,maj:Android_9,maj:Android_10|maj:Android_7|maj:Android_8|maj:Android_9,leaf:Android_9,leaf:Android_9,leaf:Android_10|leaf:Android_7_0.0|leaf:Android_7_1.0|leaf:Android_8_0.0|leaf:Android_8_1.0|leaf:Android_9
1685,fam:Android,fam:Android,fam:Android,maj:Android_9,maj:Android_8,maj:Android_10|maj:Android_6|maj:Android_7|maj:Android_8|maj:Android_9,leaf:Android_9,leaf:Android_10,leaf:Android_10|leaf:Android_6_0.0|leaf:Android_7_0.0|leaf:Android_7_1.0|leaf:Android_8_0.0|leaf:Android_8_1.0|leaf:Android_9
1688,fam:Android,fam:Android,fam:Android|fam:Linux,maj:Android_9,maj:Android_9,maj:Android_10|maj:Android_7|maj:Android_8|maj:Android_9|maj:Linux_OTHER,leaf:Android_9,leaf:Android_8_0.0,leaf:Android_10|leaf:Android_7_0.0|leaf:Android_8_0.0|leaf:Android_8_1.0|leaf:Android_9|leaf:Linux_OTHER
1690,fam:Android,fam:Android,fam:Android|fam:Windows,maj:Android_9,maj:Android_9,maj:Android_10|maj:Android_6|maj:Android_7|maj:Android_8|maj:Android_9|maj:Windows_10,leaf:Android_9,leaf:Android_9,leaf:Android_10|leaf:Android_6_0.0|leaf:Android_7_0.0|leaf:Android_7_1.0|leaf:Android_8_0.0|leaf:Android_8_1.0|leaf:Android_9|leaf:Windows_10
1691,fam:Android,fam:Android,fam:Android,maj:Android_9,maj:Android_9,maj:Android_10|maj:Android_5|maj:Android_6|maj:Android_7|maj:Android_8|maj:Android_9,leaf:Android_9,leaf:Android_10,leaf:Android_10|leaf:Android_5_1.0|leaf:Android_6_0.0|leaf:Android_7_0.0|leaf:Android_7_1.0|leaf:Android_8_0.0|leaf:Android_8_1.0|leaf:Android_9
1692,fam:Android,fam:Android,fam:Android,maj:Android_9,maj:Android_10,maj:Android_10|maj:Android_7|maj:Android_8|maj:Android_9,leaf:Android_9,leaf:Android_8_1.0,leaf:Android_10|leaf:Android_7_0.0|leaf:Android_7_1.0|leaf:Android_8_0.0|leaf:Android_8_1.0|leaf:Android_9
1694,fam:Android,fam:Android,fam:Android|fam:Linux,maj:Android_9,maj:Android_9,maj:Android_10|maj:Android_7|maj:Android_8|maj:Android_9|maj:Linux_OTHER,leaf:Android_9,leaf:Android_8_0.0,leaf:Android_10|leaf:Android_7_0.0|leaf:Android_8_0.0|leaf:Android_8_1.0|leaf:Android_9|leaf:Linux_OTHER
1696,fam:Android,fam:Android,fam:Android,maj:Android_9,maj:Android_10,maj:Android_10|maj:Android_8|maj:Android_9,leaf:Android_9,leaf:Android_10,leaf:Android_10|leaf:Android_8_0.0|leaf:Android_8_1.0|leaf:Android_9
1698,fam:Android,fam:Android,fam:Android,maj:Android_9,maj:Android_8,maj:Android_10|maj:Android_7|maj:Android_8|maj:Android_9,leaf:Android_9,leaf:Android_8_0.0,leaf:Android_10|leaf:Android_7_0.0|leaf:Android_8_0.0|leaf:Android_8_1.0|leaf:Android_9
1700,fam:Android,fam:Android,fam:Android,maj:Android_9,maj:Android_9,maj:Android_10|maj:Android_7|maj:Android_8|maj:Android_9,leaf:Android_9,leaf:Android_8_0.0,leaf:Android_10|leaf:Android_7_0.0|leaf:Android_7_1.0|leaf:Android_8_0.0|leaf:Android_8_1.0|leaf:Android_9
1701,fam:Android,fam:Android,fam:Android,maj:Android_9,maj:Android_9,maj:Android_10|maj:Android_7|maj:Android_8|maj:Android_9,leaf:Android_9,leaf:Android_10,leaf:Android_10|leaf:Android_7_0.0|leaf:Android_7_1.0|leaf:Android_8_0.0|leaf:Android_8_1.0|leaf:Android_9
1702,fam:Android,fam:Android,fam:Android,maj:Android_9,maj:Android_10,maj:Android_10|maj:Android_8|maj:Android_9,leaf:Android_9,leaf:Android_10,leaf:Android_10|leaf:Android_8_0.0|leaf:Android_8_1.0|leaf:Android_9
1703,fam:Android,fam:Android,fam:Android,maj:Android_9,maj:Android_10,maj:Android_10|maj:Android_8|maj:Android_9,leaf:Android_9,leaf:Android_10,leaf:Android_10|leaf:Android_8_0.0|leaf:Android_8_1.0|leaf:Android_9
1704,fam:Android,fam:Android,fam:Android,maj:Android_9,maj:Android_10,maj:Android_10|maj:Android_8|maj:Android_9,leaf:Android_9,leaf:Android_10,leaf:Android_10|leaf:Android_8_1.0|leaf:Android_9
1710,fam:Android,fam:Android,fam:Android,maj:Android_9,maj:Android_8,maj:Android_10|maj:Android_7|maj:Android_8|maj:Android_9,leaf:Android_9,leaf:Android_8_0.0,leaf:Android_10|leaf:Android_7_0.0|leaf:Android_7_1.0|leaf:Android_8_0.0|leaf:Android_8_1.0|leaf:Android_9
1711,fam:Android,fam:Android,fam:Android,maj:Android_9,maj:Android_9,maj:Android_10|maj:Android_7|maj:Android_8|maj:Android_9,leaf:Android_9,leaf:Android_9,leaf:Android_10|leaf:Android_7_0.0|leaf:Android_7_1.0|leaf:Android_8_0.0|leaf:Android_8_1.0|leaf:Android_9
1712,fam:Android,fam:Android,fam:Android|fam:Linux,maj:Android_9,maj:Android_9,maj:Android_10|maj:Android_8|maj:Android_9|maj:Linux_OTHER,leaf:Android_9,leaf:Android_9,leaf:Android_10|leaf:Android_8_0.0|leaf:Android_8_1.0|leaf:Android_9|leaf:Linux_OTHER
1713,fam:Android,fam:Android,fam:Android,maj:Android_9,maj:Android_9,maj:Android_10|maj:Android_7|maj:Android_8|maj:Android_9,leaf:Android_9,leaf:Android_8_1.0,leaf:Android_10|leaf:Android_7_0.0|leaf:Android_7_1.0|leaf:Android_8_0.0|leaf:Android_8_1.0|leaf:Android_9
1714,fam:Android,fam:Android,fam:Android,maj:Android_9,maj:Android_8,maj:Android_10|maj:Android_7|maj:Android_8|maj:Android_9,leaf:Android_9,leaf:Android_9,leaf:Android_10|leaf:Android_7_0.0|leaf:Android_7_1.0|leaf:Android_8_0.0|leaf:Android_8_1.0|leaf:Android_9
1715,fam:Android,fam:Android,fam:Android,maj:Android_9,maj:Android_10,maj:Android_10|maj:Android_8|maj:Android_9,leaf:Android_9,leaf:Android_10,leaf:Android_10|leaf:Android_8_0.0|leaf:Android_9
1717,fam:Android,fam:Android,fam:Android,maj:Android_9,maj:Android_10,maj:Android_10|maj:Android_8|maj:Android_9,leaf:Android_9,leaf:Android_10,leaf:Android_10|leaf:Android_8_0.0|leaf:Android_9
1719,fam:Android,fam:Android,fam:Android,maj:Android_9,maj:Android_10,maj:Android_10|maj:Android_7|maj:Android_8|maj:Android_9,leaf:Android_9,leaf:Android_8_0.0,leaf:Android_10|leaf:Android_7_0.0|leaf:Android_7_1.0|leaf:Android_8_0.0|leaf:Android_8_1.0|leaf:Android_9
1723,fam:Android,fam:Android,fam:Android,maj:Android_9,maj:Android_10,maj:Android_10|maj:Android_7|maj:Android_8|maj:Android_9,leaf:Android_9,leaf:Android_8_0.0,leaf:Android_10|leaf:Android_7_0.0|leaf:Android_7_1.0|leaf:Android_8_0.0|leaf:Android_8_1.0|leaf:Android_9
1727,fam:Android,fam:Android,fam:Android,maj:Android_9,maj:Android_10,maj:Android_10|maj:Android_7|maj:Android_8|maj:Android_9,leaf:Android_9,leaf:Android_8_1.0,leaf:Android_10|leaf:Android_7_0.0|leaf:Android_7_1.0|leaf:Android_8_0.0|leaf:Android_8_1.0|leaf:Android_9
1728,fam:Android,fam:Android,fam:Android,maj:Android_9,maj:Android_9,maj:Android_10|maj:Android_7|maj:Android_8|maj:Android_9,leaf:Android_9,leaf:Android_8_0.0,leaf:Android_10|leaf:Android_7_0.0|leaf:Android_8_0.0|leaf:Android_8_1.0|leaf:Android_9
1732,fam:Android,fam:Android,fam:Android,maj:Android_9,maj:Android_9,maj:Android_10|maj:Android_8|maj:Android_9,leaf:Android_9,leaf:Android_9,leaf:Android_10|leaf:Android_8_0.0|leaf:Android_8_1.0|leaf:Android_9
1734,fam:Android,fam:Android,fam:Android,maj:Android_9,maj:Android_10,maj:Android_10|maj:Android_7|maj:Android_8|maj:Android_9,leaf:Android_9,leaf:Android_9,leaf:Android_10|leaf:Android_7_0.0|leaf:Android_7_1.0|leaf:Android_8_0.0|leaf:Android_8_1.0|leaf:Android_9
1735,fam:Android,fam:Android,fam:Android|fam:Windows,maj:Android_9,maj:Android_10,maj:Android_10|maj:Android_6|maj:Android_8|maj:Android_9|maj:Windows_8,leaf:Android_9,leaf:Android_10,leaf:Android_10|leaf:Android_6_0.0|leaf:Android_8_0.0|leaf:Android_9|leaf:Windows_8_1.0
1736,fam:Android,fam:Android,fam:Android,maj:Android_9,maj:Android_8,maj:Android_10|maj:Android_8|maj:Android_9,leaf:Android_9,leaf:Android_8_0.0,leaf:Android_10|leaf:Android_8_0.0|leaf:Android_9
1737,fam:Android,fam:Android,fam:Android,maj:Android_9,maj:Android_8,maj:Android_10|maj:Android_7|maj:Android_8|maj:Android_9,leaf:Android_9,leaf:Android_8_0.0,leaf:Android_10|leaf:Android_7_0.0|leaf:Android_7_1.0|leaf:Android_8_0.0|leaf:Android_8_1.0|leaf:Android_9
1740,fam:Android,fam:Android,fam:Android|fam:Linux,maj:Android_9,maj:Android_9,maj:Android_10|maj:Android_7|maj:Android_8|maj:Android_9|maj:Linux_OTHER,leaf:Android_9,leaf:Android_8_0.0,leaf:Android_10|leaf:Android_7_0.0|leaf:Android_8_0.0|leaf:Android_8_1.0|leaf:Android_9|leaf:Linux_OTHER
1742,fam:Android,fam:Android,fam:Android,maj:Android_9,maj:Android_9,maj:Android_10|maj:Android_9,leaf:Android_9,leaf:Android_10,leaf:Android_10|leaf:Android_9
1744,fam:Android,fam:Android,fam:Android|fam:Linux,maj:Android_9,maj:Android_8,maj:Android_10|maj:Android_7|maj:Android_8|maj:Android_9|maj:Linux_OTHER,leaf:Android_9,leaf:Android_8_0.0,leaf:Android_10|leaf:Android_7_0.0|leaf:Android_8_0.0|leaf:Android_8_1.0|leaf:Android_9|leaf:Linux_OTHER
1746,fam:Android,fam:Android,fam:Android,maj:Android_9,maj:Android_OTHER,maj:Android_8|maj:Android_9|maj:Android_OTHER,leaf:Android_9,leaf:Android_OTHER,leaf:Android_8_0.0|leaf:Android_9|leaf:Android_OTHER
1748,fam:Android,fam:Android,fam:Android,maj:Android_9,maj:Android_10,maj:Android_10|maj:Android_8|maj:Android_9,leaf:Android_9,leaf:Android_10,leaf:Android_10|leaf:Android_8_0.0|leaf:Android_8_1.0|leaf:Android_9
1752,fam:Android,fam:Android,fam:Android,maj:Android_9,maj:Android_8,maj:Android_10|maj:Android_7|maj:Android_8|maj:Android_9,leaf:Android_9,leaf:Android_8_0.0,leaf:Android_10|leaf:Android_7_0.0|leaf:Android_7_1.0|leaf:Android_8_0.0|leaf:Android_8_1.0|leaf:Android_9
1753,fam:Android,fam:Android,fam:Android,maj:Android_9,maj:Android_9,maj:Android_10|maj:Android_7|maj:Android_8|maj:Android_9,leaf:Android_9,leaf:Android_9,leaf:Android_10|leaf:Android_7_0.0|leaf:Android_7_1.0|leaf:Android_8_0.0|leaf:Android_8_1.0|leaf:Android_9
1754,fam:Android,fam:Android,fam:Android,maj:Android_9,maj:Android_10,maj:Android_10|maj:Android_8|maj:Android_9,leaf:Android_9,leaf:Android_10,leaf:Android_10|leaf:Android_8_0.0|leaf:Android_8_1.0|leaf:Android_9
1755,fam:Android,fam:Android,fam:Android,maj:Android_9,maj:Android_9,maj:Android_10|maj:Android_7|maj:Android_8|maj:Android_9,leaf:Android_9,leaf:Android_9,leaf:Android_10|leaf:Android_7_0.0|leaf:Android_7_1.0|leaf:Android_8_0.0|leaf:Android_8_1.0|leaf:Android_9
1756,fam:Android,fam:Android,fam:Android,maj:Android_9,maj:Android_10,maj:Android_10|maj:Android_7|maj:Android_8|maj:Android_9,leaf:Android_9,leaf:Android_8_0.0,leaf:Android_10|leaf:Android_7_0.0|leaf:Android_7_1.0|leaf:Android_8_0.0|leaf:Android_8_1.0|leaf:Android_9
1759,fam:Android,fam:Android,fam:Android,maj:Android_9,maj:Android_10,maj:Android_10|maj:Android_6|maj:Android_7|maj:Android_8|maj:Android_9,leaf:Android_9,leaf:Android_8_1.0,leaf:Android_10|leaf:Android_6_0.0|leaf:Android_7_0.0|leaf:Android_7_1.0|leaf:Android_8_0.0|leaf:Android_8_1.0|leaf:Android_9
1760,fam:Android,fam:Android,fam:Android,maj:Android_9,maj:Android_8,maj:Android_10|maj:Android_7|maj:Android_8|maj:Android_9,leaf:Android_9,leaf:Android_8_1.0,leaf:Android_10|leaf:Android_7_0.0|leaf:Android_7_1.0|leaf:Android_8_0.0|leaf:Android_8_1.0|leaf:Android_9
1762,fam:Android,fam:Android,fam:Android|fam:Linux,maj:Android_9,maj:Android_8,maj:Android_10|maj:Android_7|maj:Android_8|maj:Android_9|maj:Linux_OTHER,leaf:Android_9,leaf:Android_8_0.0,leaf:Android_10|leaf:Android_7_0.0|leaf:Android_8_0.0|leaf:Android_8_1.0|leaf:Android_9|leaf:Linux_OTHER
1764,fam:Android,fam:Android,fam:Android,maj:Android_9,maj:Android_10,maj:Android_10|maj:Android_7|maj:Android_8|maj:Android_9,leaf:Android_9,leaf:Android_8_0.0,leaf:Android_10|leaf:Android_7_0.0|leaf:Android_7_1.0|leaf:Android_8_0.0|leaf:Android_8_1.0|leaf:Android_9
1766,fam:Android,fam:Android,fam:Android|fam:Windows,maj:Android_9,maj:Android_9,maj:Android_10|maj:Android_5|maj:Android_6|maj:Android_7|maj:Android_8|maj:Android_9|maj:Windows_10,leaf:Android_9,leaf:Android_9,leaf:Android_10|leaf:Android_5_1.0|leaf:Android_6_0.0|leaf:Android_7_0.0|leaf:Android_7_1.0|leaf:Android_8_0.0|leaf:Android_8_1.0|leaf:Android_9|leaf:Windows_10
1769,fam:Android,fam:Android,fam:Android,maj:Android_9,maj:Android_10,maj:Android_10|maj:Android_8|maj:Android_9,leaf:Android_9,leaf:Android_10,leaf:Android_10|leaf:Android_8_0.0|leaf:Android_8_1.0|leaf:Android_9
1770,fam:Android,fam:Android,fam:Android|fam:Windows,maj:Android_9,maj:Android_9,maj:Android_10|maj:Android_8|maj:Android_9|maj:Windows_10,leaf:Android_9,leaf:Android_9,leaf:Android_10|leaf:Android_8_0.0|leaf:Android_8_1.0|leaf:Android_9|leaf:Windows_10
1771,fam:Android,fam:Android,fam:Android,maj:Android_9,maj:Android_10,maj:Android_10|maj:Android_8|maj:Android_9,leaf:Android_9,leaf:Android_10,leaf:Android_10|leaf:Android_8_0.0|leaf:Android_8_1.0|leaf:Android_9
1773,fam:Android,fam:Android,fam:Android,maj:Android_9,maj:Android_9,maj:Android_10|maj:Android_7|maj:Android_8|maj:Android_9,leaf:Android_9,leaf:Android_8_1.0,leaf:Android_10|leaf:Android_7_0.0|leaf:Android_7_1.0|leaf:Android_8_0.0|leaf:Android_8_1.0|leaf:Android_9
1776,fam:Android,fam:Android,fam:Android,maj:Android_9,maj:Android_9,maj:Android_10|maj:Android_7|maj:Android_8|maj:Android_9,leaf:Android_9,leaf:Android_10,leaf:Android_10|leaf:Android_7_0.0|leaf:Android_7_1.0|leaf:Android_8_0.0|leaf:Android_8_1.0|leaf:Android_9
1777,fam:Android,fam:Android,fam:Android,maj:Android_9,maj:Android_9,maj:Android_10|maj:Android_8|maj:Android_9,leaf:Android_9,leaf:Android_10,leaf:Android_10|leaf:Android_8_1.0|leaf:Android_9
1780,fam:Android,fam:Android,fam:Android,maj:Android_9,maj:Android_9,maj:Android_10|maj:Android_7|maj:Android_8|maj:Android_9,leaf:Android_9,leaf:Android_8_0.0,leaf:Android_10|leaf:Android_7_0.0|leaf:Android_7_1.0|leaf:Android_8_0.0|leaf:Android_8_1.0|leaf:Android_9
1785,fam:Android,fam:Android,fam:Android,maj:Android_9,maj:Android_8,maj:Android_10|maj:Android_7|maj:Android_8|maj:Android_9,leaf:Android_9,leaf:Android_8_1.0,leaf:Android_10|leaf:Android_7_0.0|leaf:Android_7_1.0|leaf:Android_8_0.0|leaf:Android_8_1.0|leaf:Android_9
1786,fam:Android,fam:Android,fam:Android,maj:Android_9,maj:Android_10,maj:Android_10|maj:Android_7|maj:Android_8|maj:Android_9,leaf:Android_9,leaf:Android_8_1.0,leaf:Android_10|leaf:Android_7_0.0|leaf:Android_7_1.0|leaf:Android_8_0.0|leaf:Android_8_1.0|leaf:Android_9
1788,fam:Android,fam:Android,fam:Android,maj:Android_9,maj:Android_9,maj:Android_10|maj:Android_7|maj:Android_8|maj:Android_9,leaf:Android_9,leaf:Android_9,leaf:Android_10|leaf:Android_7_0.0|leaf:Android_8_0.0|leaf:Android_8_1.0|leaf:Android_9
1789,fam:Android,fam:Android,fam:Android,maj:Android_9,maj:Android_10,maj:Android_10|maj:Android_7|maj:Android_8|maj:Android_9,leaf:Android_9,leaf:Android_10,leaf:Android_10|leaf:Android_7_0.0|leaf:Android_7_1.0|leaf:Android_8_0.0|leaf:Android_8_1.0|leaf:Android_9
1790,fam:Android,fam:Android,fam:Android,maj:Android_9,maj:Android_9,maj:Android_10|maj:Android_7|maj:Android_8|maj:Android_9,leaf:Android_9,leaf:Android_10,leaf:Android_10|leaf:Android_7_0.0|leaf:Android_7_1.0|leaf:Android_8_0.0|leaf:Android_8_1.0|leaf:Android_9
1791,fam:Android,fam:Android,fam:Android,maj:Android_9,maj:Android_10,maj:Android_10|maj:Android_8|maj:Android_9,leaf:Android_9,leaf:Android_10,leaf:Android_10|leaf:Android_8_0.0|leaf:Android_8_1.0|leaf:Android_9
1792,fam:Android,fam:Android,fam:Android,maj:Android_9,maj:Android_10,maj:Android_10|maj:Android_7|maj:Android_8|maj:Android_9,leaf:Android_9,leaf:Android_8_0.0,leaf:Android_10|leaf:Android_7_0.0|leaf:Android_7_1.0|leaf:Android_8_0.0|leaf:Android_8_1.0|leaf:Android_9
1795,fam:Android,fam:Android,fam:Android|fam:Linux,maj:Android_9,maj:Android_8,maj:Android_10|maj:Android_7|maj:Android_8|maj:Android_9|maj:Linux_OTHER,leaf:Android_9,leaf:Android_8_0.0,leaf:Android_10|leaf:Android_7_0.0|leaf:Android_8_0.0|leaf:Android_9|leaf:Linux_OTHER
1799,fam:Android,fam:Android,fam:Android,maj:Android_9,maj:Android_9,maj:Android_10|maj:Android_8|maj:Android_9,leaf:Android_9,leaf:Android_10,leaf:Android_10|leaf:Android_8_0.0|leaf:Android_8_1.0|leaf:Android_9
1800,fam:Android,fam:Android,fam:Android,maj:Android_9,maj:Android_10,maj:Android_10|maj:Android_7|maj:Android_8|maj:Android_9,leaf:Android_9,leaf:Android_8_1.0,leaf:Android_10|leaf:Android_7_0.0|leaf:Android_7_1.0|leaf:Android_8_0.0|leaf:Android_8_1.0|leaf:Android_9
1801,fam:Android,fam:Android,fam:Android,maj:Android_9,maj:Android_8,maj:Android_10|maj:Android_7|maj:Android_8|maj:Android_9,leaf:Android_9,leaf:Android_10,leaf:Android_10|leaf:Android_7_0.0|leaf:Android_7_1.0|leaf:Android_8_0.0|leaf:Android_8_1.0|leaf:Android_9
1802,fam:Android,fam:Android,fam:Android,maj:Android_9,maj:Android_9,maj:Android_10|maj:Android_7|maj:Android_8|maj:Android_9,leaf:Android_9,leaf:Android_8_1.0,leaf:Android_10|leaf:Android_7_0.0|leaf:Android_7_1.0|leaf:Android_8_0.0|leaf:Android_8_1.0|leaf:Android_9
1805,fam:Android,fam:Android,fam:Android|fam:Linux,maj:Android_9,maj:Android_8,maj:Android_10|maj:Android_7|maj:Android_8|maj:Android_9|maj:Linux_OTHER,leaf:Android_9,leaf:Android_8_0.0,leaf:Android_10|leaf:Android_7_0.0|leaf:Android_8_0.0|leaf:Android_8_1.0|leaf:Android_9|leaf:Linux_OTHER
1806,fam:Android,fam:Android,fam:Android,maj:Android_9,maj:Android_8,maj:Android_10|maj:Android_5|maj:Android_6|maj:Android_7|maj:Android_8|maj:Android_9,leaf:Android_9,leaf:Android_9,leaf:Android_10|leaf:Android_5_1.0|leaf:Android_6_0.0|leaf:Android_7_0.0|leaf:Android_7_1.0|leaf:Android_8_0.0|leaf:Android_8_1.0|leaf:Android_9
1810,fam:Android,fam:Android,fam:Android|fam:Linux,maj:Android_9,maj:Android_8,maj:Android_10|maj:Android_7|maj:Android_8|maj:Android_9|maj:Linux_OTHER|maj:Linux_Ubuntu,leaf:Android_9,leaf:Android_8_0.0,leaf:Android_10|leaf:Android_7_0.0|leaf:Android_8_0.0|leaf:Android_8_1.0|leaf:Android_9|leaf:Linux_OTHER|leaf:Linux_Ubuntu
1811,fam:Android,fam:Android,fam:Android,maj:Android_9,maj:Android_10,maj:Android_10|maj:Android_8|maj:Android_9,leaf:Android_9,leaf:Android_10,leaf:Android_10|leaf:Android_8_0.0|leaf:Android_8_1.0|leaf:Android_9
1814,fam:Android,fam:Android,fam:Android,maj:Android_9,maj:Android_10,maj:Android_10|maj:Android_7|maj:Android_8|maj:Android_9,leaf:Android_9,leaf:Android_8_1.0,leaf:Android_10|leaf:Android_7_0.0|leaf:Android_7_1.0|leaf:Android_8_0.0|leaf:Android_8_1.0|leaf:Android_9
1815,fam:Android,fam:Android,fam:Android|fam:Linux|fam:Windows,maj:Android_9,maj:Android_9,maj:Android_10|maj:Android_7|maj:Android_8|maj:Android_9|maj:Linux_OTHER|maj:Windows_10,leaf:Android_9,leaf:Android_9,leaf:Android_10|leaf:Android_7_0.0|leaf:Android_8_0.0|leaf:Android_8_1.0|leaf:Android_9|leaf:Linux_OTHER|leaf:Windows_10
1816,fam:Android,fam:Android,fam:Android,maj:Android_9,maj:Android_10,maj:Android_10|maj:Android_8|maj:Android_9,leaf:Android_9,leaf:Android_10,leaf:Android_10|leaf:Android_8_0.0|leaf:Android_9
1818,fam:Android,fam:Android,fam:Android|fam:Windows,maj:Android_9,maj:Android_9,maj:Android_8|maj:Android_9|maj:Android_OTHER|maj:Windows_10,leaf:Android_9,leaf:Android_9,leaf:Android_8_0.0|leaf:Android_9|leaf:Android_OTHER|leaf:Windows_10
1819,fam:Android,fam:Android,fam:Android,maj:Android_9,maj:Android_9,maj:Android_10|maj:Android_5|maj:Android_7|maj:Android_8|maj:Android_9,leaf:Android_9,leaf:Android_8_0.0,leaf:Android_10|leaf:Android_5_1.0|leaf:Android_7_0.0|leaf:Android_7_1.0|leaf:Android_8_0.0|leaf:Android_8_1.0|leaf:Android_9
1821,fam:Android,fam:Android,fam:Android,maj:Android_9,maj:Android_10,maj:Android_10|maj:Android_8|maj:Android_9,leaf:Android_9,leaf:Android_10,leaf:Android_10|leaf:Android_8_0.0|leaf:Android_8_1.0|leaf:Android_9
1824,fam:Android,fam:Android,fam:Android,maj:Android_9,maj:Android_10,maj:Android_10|maj:Android_7|maj:Android_8|maj:Android_9,leaf:Android_9,leaf:Android_8_1.0,leaf:Android_10|leaf:Android_7_0.0|leaf:Android_7_1.0|leaf:Android_8_0.0|leaf:Android_8_1.0|leaf:Android_9
1826,fam:Android,fam:Android,fam:Android,maj:Android_9,maj:Android_10,maj:Android_10|maj:Android_7|maj:Android_8|maj:Android_9,leaf:Android_9,leaf:Android_9,leaf:Android_10|leaf:Android_7_0.0|leaf:Android_7_1.0|leaf:Android_8_0.0|leaf:Android_8_1.0|leaf:Android_9
1828,fam:Android,fam:Android,fam:Android,maj:Android_9,maj:Android_10,maj:Android_10|maj:Android_7|maj:Android_8|maj:Android_9,leaf:Android_9,leaf:Android_8_1.0,leaf:Android_10|leaf:Android_7_0.0|leaf:Android_7_1.0|leaf:Android_8_0.0|leaf:Android_8_1.0|leaf:Android_9
1831,fam:Android,fam:Android,fam:Android,maj:Android_9,maj:Android_10,maj:Android_10|maj:Android_7|maj:Android_8|maj:Android_9,leaf:Android_9,leaf:Android_10,leaf:Android_10|leaf:Android_7_0.0|leaf:Android_7_1.0|leaf:Android_8_0.0|leaf:Android_8_1.0|leaf:Android_9
1838,fam:Android,fam:Android,fam:Android,maj:Android_9,maj:Android_8,maj:Android_10|maj:Android_7|maj:Android_8|maj:Android_9,leaf:Android_9,leaf:Android_8_0.0,leaf:Android_10|leaf:Android_7_0.0|leaf:Android_7_1.0|leaf:Android_8_0.0|leaf:Android_8_1.0|leaf:Android_9
1840,fam:Android,fam:Android,fam:Android,maj:Android_9,maj:Android_9,maj:Android_10|maj:Android_7|maj:Android_8|maj:Android_9,leaf:Android_9,leaf:Android_10,leaf:Android_10|leaf:Android_7_0.0|leaf:Android_7_1.0|leaf:Android_8_0.0|leaf:Android_8_1.0|leaf:Android_9
1842,fam:Android,fam:Android,fam:Android,maj:Android_9,maj:Android_10,maj:Android_10|maj:Android_7|maj:Android_8|maj:Android_9,leaf:Android_9,leaf:Android_8_1.0,leaf:Android_10|leaf:Android_7_0.0|leaf:Android_7_1.0|leaf:Android_8_0.0|leaf:Android_8_1.0|leaf:Android_9
1844,fam:Android,fam:Android,fam:Android,maj:Android_9,maj:Android_10,maj:Android_10|maj:Android_7|maj:Android_8|maj:Android_9,leaf:Android_9,leaf:Android_8_0.0,leaf:Android_10|leaf:Android_7_0.0|leaf:Android_7_1.0|leaf:Android_8_0.0|leaf:Android_8_1.0|leaf:Android_9
1846,fam:Android,fam:Android,fam:Android,maj:Android_9,maj:Android_9,maj:Android_10|maj:Android_7|maj:Android_8|maj:Android_9,leaf:Android_9,leaf:Android_8_0.0,leaf:Android_10|leaf:Android_7_0.0|leaf:Android_7_1.0|leaf:Android_8_0.0|leaf:Android_8_1.0|leaf:Android_9
1848,fam:Android,fam:Android,fam:Android|fam:Linux,maj:Android_9,maj:Android_9,maj:Android_10|maj:Android_7|maj:Android_8|maj:Android_9|maj:Linux_OTHER,leaf:Android_9,leaf:Android_8_0.0,leaf:Android_10|leaf:Android_7_0.0|leaf:Android_7_1.0|leaf:Android_8_0.0|leaf:Android_8_1.0|leaf:Android_9|leaf:Linux_OTHER
1849,fam:Android,fam:Android,fam:Android|fam:Linux,maj:Android_9,maj:Android_7,maj:Android_5|maj:Android_6|maj:Android_7|maj:Android_8|maj:Android_9|maj:Linux_OTHER|maj:Linux_Ubuntu,leaf:Android_9,leaf:Android_6_0.0,leaf:Android_5_1.0|leaf:Android_6_0.0|leaf:Android_7_0.0|leaf:Android_7_1.0|leaf:Android_8_0.0|leaf:Android_8_1.0|leaf:Android_9|leaf:Linux_OTHER|leaf:Linux_Ubuntu
1850,fam:Android,fam:Android,fam:Android,maj:Android_9,maj:Android_10,maj:Android_10|maj:Android_7|maj:Android_8|maj:Android_9,leaf:Android_9,leaf:Android_9,leaf:Android_10|leaf:Android_7_0.0|leaf:Android_7_1.0|leaf:Android_8_0.0|leaf:Android_8_1.0|leaf:Android_9
1851,fam:Android,fam:Android,fam:Android,maj:Android_9,maj:Android_9,maj:Android_10|maj:Android_7|maj:Android_8|maj:Android_9,leaf:Android_9,leaf:Android_9,leaf:Android_10|leaf:Android_7_0.0|leaf:Android_8_0.0|leaf:Android_8_1.0|leaf:Android_9
1852,fam:Android,fam:Android,fam:Android,maj:Android_9,maj:Android_10,maj:Android_10|maj:Android_7|maj:Android_8|maj:Android_9,leaf:Android_9,leaf:Android_10,leaf:Android_10|leaf:Android_7_0.0|leaf:Android_7_1.0|leaf:Android_8_0.0|leaf:Android_8_1.0|leaf:Android_9
1853,fam:Android,fam:Android,fam:Android,maj:Android_9,maj:Android_10,maj:Android_10|maj:Android_7|maj:Android_8|maj:Android_9,leaf:Android_9,leaf:Android_8_1.0,leaf:Android_10|leaf:Android_7_0.0|leaf:Android_7_1.0|leaf:Android_8_0.0|leaf:Android_8_1.0|leaf:Android_9
1854,fam:Android,fam:Android,fam:Android|fam:Linux|fam:Windows,maj:Android_9,maj:Android_9,maj:Android_10|maj:Android_7|maj:Android_8|maj:Android_9|maj:Linux_OTHER|maj:Windows_10,leaf:Android_9,leaf:Android_8_0.0,leaf:Android_10|leaf:Android_7_0.0|leaf:Android_7_1.0|leaf:Android_8_0.0|leaf:Android_8_1.0|leaf:Android_9|leaf:Linux_OTHER|leaf:Windows_10
1855,fam:Android,fam:Android,fam:Android,maj:Android_9,maj:Android_9,maj:Android_10|maj:Android_7|maj:Android_8|maj:Android_9,leaf:Android_9,leaf:Android_9,leaf:Android_10|leaf:Android_7_0.0|leaf:Android_7_1.0|leaf:Android_8_0.0|leaf:Android_8_1.0|leaf:Android_9
1856,fam:Android,fam:Android,fam:Android,maj:Android_9,maj:Android_9,maj:Android_10|maj:Android_7|maj:Android_8|maj:Android_9,leaf:Android_9,leaf:Android_8_0.0,leaf:Android_10|leaf:Android_7_0.0|leaf:Android_7_1.0|leaf:Android_8_0.0|leaf:Android_8_1.0|leaf:Android_9
1857,fam:Android,fam:Android,fam:Android,maj:Android_9,maj:Android_10,maj:Android_10|maj:Android_7|maj:Android_8|maj:Android_9,leaf:Android_9,leaf:Android_8_1.0,leaf:Android_10|leaf:Android_7_0.0|leaf:Android_7_1.0|leaf:Android_8_0.0|leaf:Android_8_1.0|leaf:Android_9
1859,fam:Android,fam:Android,fam:Android,maj:Android_9,maj:Android_9,maj:Android_10|maj:Android_7|maj:Android_8|maj:Android_9,leaf:Android_9,leaf:Android_8_0.0,leaf:Android_10|leaf:Android_7_0.0|leaf:Android_7_1.0|leaf:Android_8_0.0|leaf:Android_8_1.0|leaf:Android_9
1862,fam:Android,fam:Android,fam:Android,maj:Android_9,maj:Android_10,maj:Android_10|maj:Android_8|maj:Android_9,leaf:Android_9,leaf:Android_10,leaf:Android_10|leaf:Android_8_0.0|leaf:Android_9
1863,fam:Android,fam:Android,fam:Android,maj:Android_9,maj:Android_9,maj:Android_10|maj:Android_5|maj:Android_6|maj:Android_7|maj:Android_8|maj:Android_9,leaf:Android_9,leaf:Android_9,leaf:Android_10|leaf:Android_5_1.0|leaf:Android_6_0.0|leaf:Android_7_0.0|leaf:Android_7_1.0|leaf:Android_8_0.0|leaf:Android_8_1.0|leaf:Android_9
1868,fam:Android,fam:Android,fam:Android,maj:Android_9,maj:Android_9,maj:Android_10|maj:Android_7|maj:Android_8|maj:Android_9,leaf:Android_9,leaf:Android_8_0.0,leaf:Android_10|leaf:Android_7_0.0|leaf:Android_7_1.0|leaf:Android_8_0.0|leaf:Android_8_1.0|leaf:Android_9
1871,fam:Android,fam:Android,fam:Android,maj:Android_9,maj:Android_10,maj:Android_10|maj:Android_8|maj:Android_9,leaf:Android_9,leaf:Android_10,leaf:Android_10|leaf:Android_8_0.0|leaf:Android_8_1.0|leaf:Android_9
1872,fam:Android,fam:Android,fam:Android|fam:Linux|fam:Windows,maj:Android_9,maj:Android_8,maj:Android_10|maj:Android_7|maj:Android_8|maj:Android_9|maj:Linux_OTHER|maj:Windows_10,leaf:Android_9,leaf:Android_8_0.0,leaf:Android_10|leaf:Android_7_0.0|leaf:Android_8_0.0|leaf:Android_8_1.0|leaf:Android_9|leaf:Linux_OTHER|leaf:Windows_10
1873,fam:Android,fam:Android,fam:Android,maj:Android_9,maj:Android_9,maj:Android_10|maj:Android_7|maj:Android_8|maj:Android_9,leaf:Android_9,leaf:Android_9,leaf:Android_10|leaf:Android_7_0.0|leaf:Android_7_1.0|leaf:Android_8_0.0|leaf:Android_8_1.0|leaf:Android_9
1874,fam:Android,fam:Android,fam:Android,maj:Android_9,maj:Android_10,maj:Android_10|maj:Android_8|maj:Android_9,leaf:Android_9,leaf:Android_10,leaf:Android_10|leaf:Android_8_0.0|leaf:Android_8_1.0|leaf:Android_9
1878,fam:Android,fam:Android,fam:Android|fam:Windows,maj:Android_9,maj:Android_9,maj:Android_10|maj:Android_6|maj:Android_8|maj:Android_9|maj:Windows_8,leaf:Android_9,leaf:Android_10,leaf:Android_10|leaf:Android_6_0.0|leaf:Android_8_0.0|leaf:Android_9|leaf:Windows_8_1.0
1879,fam:Android,fam:Android,fam:Android,maj:Android_9,maj:Android_10,maj:Android_10|maj:Android_8|maj:Android_9,leaf:Android_9,leaf:Android_10,leaf:Android_10|leaf:Android_8_1.0|leaf:Android_9
1880,fam:Android,fam:Android,fam:Android,maj:Android_9,maj:Android_9,maj:Android_10|maj:Android_7|maj:Android_8|maj:Android_9,leaf:Android_9,leaf:Android_10,leaf:Android_10|leaf:Android_7_0.0|leaf:Android_7_1.0|leaf:Android_8_0.0|leaf:Android_8_1.0|leaf:Android_9
1882,fam:Android,fam:Android,fam:Android|fam:Linux,maj:Android_9,maj:Android_8,maj:Android_10|maj:Android_7|maj:Android_8|maj:Android_9|maj:Linux_OTHER,leaf:Android_9,leaf:Android_8_0.0,leaf:Android_10|leaf:Android_7_0.0|leaf:Android_8_0.0|leaf:Android_8_1.0|leaf:Android_9|leaf:Linux_OTHER
1884,fam:Android,fam:Android,fam:Android|fam:Linux,maj:Android_9,maj:Android_8,maj:Android_10|maj:Android_7|maj:Android_8|maj:Android_9|maj:Linux_OTHER,leaf:Android_9,leaf:Android_8_0.0,leaf:Android_10|leaf:Android_7_0.0|leaf:Android_8_0.0|leaf:Android_8_1.0|leaf:Android_9|leaf:Linux_OTHER
1885,fam:Android,fam:Android,fam:Android,maj:Android_9,maj:Android_10,maj:Android_10|maj:Android_7|maj:Android_8|maj:Android_9,leaf:Android_9,leaf:Android_10,leaf:Android_10|leaf:Android_7_0.0|leaf:Android_7_1.0|leaf:Android_8_0.0|leaf:Android_8_1.0|leaf:Android_9
1887,fam:Android,fam:Android,fam:Android,maj:Android_9,maj:Android_10,maj:Android_10|maj:Android_8|maj:Android_9,leaf:Android_9,leaf:Android_10,leaf:Android_10|leaf:Android_8_0.0|leaf:Android_9
1888,fam:Android,fam:Android,fam:Android,maj:Android_9,maj:Android_9,maj:Android_10|maj:Android_7|maj:Android_8|maj:Android_9,leaf:Android_9,leaf:Android_8_0.0,leaf:Android_10|leaf:Android_7_0.0|leaf:Android_7_1.0|leaf:Android_8_0.0|leaf:Android_8_1.0|leaf:Android_9
1890,fam:Android,fam:Android,fam:Android|fam:Linux,maj:Android_9,maj:Android_9,maj:Android_10|maj:Android_7|maj:Android_8|maj:Android_9|maj:Linux_OTHER,leaf:Android_9,leaf:Android_8_0.0,leaf:Android_10|leaf:Android_7_0.0|leaf:Android_8_0.0|leaf:Android_8_1.0|leaf:Android_9|leaf:Linux_OTHER
1891,fam:Android,fam:Android,fam:Android,maj:Android_9,maj:Android_10,maj:Android_10|maj:Android_5|maj:Android_7|maj:Android_8|maj:Android_9,leaf:Android_9,leaf:Android_8_0.0,leaf:Android_10|leaf:Android_5_1.0|leaf:Android_7_0.0|leaf:Android_7_1.0|leaf:Android_8_0.0|leaf:Android_8_1.0|leaf:Android_9
1894,fam:Android,fam:Android,fam:Android|fam:Linux,maj:Android_9,maj:Android_8,maj:Android_10|maj:Android_7|maj:Android_8|maj:Android_9|maj:Linux_OTHER,leaf:Android_9,leaf:Android_8_0.0,leaf:Android_10|leaf:Android_7_0.0|leaf:Android_8_0.0|leaf:Android_8_1.0|leaf:Android_9|leaf:Linux_OTHER
1895,fam:Android,fam:Android,fam:Android,maj:Android_9,maj:Android_10,maj:Android_10|maj:Android_8|maj:Android_9,leaf:Android_9,leaf:Android_10,leaf:Android_10|leaf:Android_8_0.0|leaf:Android_8_1.0|leaf:Android_9
1896,fam:Android,fam:Android,fam:Android,maj:Android_9,maj:Android_7,maj:Android_10|maj:Android_6|maj:Android_7|maj:Android_8|maj:Android_9,leaf:Android_9,leaf:Android_7_1.0,leaf:Android_10|leaf:Android_6_0.0|leaf:Android_7_0.0|leaf:Android_7_1.0|leaf:Android_8_0.0|leaf:Android_8_1.0|leaf:Android_9
1898,fam:Android,fam:Android,fam:Android,maj:Android_9,maj:Android_10,maj:Android_10|maj:Android_7|maj:Android_8|maj:Android_9,leaf:Android_9,leaf:Android_8_1.0,leaf:Android_10|leaf:Android_7_0.0|leaf:Android_7_1.0|leaf:Android_8_0.0|leaf:Android_8_1.0|leaf:Android_9
1899,fam:Android,fam:Android,fam:Android,maj:Android_9,maj:Android_10,maj:Android_10|maj:Android_8|maj:Android_9,leaf:Android_9,leaf:Android_10,leaf:Android_10|leaf:Android_8_0.0|leaf:Android_8_1.0|leaf:Android_9
1901,fam:Android,fam:Android,fam:Android,maj:Android_9,maj:Android_7,maj:Android_10|maj:Android_5|maj:Android_6|maj:Android_7|maj:Android_8|maj:Android_9,leaf:Android_9,leaf:Android_8_0.0,leaf:Android_10|leaf:Android_5_1.0|leaf:Android_6_0.0|leaf:Android_7_0.0|leaf:Android_7_1.0|leaf:Android_8_0.0|leaf:Android_8_1.0|leaf:Android_9
1902,fam:Android,fam:Android,fam:Android|fam:Linux,maj:Android_9,maj:Android_9,maj:Android_10|maj:Android_7|maj:Android_8|maj:Android_9|maj:Linux_OTHER,leaf:Android_9,leaf:Android_8_0.0,leaf:Android_10|leaf:Android_7_0.0|leaf:Android_8_0.0|leaf:Android_8_1.0|leaf:Android_9|leaf:Linux_OTHER
1903,fam:Android,fam:Android,fam:Android|fam:Linux,maj:Android_9,maj:Android_9,maj:Android_10|maj:Android_7|maj:Android_8|maj:Android_9|maj:Linux_OTHER,leaf:Android_9,leaf:Android_9,leaf:Android_10|leaf:Android_7_0.0|leaf:Android_8_0.0|leaf:Android_8_1.0|leaf:Android_9|leaf:Linux_OTHER
1905,fam:Android,fam:Android,fam:Android,maj:Android_9,maj:Android_10,maj:Android_10|maj:Android_7|maj:Android_8|maj:Android_9,leaf:Android_9,leaf:Android_8_0.0,leaf:Android_10|leaf:Android_7_0.0|leaf:Android_7_1.0|leaf:Android_8_0.0|leaf:Android_8_1.0|leaf:Android_9
1907,fam:Android,fam:Android,fam:Android,maj:Android_9,maj:Android_9,maj:Android_10|maj:Android_7|maj:Android_8|maj:Android_9,leaf:Android_9,leaf:Android_9,leaf:Android_10|leaf:Android_7_0.0|leaf:Android_8_0.0|leaf:Android_8_1.0|leaf:Android_9
1908,fam:Android,fam:Android,fam:Android,maj:Android_9,maj:Android_10,maj:Android_10|maj:Android_7|maj:Android_8|maj:Android_9,leaf:Android_9,leaf:Android_10,leaf:Android_10|leaf:Android_7_0.0|leaf:Android_7_1.0|leaf:Android_8_0.0|leaf:Android_8_1.0|leaf:Android_9
1909,fam:Android,fam:Android,fam:Android,maj:Android_9,maj:Android_9,maj:Android_10|maj:Android_7|maj:Android_8|maj:Android_9,leaf:Android_9,leaf:Android_9,leaf:Android_10|leaf:Android_7_0.0|leaf:Android_8_0.0|leaf:Android_8_1.0|leaf:Android_9
1913,fam:Android,fam:Android,fam:Android,maj:Android_9,maj:Android_10,maj:Android_10|maj:Android_7|maj:Android_8|maj:Android_9,leaf:Android_9,leaf:Android_8_0.0,leaf:Android_10|leaf:Android_7_0.0|leaf:Android_7_1.0|leaf:Android_8_0.0|leaf:Android_8_1.0|leaf:Android_9
1914,fam:Android,fam:Android,fam:Android,maj:Android_9,maj:Android_9,maj:Android_10|maj:Android_7|maj:Android_8|maj:Android_9,leaf:Android_9,leaf:Android_8_0.0,leaf:Android_10|leaf:Android_7_0.0|leaf:Android_7_1.0|leaf:Android_8_0.0|leaf:Android_8_1.0|leaf:Android_9
1915,fam:Android,fam:Android,fam:Android|fam:Linux,maj:Android_9,maj:Android_9,maj:Android_10|maj:Android_7|maj:Android_8|maj:Android_9|maj:Linux_OTHER,leaf:Android_9,leaf:Android_8_0.0,leaf:Android_10|leaf:Android_7_0.0|leaf:Android_8_0.0|leaf:Android_8_1.0|leaf:Android_9|leaf:Linux_OTHER
1918,fam:Android,fam:Android,fam:Android|fam:Linux,maj:Android_9,maj:Linux_OTHER,maj:Android_10|maj:Android_7|maj:Android_8|maj:Android_9|maj:Linux_OTHER,leaf:Android_9,leaf:Linux_OTHER,leaf:Android_10|leaf:Android_7_0.0|leaf:Android_8_0.0|leaf:Android_8_1.0|leaf:Android_9|leaf:Linux_OTHER
1924,fam:Android,fam:Android,fam:Android,maj:Android_9,maj:Android_10,maj:Android_10|maj:Android_7|maj:Android_8|maj:Android_9,leaf:Android_9,leaf:Android_8_0.0,leaf:Android_10|leaf:Android_7_0.0|leaf:Android_7_1.0|leaf:Android_8_0.0|leaf:Android_8_1.0|leaf:Android_9
1925,fam:Android,fam:Android,fam:Android|fam:Linux,maj:Android_9,maj:Android_8,maj:Android_10|maj:Android_7|maj:Android_8|maj:Android_9|maj:Linux_OTHER,leaf:Android_9,leaf:Android_8_0.0,leaf:Android_10|leaf:Android_7_0.0|leaf:Android_8_0.0|leaf:Android_8_1.0|leaf:Android_9|leaf:Linux_OTHER
1929,fam:Android,fam:Android,fam:Android,maj:Android_9,maj:Android_10,maj:Android_10|maj:Android_7|maj:Android_8|maj:Android_9,leaf:Android_9,leaf:Android_8_1.0,leaf:Android_10|leaf:Android_7_0.0|leaf:Android_7_1.0|leaf:Android_8_0.0|leaf:Android_8_1.0|leaf:Android_9
1933,fam:Android,fam:Android,fam:Android,maj:Android_9,maj:Android_9,maj:Android_10|maj:Android_5|maj:Android_7|maj:Android_8|maj:Android_9,leaf:Android_9,leaf:Android_9,leaf:Android_10|leaf:Android_5_1.0|leaf:Android_7_0.0|leaf:Android_7_1.0|leaf:Android_8_0.0|leaf:Android_8_1.0|leaf:Android_9
1934,fam:Android,fam:Android,fam:Android,maj:Android_9,maj:Android_9,maj:Android_10|maj:Android_7|maj:Android_8|maj:Android_9,leaf:Android_9,leaf:Android_9,leaf:Android_10|leaf:Android_7_0.0|leaf:Android_7_1.0|leaf:Android_8_0.0|leaf:Android_8_1.0|leaf:Android_9
1938,fam:Android,fam:Android,fam:Android,maj:Android_9,maj:Android_9,maj:Android_10|maj:Android_7|maj:Android_8|maj:Android_9,leaf:Android_9,leaf:Android_9,leaf:Android_10|leaf:Android_7_0.0|leaf:Android_7_1.0|leaf:Android_8_0.0|leaf:Android_8_1.0|leaf:Android_9
1940,fam:Android,fam:Android,fam:Android,maj:Android_9,maj:Android_9,maj:Android_10|maj:Android_7|maj:Android_8|maj:Android_9,leaf:Android_9,leaf:Android_8_0.0,leaf:Android_10|leaf:Android_7_0.0|leaf:Android_7_1.0|leaf:Android_8_0.0|leaf:Android_8_1.0|leaf:Android_9
1943,fam:Android,fam:Android,fam:Android|fam:Linux|fam:Windows,maj:Android_9,maj:Android_9,maj:Android_10|maj:Android_8|maj:Android_9|maj:Linux_OTHER|maj:Windows_10,leaf:Android_9,leaf:Android_9,leaf:Android_10|leaf:Android_8_0.0|leaf:Android_8_1.0|leaf:Android_9|leaf:Linux_OTHER|leaf:Windows_10
1945,fam:Android,fam:Android,fam:Android,maj:Android_9,maj:Android_9,maj:Android_10|maj:Android_7|maj:Android_8|maj:Android_9,leaf:Android_9,leaf:Android_8_0.0,leaf:Android_10|leaf:Android_7_0.0|leaf:Android_7_1.0|leaf:Android_8_0.0|leaf:Android_8_1.0|leaf:Android_9
1946,fam:Android,fam:Android,fam:Android|fam:Linux,maj:Android_9,maj:Android_9,maj:Android_10|maj:Android_7|maj:Android_8|maj:Android_9|maj:Linux_OTHER,leaf:Android_9,leaf:Android_8_0.0,leaf:Android_10|leaf:Android_7_0.0|leaf:Android_8_0.0|leaf:Android_8_1.0|leaf:Android_9|leaf:Linux_OTHER
1949,fam:Android,fam:Android,fam:Android,maj:Android_9,maj:Android_9,maj:Android_10|maj:Android_4|maj:Android_6|maj:Android_7|maj:Android_8|maj:Android_9,leaf:Android_9,leaf:Android_4_1.0,leaf:Android_10|leaf:Android_4_1.0|leaf:Android_6_0.0|leaf:Android_7_1.0|leaf:Android_8_0.0|leaf:Android_8_1.0|leaf:Android_9
1951,fam:Android,fam:Android,fam:Android|fam:Linux,maj:Android_9,maj:Android_8,maj:Android_10|maj:Android_7|maj:Android_8|maj:Android_9|maj:Linux_OTHER,leaf:Android_9,leaf:Android_8_0.0,leaf:Android_10|leaf:Android_7_0.0|leaf:Android_8_0.0|leaf:Android_8_1.0|leaf:Android_9|leaf:Linux_OTHER
1953,fam:Android,fam:Android,fam:Android,maj:Android_9,maj:Android_9,maj:Android_10|maj:Android_7|maj:Android_8|maj:Android_9,leaf:Android_9,leaf:Android_9,leaf:Android_10|leaf:Android_7_0.0|leaf:Android_7_1.0|leaf:Android_8_0.0|leaf:Android_8_1.0|leaf:Android_9
1954,fam:Android,fam:Android,fam:Android,maj:Android_9,maj:Android_10,maj:Android_10|maj:Android_7|maj:Android_8|maj:Android_9,leaf:Android_9,leaf:Android_8_0.0,leaf:Android_10|leaf:Android_7_0.0|leaf:Android_7_1.0|leaf:Android_8_0.0|leaf:Android_8_1.0|leaf:Android_9
1955,fam:Android,fam:Android,fam:Android,maj:Android_9,maj:Android_9,maj:Android_10|maj:Android_7|maj:Android_8|maj:Android_9,leaf:Android_9,leaf:Android_9,leaf:Android_10|leaf:Android_7_0.0|leaf:Android_7_1.0|leaf:Android_8_0.0|leaf:Android_8_1.0|leaf:Android_9
1956,fam:Android,fam:Android,fam:Android,maj:Android_9,maj:Android_8,maj:Android_10|maj:Android_7|maj:Android_8|maj:Android_9,leaf:Android_9,leaf:Android_8_1.0,leaf:Android_10|leaf:Android_7_0.0|leaf:Android_7_1.0|leaf:Android_8_0.0|leaf:Android_8_1.0|leaf:Android_9
1957,fam:Android,fam:Android,fam:Android,maj:Android_9,maj:Android_9,maj:Android_10|maj:Android_6|maj:Android_8|maj:Android_9,leaf:Android_9,leaf:Android_9,leaf:Android_10|leaf:Android_6_0.0|leaf:Android_8_0.0|leaf:Android_9
1959,fam:Android,fam:Android,fam:Android,maj:Android_9,maj:Android_10,maj:Android_10|maj:Android_7|maj:Android_8|maj:Android_9,leaf:Android_9,leaf:Android_8_1.0,leaf:Android_10|leaf:Android_7_0.0|leaf:Android_7_1.0|leaf:Android_8_0.0|leaf:Android_8_1.0|leaf:Android_9
1967,fam:Android,fam:Android,fam:Android,maj:Android_9,maj:Android_10,maj:Android_10|maj:Android_7|maj:Android_8|maj:Android_9,leaf:Android_9,leaf:Android_10,leaf:Android_10|leaf:Android_7_0.0|leaf:Android_7_1.0|leaf:Android_8_0.0|leaf:Android_8_1.0|leaf:Android_9
1968,fam:Android,fam:Android,fam:Android,maj:Android_9,maj:Android_7,maj:Android_10|maj:Android_6|maj:Android_7|maj:Android_8|maj:Android_9,leaf:Android_9,leaf:Android_8_0.0,leaf:Android_10|leaf:Android_6_0.0|leaf:Android_7_0.0|leaf:Android_7_1.0|leaf:Android_8_0.0|leaf:Android_8_1.0|leaf:Android_9
1969,fam:Android,fam:Android,fam:Android,maj:Android_9,maj:Android_10,maj:Android_10|maj:Android_7|maj:Android_8|maj:Android_9,leaf:Android_9,leaf:Android_8_1.0,leaf:Android_10|leaf:Android_7_0.0|leaf:Android_7_1.0|leaf:Android_8_0.0|leaf:Android_8_1.0|leaf:Android_9
1971,fam:Android,fam:Android,fam:Android,maj:Android_9,maj:Android_10,maj:Android_10|maj:Android_7|maj:Android_8|maj:Android_9,leaf:Android_9,leaf:Android_9,leaf:Android_10|leaf:Android_7_1.0|leaf:Android_8_0.0|leaf:Android_8_1.0|leaf:Android_9
1986,fam:Android,fam:Android,fam:Android|fam:Linux,maj:Android_9,maj:Android_8,maj:Android_10|maj:Android_7|maj:Android_8|maj:Android_9|maj:Linux_OTHER,leaf:Android_9,leaf:Android_8_0.0,leaf:Android_10|leaf:Android_7_0.0|leaf:Android_8_0.0|leaf:Android_8_1.0|leaf:Android_9|leaf:Linux_OTHER
1987,fam:Android,fam:Android,fam:Android|fam:Linux,maj:Android_9,maj:Android_8,maj:Android_10|maj:Android_7|maj:Android_8|maj:Android_9|maj:Linux_OTHER,leaf:Android_9,leaf:Android_8_0.0,leaf:Android_10|leaf:Android_7_0.0|leaf:Android_8_0.0|leaf:Android_8_1.0|leaf:Android_9|leaf:Linux_OTHER
1991,fam:Android,fam:Android,fam:Android|fam:Windows,maj:Android_9,maj:Android_9,maj:Android_10|maj:Android_6|maj:Android_8|maj:Android_9|maj:Windows_10,leaf:Android_9,leaf:Android_9,leaf:Android_10|leaf:Android_6_0.0|leaf:Android_8_0.0|leaf:Android_8_1.0|leaf:Android_9|leaf:Windows_10
1992,fam:Android,fam:Android,fam:Android,maj:Android_9,maj:Android_10,maj:Android_10|maj:Android_7|maj:Android_8|maj:Android_9,leaf:Android_9,leaf:Android_8_0.0,leaf:Android_10|leaf:Android_7_0.0|leaf:Android_7_1.0|leaf:Android_8_0.0|leaf:Android_8_1.0|leaf:Android_9
1993,fam:Android,fam:Android,fam:Android,maj:Android_9,maj:Android_7,maj:Android_10|maj:Android_6|maj:Android_7|maj:Android_8|maj:Android_9,leaf:Android_9,leaf:Android_8_0.0,leaf:Android_10|leaf:Android_6_0.0|leaf:Android_7_0.0|leaf:Android_7_1.0|leaf:Android_8_0.0|leaf:Android_8_1.0|leaf:Android_9
1994,fam:Android,fam:Android,fam:Android,maj:Android_9,maj:Android_9,maj:Android_10|maj:Android_7|maj:Android_8|maj:Android_9,leaf:Android_9,leaf:Android_9,leaf:Android_10|leaf:Android_7_0.0|leaf:Android_7_1.0|leaf:Android_8_0.0|leaf:Android_8_1.0|leaf:Android_9
1996,fam:Android,fam:Android,fam:Android,maj:Android_9,maj:Android_9,maj:Android_10|maj:Android_7|maj:Android_8|maj:Android_9,leaf:Android_9,leaf:Android_10,leaf:Android_10|leaf:Android_7_0.0|leaf:Android_8_0.0|leaf:Android_8_1.0|leaf:Android_9
1999,fam:Android,fam:Android,fam:Android,maj:Android_OTHER,maj:Android_OTHER,maj:Android_OTHER,leaf:Android_OTHER,leaf:Android_OTHER,leaf:Android_OTHER
2000,fam:Android,fam:Android,fam:Android,maj:Android_OTHER,maj:Android_OTHER,maj:Android_8|maj:Android_OTHER,leaf:Android_OTHER,leaf:Android_OTHER,leaf:Android_8_0.0|leaf:Android_OTHER
2001,fam:Android,fam:Android,fam:Android,maj:Android_OTHER,maj:Android_OTHER,maj:Android_OTHER,leaf:Android_OTHER,leaf:Android_OTHER,leaf:Android_OTHER
2003,fam:Android,fam:Android,fam:Android,maj:Android_OTHER,maj:Android_OTHER,maj:Android_OTHER,leaf:Android_OTHER,leaf:Android_OTHER,leaf:Android_OTHER
2004,fam:Android,fam:Android,fam:Android,maj:Android_OTHER,maj:Android_OTHER,maj:Android_OTHER,leaf:Android_OTHER,leaf:Android_OTHER,leaf:Android_OTHER
2005,fam:Android,fam:Android,fam:Android,maj:Android_OTHER,maj:Android_OTHER,maj:Android_OTHER,leaf:Android_OTHER,leaf:Android_OTHER,leaf:Android_OTHER
2006,fam:Android,fam:Android,fam:Android,maj:Android_OTHER,maj:Android_OTHER,maj:Android_OTHER,leaf:Android_OTHER,leaf:Android_OTHER,leaf:Android_OTHER
2007,fam:Android,fam:Android,fam:Android,maj:Android_OTHER,maj:Android_OTHER,maj:Android_OTHER,leaf:Android_OTHER,leaf:Android_OTHER,leaf:Android_OTHER
2010,fam:Android,fam:Android,fam:Android,maj:Android_OTHER,maj:Android_OTHER,maj:Android_OTHER,leaf:Android_OTHER,leaf:Android_OTHER,leaf:Android_OTHER
2011,fam:Android,fam:Android,fam:Android,maj:Android_OTHER,maj:Android_8,maj:Android_8|maj:Android_9,leaf:Android_OTHER,leaf:Android_8_1.0,leaf:Android_8_1.0|leaf:Android_9
2013,fam:Android,fam:Android,fam:Android,maj:Android_OTHER,maj:Android_OTHER,maj:Android_OTHER,leaf:Android_OTHER,leaf:Android_OTHER,leaf:Android_OTHER
2017,fam:Android,fam:Android,fam:Android,maj:Android_OTHER,maj:Android_OTHER,maj:Android_OTHER,leaf:Android_OTHER,leaf:Android_OTHER,leaf:Android_OTHER
2019,fam:Android,fam:Android,fam:Android,maj:Android_OTHER,maj:Android_OTHER,maj:Android_OTHER,leaf:Android_OTHER,leaf:Android_OTHER,leaf:Android_OTHER
2021,fam:Android,fam:Android,fam:Android,maj:Android_OTHER,maj:Android_OTHER,maj:Android_OTHER,leaf:Android_OTHER,leaf:Android_OTHER,leaf:Android_OTHER
2023,fam:Android,fam:Android,fam:Android,maj:Android_OTHER,maj:Android_9,maj:Android_5|maj:Android_8|maj:Android_9,leaf:Android_OTHER,leaf:Android_8_1.0,leaf:Android_5_1.0|leaf:Android_8_1.0|leaf:Android_9
2026,fam:Android,fam:Android,fam:Android,maj:Android_OTHER,maj:Android_OTHER,maj:Android_OTHER,leaf:Android_OTHER,leaf:Android_OTHER,leaf:Android_OTHER
2029,fam:Android,fam:Android,fam:Android,maj:Android_OTHER,maj:Android_OTHER,maj:Android_OTHER,leaf:Android_OTHER,leaf:Android_OTHER,leaf:Android_OTHER
2030,fam:Android,fam:Android,fam:Android,maj:Android_OTHER,maj:Android_OTHER,maj:Android_OTHER,leaf:Android_OTHER,leaf:Android_OTHER,leaf:Android_OTHER
2032,fam:Android,fam:Linux,fam:Android|fam:Linux|fam:macOS,maj:Android_OTHER,maj:Linux_OTHER,maj:Android_10|maj:Android_8|maj:Android_9|maj:Linux_OTHER|maj:Linux_Ubuntu|maj:macOS_10,leaf:Android_OTHER,leaf:Android_9,leaf:Android_10|leaf:Android_8_0.0|leaf:Android_9|leaf:Linux_OTHER|leaf:Linux_Ubuntu|leaf:macOS_10_10.0|leaf:macOS_10_13.0
2034,fam:Android,fam:Android,fam:Android,maj:Android_OTHER,maj:Android_OTHER,maj:Android_OTHER,leaf:Android_OTHER,leaf:Android_OTHER,leaf:Android_OTHER
2036,fam:Android,fam:Android,fam:Android,maj:Android_OTHER,maj:Android_OTHER,maj:Android_OTHER,leaf:Android_OTHER,leaf:Android_OTHER,leaf:Android_OTHER
2038,fam:Android,fam:Android,fam:Android,maj:Android_OTHER,maj:Android_OTHER,maj:Android_8|maj:Android_OTHER,leaf:Android_OTHER,leaf:Android_OTHER,leaf:Android_8_0.0|leaf:Android_OTHER
2040,fam:Android,fam:Android,fam:Android,maj:Android_OTHER,maj:Android_OTHER,maj:Android_OTHER,leaf:Android_OTHER,leaf:Android_OTHER,leaf:Android_OTHER
2041,fam:Android,fam:Android,fam:Android,maj:Android_OTHER,maj:Android_OTHER,maj:Android_OTHER,leaf:Android_OTHER,leaf:Android_OTHER,leaf:Android_OTHER
2042,fam:Android,fam:Android,fam:Android,maj:Android_OTHER,maj:Android_OTHER,maj:Android_OTHER,leaf:Android_OTHER,leaf:Android_OTHER,leaf:Android_OTHER
2044,fam:Android,fam:Android,fam:Android,maj:Android_OTHER,maj:Android_OTHER,maj:Android_OTHER,leaf:Android_OTHER,leaf:Android_OTHER,leaf:Android_OTHER
2051,fam:Android,fam:Android,fam:Android,maj:Android_OTHER,maj:Android_OTHER,maj:Android_OTHER,leaf:Android_OTHER,leaf:Android_OTHER,leaf:Android_OTHER
2052,fam:Linux,fam:Linux,fam:Linux,maj:Linux_OTHER,maj:Linux_OTHER,maj:Linux_OTHER,leaf:Linux_OTHER,leaf:Linux_OTHER,leaf:Linux_OTHER
2055,fam:Linux,fam:Android,fam:Android|fam:Linux|fam:Windows,maj:Linux_OTHER,maj:Android_6,maj:Android_4|maj:Android_6|maj:Linux_OTHER|maj:Windows_XP,leaf:Linux_OTHER,leaf:Android_6_0.0,leaf:Android_4_2.0|leaf:Android_6_0.0|leaf:Linux_OTHER|leaf:Windows_XP
2060,fam:Linux,fam:Linux,fam:Linux|fam:Windows|fam:macOS,maj:Linux_OTHER,maj:Linux_OTHER,maj:Linux_OTHER|maj:Linux_Ubuntu|maj:Windows_10|maj:Windows_7|maj:macOS_10,leaf:Linux_OTHER,leaf:Linux_OTHER,leaf:Linux_OTHER|leaf:Linux_Ubuntu|leaf:Windows_10|leaf:Windows_7|leaf:macOS_10_11.0
2061,fam:Linux,fam:Linux,fam:Android|fam:Linux|fam:Windows,maj:Linux_OTHER,maj:Linux_OTHER,maj:Android_6|maj:Android_7|maj:Linux_OTHER|maj:Linux_Ubuntu|maj:Windows_10|maj:Windows_7,leaf:Linux_OTHER,leaf:Linux_OTHER,leaf:Android_6_0.0|leaf:Android_7_0.0|leaf:Linux_OTHER|leaf:Linux_Ubuntu|leaf:Windows_10|leaf:Windows_7
2064,fam:Linux,fam:Linux,fam:Linux,maj:Linux_OTHER,maj:Linux_OTHER,maj:Linux_OTHER,leaf:Linux_OTHER,leaf:Linux_OTHER,leaf:Linux_OTHER
2065,fam:Linux,fam:Linux,fam:Linux,maj:Linux_OTHER,maj:Linux_OTHER,maj:Linux_OTHER,leaf:Linux_OTHER,leaf:Linux_OTHER,leaf:Linux_OTHER
2066,fam:Linux,fam:Linux,fam:Linux|fam:Windows,maj:Linux_OTHER,maj:Linux_OTHER,maj:Linux_OTHER|maj:Linux_Ubuntu|maj:Windows_10|maj:Windows_7|maj:Windows_8,leaf:Linux_OTHER,leaf:Linux_OTHER,leaf:Linux_OTHER|leaf:Linux_Ubuntu|leaf:Windows_10|leaf:Windows_7|leaf:Windows_8_1.0
2068,fam:Linux,fam:Linux,fam:Linux,maj:Linux_OTHER,maj:Linux_OTHER,maj:Linux_OTHER,leaf:Linux_OTHER,leaf:Linux_OTHER,leaf:Linux_OTHER
2069,fam:Linux,fam:Linux,fam:Linux|fam:Windows,maj:Linux_OTHER,maj:Linux_OTHER,maj:Linux_OTHER|maj:Linux_Ubuntu|maj:Windows_10|maj:Windows_7,leaf:Linux_OTHER,leaf:Linux_OTHER,leaf:Linux_OTHER|leaf:Linux_Ubuntu|leaf:Windows_10|leaf:Windows_7
2072,fam:Linux,fam:Linux,fam:Linux,maj:Linux_OTHER,maj:Linux_OTHER,maj:Linux_OTHER,leaf:Linux_OTHER,leaf:Linux_OTHER,leaf:Linux_OTHER
2078,fam:Linux,fam:Linux,fam:Linux,maj:Linux_OTHER,maj:Linux_OTHER,maj:Linux_OTHER,leaf:Linux_OTHER,leaf:Linux_OTHER,leaf:Linux_OTHER
2079,fam:Linux,fam:macOS,fam:Linux|fam:Windows|fam:macOS,maj:Linux_OTHER,maj:Linux_OTHER,maj:Linux_OTHER|maj:Windows_7|maj:macOS_10,leaf:Linux_OTHER,leaf:macOS_10_9.0,leaf:Linux_OTHER|leaf:Windows_7|leaf:macOS_10_9.0
2081,fam:Linux,fam:Linux,fam:Linux|fam:Windows,maj:Linux_OTHER,maj:Linux_Ubuntu,maj:Linux_OTHER|maj:Linux_Ubuntu|maj:Windows_10|maj:Windows_7|maj:Windows_8,leaf:Linux_OTHER,leaf:Linux_OTHER,leaf:Linux_OTHER|leaf:Linux_Ubuntu|leaf:Windows_10|leaf:Windows_7|leaf:Windows_8_1.0
2082,fam:Linux,fam:Linux,fam:Linux,maj:Linux_OTHER,maj:Linux_OTHER,maj:Linux_OTHER,leaf:Linux_OTHER,leaf:Linux_OTHER,leaf:Linux_OTHER
2083,fam:Linux,fam:Linux,fam:Linux,maj:Linux_OTHER,maj:Linux_Ubuntu,maj:Linux_OTHER|maj:Linux_Ubuntu,leaf:Linux_OTHER,leaf:Linux_Ubuntu,leaf:Linux_OTHER|leaf:Linux_Ubuntu
2084,fam:Linux,fam:Android,fam:Android|fam:Linux,maj:Linux_OTHER,maj:Android_8,maj:Android_10|maj:Android_7|maj:Android_8|maj:Android_9|maj:Linux_OTHER,leaf:Linux_OTHER,leaf:Android_8_0.0,leaf:Android_10|leaf:Android_7_0.0|leaf:Android_7_1.0|leaf:Android_8_0.0|leaf:Android_8_1.0|leaf:Android_9|leaf:Linux_OTHER
2085,fam:Linux,fam:Linux,fam:Linux|fam:macOS,maj:Linux_OTHER,maj:Linux_OTHER,maj:Linux_OTHER|maj:macOS_10,leaf:Linux_OTHER,leaf:Linux_OTHER,leaf:Linux_OTHER|leaf:macOS_10_9.0
2087,fam:Linux,fam:Linux,fam:Linux|fam:macOS,maj:Linux_OTHER,maj:Linux_OTHER,maj:Linux_OTHER|maj:macOS_10,leaf:Linux_OTHER,leaf:Linux_OTHER,leaf:Linux_OTHER|leaf:macOS_10_9.0
2088,fam:Linux,fam:Linux,fam:Linux,maj:Linux_OTHER,maj:Linux_OTHER,maj:Linux_OTHER,leaf:Linux_OTHER,leaf:Linux_OTHER,leaf:Linux_OTHER
2090,fam:Linux,fam:Linux,fam:Linux,maj:Linux_OTHER,maj:Linux_OTHER,maj:Linux_OTHER,leaf:Linux_OTHER,leaf:Linux_OTHER,leaf:Linux_OTHER
2091,fam:Linux,fam:macOS,fam:Linux|fam:Windows|fam:macOS,maj:Linux_OTHER,maj:Linux_OTHER,maj:Linux_OTHER|maj:Windows_7|maj:macOS_10,leaf:Linux_OTHER,leaf:Windows_7,leaf:Linux_OTHER|leaf:Windows_7|leaf:macOS_10_9.0
2092,fam:Linux,fam:Linux,fam:Linux,maj:Linux_OTHER,maj:Linux_OTHER,maj:Linux_OTHER,leaf:Linux_OTHER,leaf:Linux_OTHER,leaf:Linux_OTHER
2094,fam:Linux,fam:Linux,fam:Linux,maj:Linux_OTHER,maj:Linux_OTHER,maj:Linux_OTHER,leaf:Linux_OTHER,leaf:Linux_OTHER,leaf:Linux_OTHER
2098,fam:Linux,fam:Linux,fam:Linux|fam:Windows|fam:macOS,maj:Linux_OTHER,maj:Linux_OTHER,maj:Linux_OTHER|maj:Windows_10|maj:Windows_7|maj:Windows_8|maj:macOS_10,leaf:Linux_OTHER,leaf:Windows_10,leaf:Linux_OTHER|leaf:Windows_10|leaf:Windows_7|leaf:Windows_8_1.0|leaf:macOS_10_10.0|leaf:macOS_10_11.0|leaf:macOS_10_13.0|leaf:macOS_10_8.0|leaf:macOS_10_9.0
2099,fam:Linux,fam:Linux,fam:Linux,maj:Linux_OTHER,maj:Linux_OTHER,maj:Linux_OTHER|maj:Linux_Ubuntu,leaf:Linux_OTHER,leaf:Linux_OTHER,leaf:Linux_OTHER|leaf:Linux_Ubuntu
2101,fam:Linux,fam:Linux,fam:Linux|fam:Windows|fam:macOS,maj:Linux_OTHER,maj:Windows_8,maj:Linux_OTHER|maj:Windows_10|maj:Windows_7|maj:Windows_8|maj:Windows_XP|maj:macOS_10,leaf:Linux_OTHER,leaf:Windows_7,leaf:Linux_OTHER|leaf:Windows_10|leaf:Windows_7|leaf:Windows_8_1.0|leaf:Windows_XP|leaf:macOS_10_12.0|leaf:macOS_10_13.0|leaf:macOS_10_8.0
2102,fam:Linux,fam:macOS,fam:Linux|fam:Windows|fam:macOS,maj:Linux_OTHER,maj:Linux_OTHER,maj:Linux_OTHER|maj:Windows_7|maj:macOS_10,leaf:Linux_OTHER,leaf:Windows_7,leaf:Linux_OTHER|leaf:Windows_7|leaf:macOS_10_9.0
2103,fam:Linux,fam:Linux,fam:Linux|fam:macOS,maj:Linux_OTHER,maj:Linux_OTHER,maj:Linux_OTHER|maj:macOS_10,leaf:Linux_OTHER,leaf:Linux_OTHER,leaf:Linux_OTHER|leaf:macOS_10_9.0
2105,fam:Linux,fam:Windows,fam:Linux|fam:Windows|fam:macOS,maj:Linux_OTHER,maj:Linux_OTHER,maj:Linux_OTHER|maj:Linux_Ubuntu|maj:Windows_10|maj:Windows_7|maj:macOS_10,leaf:Linux_OTHER,leaf:Windows_10,leaf:Linux_OTHER|leaf:Linux_Ubuntu|leaf:Windows_10|leaf:Windows_7|leaf:macOS_10_10.0|leaf:macOS_10_11.0|leaf:macOS_10_12.0|leaf:macOS_10_13.0|leaf:macOS_10_15.0
2106,fam:Linux,fam:Linux,fam:Linux,maj:Linux_OTHER,maj:Linux_OTHER,maj:Linux_OTHER,leaf:Linux_OTHER,leaf:Linux_OTHER,leaf:Linux_OTHER
2107,fam:Linux,fam:Linux,fam:Linux,maj:Linux_OTHER,maj:Linux_OTHER,maj:Linux_OTHER,leaf:Linux_OTHER,leaf:Linux_OTHER,leaf:Linux_OTHER
2108,fam:Linux,fam:Linux,fam:Linux,maj:Linux_OTHER,maj:Linux_OTHER,maj:Linux_OTHER,leaf:Linux_OTHER,leaf:Linux_OTHER,leaf:Linux_OTHER
2109,fam:Linux,fam:Linux,fam:Linux,maj:Linux_OTHER,maj:Linux_OTHER,maj:Linux_OTHER|maj:Linux_Ubuntu,leaf:Linux_OTHER,leaf:Linux_Ubuntu,leaf:Linux_OTHER|leaf:Linux_Ubuntu
2110,fam:Linux,fam:Android,fam:Android|fam:Linux|fam:Windows,maj:Linux_OTHER,maj:Android_6,maj:Android_4|maj:Android_6|maj:Linux_OTHER|maj:Windows_XP,leaf:Linux_OTHER,leaf:Windows_XP,leaf:Android_4_2.0|leaf:Android_6_0.0|leaf:Linux_OTHER|leaf:Windows_XP
2116,fam:Linux,fam:Android,fam:Android|fam:Linux|fam:Windows,maj:Linux_OTHER,maj:Android_6,maj:Android_4|maj:Android_6|maj:Linux_OTHER|maj:Windows_XP,leaf:Linux_OTHER,leaf:Android_6_0.0,leaf:Android_4_2.0|leaf:Android_6_0.0|leaf:Linux_OTHER|leaf:Windows_XP
2119,fam:Linux,fam:Linux,fam:Linux,maj:Linux_OTHER,maj:Linux_OTHER,maj:Linux_OTHER,leaf:Linux_OTHER,leaf:Linux_OTHER,leaf:Linux_OTHER
2120,fam:Linux,fam:Linux,fam:Linux,maj:Linux_OTHER,maj:Linux_OTHER,maj:Linux_OTHER,leaf:Linux_OTHER,leaf:Linux_OTHER,leaf:Linux_OTHER
2122,fam:Linux,fam:Linux,fam:Linux,maj:Linux_OTHER,maj:Linux_OTHER,maj:Linux_OTHER,leaf:Linux_OTHER,leaf:Linux_OTHER,leaf:Linux_OTHER
2124,fam:Linux,fam:Linux,fam:Android|fam:Linux,maj:Linux_OTHER,maj:Linux_OTHER,maj:Android_8|maj:Android_9|maj:Linux_OTHER|maj:Linux_Ubuntu,leaf:Linux_OTHER,leaf:Linux_OTHER,leaf:Android_8_0.0|leaf:Android_9|leaf:Linux_OTHER|leaf:Linux_Ubuntu
2125,fam:Linux,fam:Linux,fam:Linux,maj:Linux_OTHER,maj:Linux_OTHER,maj:Linux_OTHER,leaf:Linux_OTHER,leaf:Linux_OTHER,leaf:Linux_OTHER
2127,fam:Linux,fam:Linux,fam:Linux|fam:macOS,maj:Linux_OTHER,maj:Linux_OTHER,maj:Linux_OTHER|maj:macOS_10,leaf:Linux_OTHER,leaf:Linux_OTHER,leaf:Linux_OTHER|leaf:macOS_10_9.0
2128,fam:Linux,fam:Linux,fam:Linux|fam:macOS,maj:Linux_OTHER,maj:Linux_OTHER,maj:Linux_OTHER|maj:macOS_10,leaf:Linux_OTHER,leaf:Linux_OTHER,leaf:Linux_OTHER|leaf:macOS_10_9.0
2134,fam:Linux,fam:Linux,fam:Linux,maj:Linux_OTHER,maj:Linux_OTHER,maj:Linux_OTHER,leaf:Linux_OTHER,leaf:Linux_OTHER,leaf:Linux_OTHER
2137,fam:Linux,fam:Windows,fam:Linux|fam:Windows|fam:macOS,maj:Linux_OTHER,maj:Windows_7,maj:Linux_OTHER|maj:Windows_7|maj:macOS_10,leaf:Linux_OTHER,leaf:Windows_7,leaf:Linux_OTHER|leaf:Windows_7|leaf:macOS_10_9.0
2138,fam:Linux,fam:Linux,fam:Linux,maj:Linux_OTHER,maj:Linux_OTHER,maj:Linux_OTHER,leaf:Linux_OTHER,leaf:Linux_OTHER,leaf:Linux_OTHER
2139,fam:Linux,fam:Linux,fam:Linux,maj:Linux_OTHER,maj:Linux_OTHER,maj:Linux_OTHER,leaf:Linux_OTHER,leaf:Linux_OTHER,leaf:Linux_OTHER
2143,fam:Linux,fam:Linux,fam:Linux,maj:Linux_OTHER,maj:Linux_OTHER,maj:Linux_OTHER,leaf:Linux_OTHER,leaf:Linux_OTHER,leaf:Linux_OTHER
2144,fam:Linux,fam:Linux,fam:Linux,maj:Linux_OTHER,maj:Linux_OTHER,maj:Linux_OTHER,leaf:Linux_OTHER,leaf:Linux_OTHER,leaf:Linux_OTHER
2145,fam:Linux,fam:Android,fam:Android|fam:Linux,maj:Linux_OTHER,maj:Android_8,maj:Android_10|maj:Android_7|maj:Android_8|maj:Android_9|maj:Linux_OTHER,leaf:Linux_OTHER,leaf:Android_8_0.0,leaf:Android_10|leaf:Android_7_0.0|leaf:Android_8_0.0|leaf:Android_8_1.0|leaf:Android_9|leaf:Linux_OTHER
2147,fam:Linux,fam:Linux,fam:Linux,maj:Linux_OTHER,maj:Linux_OTHER,maj:Linux_OTHER,leaf:Linux_OTHER,leaf:Linux_OTHER,leaf:Linux_OTHER
2149,fam:Linux,fam:Linux,fam:Linux,maj:Linux_OTHER,maj:Linux_OTHER,maj:Linux_OTHER|maj:Linux_Ubuntu,leaf:Linux_OTHER,leaf:Linux_OTHER,leaf:Linux_OTHER|leaf:Linux_Ubuntu
2150,fam:Linux,fam:Linux,fam:Linux,maj:Linux_OTHER,maj:Linux_OTHER,maj:Linux_OTHER,leaf:Linux_OTHER,leaf:Linux_OTHER,leaf:Linux_OTHER
2151,fam:Linux,fam:Linux,fam:Linux,maj:Linux_OTHER,maj:Linux_OTHER,maj:Linux_OTHER,leaf:Linux_OTHER,leaf:Linux_OTHER,leaf:Linux_OTHER
2152,fam:Linux,fam:Linux,fam:Linux,maj:Linux_OTHER,maj:Linux_OTHER,maj:Linux_OTHER,leaf:Linux_OTHER,leaf:Linux_OTHER,leaf:Linux_OTHER
2153,fam:Linux,fam:Linux,fam:Linux,maj:Linux_OTHER,maj:Linux_OTHER,maj:Linux_OTHER,leaf:Linux_OTHER,leaf:Linux_OTHER,leaf:Linux_OTHER
2155,fam:Linux,fam:Linux,fam:Linux,maj:Linux_OTHER,maj:Linux_OTHER,maj:Linux_OTHER,leaf:Linux_OTHER,leaf:Linux_OTHER,leaf:Linux_OTHER
2156,fam:Linux,fam:Linux,fam:Android|fam:Linux,maj:Linux_OTHER,maj:Linux_OTHER,maj:Android_5|maj:Android_6|maj:Android_8|maj:Linux_OTHER|maj:Linux_Ubuntu,leaf:Linux_OTHER,leaf:Linux_OTHER,leaf:Android_5_0.0|leaf:Android_6_0.0|leaf:Android_8_1.0|leaf:Linux_OTHER|leaf:Linux_Ubuntu
2158,fam:Linux,fam:Linux,fam:Linux,maj:Linux_OTHER,maj:Linux_OTHER,maj:Linux_OTHER,leaf:Linux_OTHER,leaf:Linux_OTHER,leaf:Linux_OTHER
2159,fam:Linux,fam:Linux,fam:Linux,maj:Linux_OTHER,maj:Linux_OTHER,maj:Linux_OTHER,leaf:Linux_OTHER,leaf:Linux_OTHER,leaf:Linux_OTHER
2161,fam:Linux,fam:Linux,fam:Linux|fam:macOS,maj:Linux_OTHER,maj:Linux_OTHER,maj:Linux_OTHER|maj:macOS_10,leaf:Linux_OTHER,leaf:Linux_OTHER,leaf:Linux_OTHER|leaf:macOS_10_9.0
2162,fam:Linux,fam:Linux,fam:Linux,maj:Linux_OTHER,maj:Linux_OTHER,maj:Linux_OTHER,leaf:Linux_OTHER,leaf:Linux_OTHER,leaf:Linux_OTHER
2163,fam:Linux,fam:Linux,fam:Linux|fam:macOS,maj:Linux_OTHER,maj:Linux_OTHER,maj:Linux_OTHER|maj:macOS_10,leaf:Linux_OTHER,leaf:Linux_OTHER,leaf:Linux_OTHER|leaf:macOS_10_9.0
2164,fam:Linux,fam:Linux,fam:Linux,maj:Linux_OTHER,maj:Linux_OTHER,maj:Linux_OTHER,leaf:Linux_OTHER,leaf:Linux_OTHER,leaf:Linux_OTHER
2165,fam:Linux,fam:Linux,fam:Linux,maj:Linux_OTHER,maj:Linux_OTHER,maj:Linux_OTHER,leaf:Linux_OTHER,leaf:Linux_OTHER,leaf:Linux_OTHER
2170,fam:Linux,fam:Linux,fam:Linux,maj:Linux_OTHER,maj:Linux_OTHER,maj:Linux_OTHER,leaf:Linux_OTHER,leaf:Linux_OTHER,leaf:Linux_OTHER
2172,fam:Linux,fam:Android,fam:Android|fam:Linux|fam:Windows,maj:Linux_OTHER,maj:Android_8,maj:Android_10|maj:Android_7|maj:Android_8|maj:Android_9|maj:Linux_OTHER|maj:Windows_10,leaf:Linux_OTHER,leaf:Android_8_0.0,leaf:Android_10|leaf:Android_7_0.0|leaf:Android_8_0.0|leaf:Android_8_1.0|leaf:Android_9|leaf:Linux_OTHER|leaf:Windows_10
2174,fam:Linux,fam:Linux,fam:Android|fam:Linux|fam:Windows|fam:macOS,maj:Linux_OTHER,maj:Linux_OTHER,maj:Android_8|maj:Linux_OTHER|maj:Linux_Ubuntu|maj:Windows_10|maj:macOS_10,leaf:Linux_OTHER,leaf:Linux_OTHER,leaf:Android_8_1.0|leaf:Linux_OTHER|leaf:Linux_Ubuntu|leaf:Windows_10|leaf:macOS_10_11.0|leaf:macOS_10_14.0|leaf:macOS_10_15.0
2175,fam:Linux,fam:Linux,fam:Linux,maj:Linux_OTHER,maj:Linux_OTHER,maj:Linux_OTHER,leaf:Linux_OTHER,leaf:Linux_OTHER,leaf:Linux_OTHER
2176,fam:Linux,fam:Linux,fam:Android|fam:Linux|fam:Windows|fam:macOS,maj:Linux_OTHER,maj:Linux_OTHER,maj:Android_4|maj:Android_7|maj:Android_8|maj:Android_9|maj:Linux_OTHER|maj:Windows_10|maj:macOS_10,leaf:Linux_OTHER,leaf:Windows_10,leaf:Android_4_0.0|leaf:Android_7_0.0|leaf:Android_8_0.0|leaf:Android_8_1.0|leaf:Android_9|leaf:Linux_OTHER|leaf:Windows_10|leaf:macOS_10_11.0|leaf:macOS_10_14.0|leaf:macOS_10_15.0
2177,fam:Linux,fam:Linux,fam:Linux,maj:Linux_OTHER,maj:Linux_Ubuntu,maj:Linux_OTHER|maj:Linux_Ubuntu,leaf:Linux_OTHER,leaf:Linux_Ubuntu,leaf:Linux_OTHER|leaf:Linux_Ubuntu
2179,fam:Linux,fam:Android,fam:Android|fam:Linux,maj:Linux_OTHER,maj:Android_9,maj:Android_10|maj:Android_7|maj:Android_8|maj:Android_9|maj:Linux_OTHER,leaf:Linux_OTHER,leaf:Android_8_0.0,leaf:Android_10|leaf:Android_7_0.0|leaf:Android_8_0.0|leaf:Android_8_1.0|leaf:Android_9|leaf:Linux_OTHER
2185,fam:Linux,fam:Android,fam:Android|fam:Linux,maj:Linux_OTHER,maj:Android_8,maj:Android_10|maj:Android_7|maj:Android_8|maj:Android_9|maj:Linux_OTHER,leaf:Linux_OTHER,leaf:Android_8_0.0,leaf:Android_10|leaf:Android_7_0.0|leaf:Android_8_0.0|leaf:Android_8_1.0|leaf:Android_9|leaf:Linux_OTHER
2186,fam:Linux,fam:Windows,fam:Linux|fam:Windows|fam:macOS,maj:Linux_OTHER,maj:Linux_OTHER,maj:Linux_OTHER|maj:Windows_10|maj:Windows_7|maj:macOS_10,leaf:Linux_OTHER,leaf:Windows_10,leaf:Linux_OTHER|leaf:Windows_10|leaf:Windows_7|leaf:macOS_10_10.0|leaf:macOS_10_11.0|leaf:macOS_10_12.0|leaf:macOS_10_13.0|leaf:macOS_10_15.0
2189,fam:Linux,fam:Linux,fam:Linux,maj:Linux_OTHER,maj:Linux_OTHER,maj:Linux_OTHER|maj:Linux_Ubuntu,leaf:Linux_OTHER,leaf:Linux_Ubuntu,leaf:Linux_OTHER|leaf:Linux_Ubuntu
2191,fam:Linux,fam:Linux,fam:Linux,maj:Linux_OTHER,maj:Linux_OTHER,maj:Linux_OTHER,leaf:Linux_OTHER,leaf:Linux_OTHER,leaf:Linux_OTHER
2194,fam:Linux,fam:Linux,fam:Linux,maj:Linux_OTHER,maj:Linux_OTHER,maj:Linux_OTHER,leaf:Linux_OTHER,leaf:Linux_OTHER,leaf:Linux_OTHER
2195,fam:Linux,fam:Windows,fam:Android|fam:Linux|fam:Windows|fam:macOS,maj:Linux_OTHER,maj:Windows_7,maj:Android_10|maj:Android_4|maj:Android_7|maj:Android_8|maj:Android_9|maj:Linux_OTHER|maj:Linux_Ubuntu|maj:Windows_10|maj:Windows_7|maj:macOS_10,leaf:Linux_OTHER,leaf:Linux_OTHER,leaf:Android_10|leaf:Android_4_0.0|leaf:Android_7_0.0|leaf:Android_7_1.0|leaf:Android_8_0.0|leaf:Android_8_1.0|leaf:Android_9|leaf:Linux_OTHER|leaf:Linux_Ubuntu|leaf:Windows_10|leaf:Windows_7|leaf:macOS_10_14.0
2196,fam:Linux,fam:Linux,fam:Linux,maj:Linux_OTHER,maj:Linux_OTHER,maj:Linux_OTHER,leaf:Linux_OTHER,leaf:Linux_OTHER,leaf:Linux_OTHER
2198,fam:Linux,fam:Linux,fam:Linux,maj:Linux_OTHER,maj:Linux_OTHER,maj:Linux_OTHER,leaf:Linux_OTHER,leaf:Linux_OTHER,leaf:Linux_OTHER
2200,fam:Linux,fam:Linux,fam:Linux,maj:Linux_OTHER,maj:Linux_OTHER,maj:Linux_OTHER,leaf:Linux_OTHER,leaf:Linux_OTHER,leaf:Linux_OTHER
2201,fam:Linux,fam:Android,fam:Android|fam:Linux,maj:Linux_OTHER,maj:Android_9,maj:Android_10|maj:Android_7|maj:Android_8|maj:Android_9|maj:Linux_OTHER,leaf:Linux_OTHER,leaf:Android_8_0.0,leaf:Android_10|leaf:Android_7_0.0|leaf:Android_7_1.0|leaf:Android_8_0.0|leaf:Android_8_1.0|leaf:Android_9|leaf:Linux_OTHER
2202,fam:Linux,fam:Linux,fam:Linux,maj:Linux_OTHER,maj:Linux_OTHER,maj:Linux_OTHER,leaf:Linux_OTHER,leaf:Linux_OTHER,leaf:Linux_OTHER
2205,fam:Linux,fam:Linux,fam:Linux|fam:Windows|fam:macOS,maj:Linux_OTHER,maj:Linux_OTHER,maj:Linux_OTHER|maj:Windows_10|maj:Windows_7|maj:Windows_8|maj:macOS_10,leaf:Linux_OTHER,leaf:Windows_10,leaf:Linux_OTHER|leaf:Windows_10|leaf:Windows_7|leaf:Windows_8_1.0|leaf:macOS_10_10.0|leaf:macOS_10_11.0|leaf:macOS_10_13.0|leaf:macOS_10_8.0|leaf:macOS_10_9.0
2207,fam:Linux,fam:Android,fam:Android|fam:Linux,maj:Linux_OTHER,maj:Android_9,maj:Android_10|maj:Android_7|maj:Android_8|maj:Android_9|maj:Linux_OTHER,leaf:Linux_OTHER,leaf:Android_8_0.0,leaf:Android_10|leaf:Android_7_0.0|leaf:Android_8_0.0|leaf:Android_8_1.0|leaf:Android_9|leaf:Linux_OTHER
2210,fam:Linux,fam:Android,fam:Android|fam:Linux|fam:Windows,maj:Linux_OTHER,maj:Android_6,maj:Android_4|maj:Android_6|maj:Linux_OTHER|maj:Windows_XP,leaf:Linux_OTHER,leaf:Windows_XP,leaf:Android_4_2.0|leaf:Android_6_0.0|leaf:Linux_OTHER|leaf:Windows_XP
2211,fam:Linux,fam:Linux,fam:Linux,maj:Linux_OTHER,maj:Linux_OTHER,maj:Linux_OTHER,leaf:Linux_OTHER,leaf:Linux_OTHER,leaf:Linux_OTHER
2215,fam:Linux,fam:Linux,fam:Linux,maj:Linux_OTHER,maj:Linux_OTHER,maj:Linux_OTHER,leaf:Linux_OTHER,leaf:Linux_OTHER,leaf:Linux_OTHER
2217,fam:Linux,fam:Linux,fam:Linux,maj:Linux_OTHER,maj:Linux_OTHER,maj:Linux_OTHER,leaf:Linux_OTHER,leaf:Linux_OTHER,leaf:Linux_OTHER
2218,fam:Linux,fam:Linux,fam:Linux,maj:Linux_OTHER,maj:Linux_OTHER,maj:Linux_OTHER,leaf:Linux_OTHER,leaf:Linux_OTHER,leaf:Linux_OTHER
2219,fam:Linux,fam:Android,fam:Android|fam:Linux|fam:Windows,maj:Linux_OTHER,maj:Android_6,maj:Android_4|maj:Android_6|maj:Linux_OTHER|maj:Windows_XP,leaf:Linux_OTHER,leaf:Android_6_0.0,leaf:Android_4_0.0|leaf:Android_4_2.0|leaf:Android_6_0.0|leaf:Linux_OTHER|leaf:Windows_XP
2220,fam:Linux,fam:Linux,fam:Linux,maj:Linux_OTHER,maj:Linux_OTHER,maj:Linux_OTHER,leaf:Linux_OTHER,leaf:Linux_OTHER,leaf:Linux_OTHER
2221,fam:Linux,fam:Windows,fam:Linux|fam:Windows,maj:Linux_OTHER,maj:Windows_7,maj:Linux_OTHER|maj:Linux_Ubuntu|maj:Windows_10|maj:Windows_7|maj:Windows_8,leaf:Linux_OTHER,leaf:Linux_OTHER,leaf:Linux_OTHER|leaf:Linux_Ubuntu|leaf:Windows_10|leaf:Windows_7|leaf:Windows_8_1.0
2223,fam:Linux,fam:Windows,fam:Linux|fam:Windows,maj:Linux_OTHER,maj:Windows_7,maj:Linux_OTHER|maj:Linux_Ubuntu|maj:Windows_10|maj:Windows_7|maj:Windows_8,leaf:Linux_OTHER,leaf:Linux_OTHER,leaf:Linux_OTHER|leaf:Linux_Ubuntu|leaf:Windows_10|leaf:Windows_7|leaf:Windows_8_1.0
2225,fam:Linux,fam:Linux,fam:Linux,maj:Linux_OTHER,maj:Linux_OTHER,maj:Linux_OTHER,leaf:Linux_OTHER,leaf:Linux_OTHER,leaf:Linux_OTHER
2226,fam:Linux,fam:Windows,fam:Linux|fam:Windows,maj:Linux_OTHER,maj:Windows_7,maj:Linux_OTHER|maj:Linux_Ubuntu|maj:Windows_10|maj:Windows_7|maj:Windows_8,leaf:Linux_OTHER,leaf:Linux_OTHER,leaf:Linux_OTHER|leaf:Linux_Ubuntu|leaf:Windows_10|leaf:Windows_7|leaf:Windows_8_1.0
2229,fam:Linux,fam:Windows,fam:Android|fam:Linux|fam:Windows|fam:macOS,maj:Linux_OTHER,maj:Windows_10,maj:Android_10|maj:Android_8|maj:Android_9|maj:Linux_OTHER|maj:Windows_10|maj:macOS_10,leaf:Linux_OTHER,leaf:Android_10,leaf:Android_10|leaf:Android_8_0.0|leaf:Android_9|leaf:Linux_OTHER|leaf:Windows_10|leaf:macOS_10_11.0|leaf:macOS_10_12.0
2234,fam:Linux,fam:Linux,fam:Linux|fam:macOS,maj:Linux_OTHER,maj:Linux_OTHER,maj:Linux_OTHER|maj:macOS_10,leaf:Linux_OTHER,leaf:Linux_OTHER,leaf:Linux_OTHER|leaf:macOS_10_13.0
2237,fam:Linux,fam:Linux,fam:Linux,maj:Linux_OTHER,maj:Linux_OTHER,maj:Linux_OTHER,leaf:Linux_OTHER,leaf:Linux_OTHER,leaf:Linux_OTHER
2240,fam:Linux,fam:Linux,fam:Linux,maj:Linux_OTHER,maj:Linux_OTHER,maj:Linux_OTHER,leaf:Linux_OTHER,leaf:Linux_OTHER,leaf:Linux_OTHER
2245,fam:Linux,fam:Android,fam:Android|fam:Linux|fam:Windows,maj:Linux_OTHER,maj:Android_8,maj:Android_10|maj:Android_7|maj:Android_8|maj:Android_9|maj:Linux_OTHER|maj:Windows_10,leaf:Linux_OTHER,leaf:Android_8_0.0,leaf:Android_10|leaf:Android_7_0.0|leaf:Android_8_0.0|leaf:Android_8_1.0|leaf:Android_9|leaf:Linux_OTHER|leaf:Windows_10
2246,fam:Linux,fam:Android,fam:Android|fam:Linux|fam:Windows,maj:Linux_OTHER,maj:Android_6,maj:Android_6|maj:Linux_OTHER|maj:Windows_XP,leaf:Linux_OTHER,leaf:Android_6_0.0,leaf:Android_6_0.0|leaf:Linux_OTHER|leaf:Windows_XP
2248,fam:Linux,fam:Linux,fam:Linux,maj:Linux_OTHER,maj:Linux_OTHER,maj:Linux_OTHER,leaf:Linux_OTHER,leaf:Linux_OTHER,leaf:Linux_OTHER
2249,fam:Linux,fam:Linux,fam:Linux,maj:Linux_OTHER,maj:Linux_OTHER,maj:Linux_OTHER,leaf:Linux_OTHER,leaf:Linux_OTHER,leaf:Linux_OTHER
2250,fam:Linux,fam:Linux,fam:Linux,maj:Linux_OTHER,maj:Linux_OTHER,maj:Linux_OTHER,leaf:Linux_OTHER,leaf:Linux_OTHER,leaf:Linux_OTHER
2251,fam:Linux,fam:Linux,fam:Android|fam:Linux|fam:Windows|fam:iOS|fam:macOS,maj:Linux_OTHER,maj:Linux_OTHER,maj:Android_10|maj:Android_7|maj:Android_9|maj:Linux_OTHER|maj:Linux_Ubuntu|maj:Windows_7|maj:iOS_13|maj:macOS_10,leaf:Linux_OTHER,leaf:Android_9,leaf:Android_10|leaf:Android_7_0.0|leaf:Android_9|leaf:Linux_OTHER|leaf:Linux_Ubuntu|leaf:Windows_7|leaf:iOS_13_5.0|leaf:macOS_10_13.0
2255,fam:Linux,fam:Linux,fam:Linux|fam:Windows,maj:Linux_OTHER,maj:Linux_OTHER,maj:Linux_OTHER|maj:Linux_Ubuntu|maj:Windows_10|maj:Windows_7,leaf:Linux_OTHER,leaf:Linux_OTHER,leaf:Linux_OTHER|leaf:Linux_Ubuntu|leaf:Windows_10|leaf:Windows_7
2257,fam:Linux,fam:Linux,fam:Linux,maj:Linux_OTHER,maj:Linux_OTHER,maj:Linux_OTHER,leaf:Linux_OTHER,leaf:Linux_OTHER,leaf:Linux_OTHER
2258,fam:Linux,fam:Linux,fam:Linux,maj:Linux_OTHER,maj:Linux_OTHER,maj:Linux_OTHER,leaf:Linux_OTHER,leaf:Linux_OTHER,leaf:Linux_OTHER
2259,fam:Linux,fam:Linux,fam:Linux,maj:Linux_OTHER,maj:Linux_OTHER,maj:Linux_OTHER,leaf:Linux_OTHER,leaf:Linux_OTHER,leaf:Linux_OTHER
2260,fam:Linux,fam:Linux,fam:Linux|fam:Windows,maj:Linux_OTHER,maj:Linux_OTHER,maj:Linux_OTHER|maj:Linux_Ubuntu|maj:Windows_10|maj:Windows_7,leaf:Linux_OTHER,leaf:Linux_OTHER,leaf:Linux_OTHER|leaf:Linux_Ubuntu|leaf:Windows_10|leaf:Windows_7
2261,fam:Linux,fam:Linux,fam:Linux,maj:Linux_OTHER,maj:Linux_Ubuntu,maj:Linux_OTHER|maj:Linux_Ubuntu,leaf:Linux_OTHER,leaf:Linux_Ubuntu,leaf:Linux_OTHER|leaf:Linux_Ubuntu
2262,fam:Linux,fam:Linux,fam:Linux,maj:Linux_OTHER,maj:Linux_OTHER,maj:Linux_OTHER,leaf:Linux_OTHER,leaf:Linux_OTHER,leaf:Linux_OTHER
2267,fam:Linux,fam:Linux,fam:Linux|fam:Windows,maj:Linux_OTHER,maj:Linux_OTHER,maj:Linux_OTHER|maj:Linux_Ubuntu|maj:Windows_10|maj:Windows_7,leaf:Linux_OTHER,leaf:Linux_OTHER,leaf:Linux_OTHER|leaf:Linux_Ubuntu|leaf:Windows_10|leaf:Windows_7
2269,fam:Linux,fam:Android,fam:Android|fam:Linux,maj:Linux_OTHER,maj:Android_8,maj:Android_10|maj:Android_7|maj:Android_8|maj:Android_9|maj:Linux_OTHER,leaf:Linux_OTHER,leaf:Android_8_0.0,leaf:Android_10|leaf:Android_7_0.0|leaf:Android_8_0.0|leaf:Android_8_1.0|leaf:Android_9|leaf:Linux_OTHER
2270,fam:Linux,fam:Android,fam:Android|fam:Linux,maj:Linux_OTHER,maj:Android_9,maj:Android_10|maj:Android_7|maj:Android_8|maj:Android_9|maj:Linux_OTHER,leaf:Linux_OTHER,leaf:Android_8_0.0,leaf:Android_10|leaf:Android_7_0.0|leaf:Android_8_0.0|leaf:Android_8_1.0|leaf:Android_9|leaf:Linux_OTHER
2276,fam:Linux,fam:Linux,fam:Linux,maj:Linux_OTHER,maj:Linux_OTHER,maj:Linux_OTHER,leaf:Linux_OTHER,leaf:Linux_OTHER,leaf:Linux_OTHER
2279,fam:Linux,fam:Linux,fam:Linux,maj:Linux_OTHER,maj:Linux_OTHER,maj:Linux_OTHER,leaf:Linux_OTHER,leaf:Linux_OTHER,leaf:Linux_OTHER
2280,fam:Linux,fam:Linux,fam:Linux,maj:Linux_OTHER,maj:Linux_OTHER,maj:Linux_OTHER,leaf:Linux_OTHER,leaf:Linux_OTHER,leaf:Linux_OTHER
2283,fam:Linux,fam:Linux,fam:Linux,maj:Linux_OTHER,maj:Linux_OTHER,maj:Linux_OTHER,leaf:Linux_OTHER,leaf:Linux_OTHER,leaf:Linux_OTHER
2286,fam:Linux,fam:Linux,fam:Linux,maj:Linux_OTHER,maj:Linux_Ubuntu,maj:Linux_OTHER|maj:Linux_Ubuntu,leaf:Linux_OTHER,leaf:Linux_Ubuntu,leaf:Linux_OTHER|leaf:Linux_Ubuntu
2289,fam:Linux,fam:Linux,fam:Linux,maj:Linux_OTHER,maj:Linux_OTHER,maj:Linux_OTHER,leaf:Linux_OTHER,leaf:Linux_OTHER,leaf:Linux_OTHER
2294,fam:Linux,fam:Linux,fam:Linux,maj:Linux_OTHER,maj:Linux_OTHER,maj:Linux_OTHER,leaf:Linux_OTHER,leaf:Linux_OTHER,leaf:Linux_OTHER
2297,fam:Linux,fam:Linux,fam:Linux,maj:Linux_OTHER,maj:Linux_OTHER,maj:Linux_OTHER,leaf:Linux_OTHER,leaf:Linux_OTHER,leaf:Linux_OTHER
2301,fam:Linux,fam:Android,fam:Android|fam:Linux,maj:Linux_OTHER,maj:Android_8,maj:Android_10|maj:Android_7|maj:Android_8|maj:Android_9|maj:Linux_OTHER,leaf:Linux_OTHER,leaf:Android_8_0.0,leaf:Android_10|leaf:Android_7_0.0|leaf:Android_8_0.0|leaf:Android_8_1.0|leaf:Android_9|leaf:Linux_OTHER
2302,fam:Linux,fam:Linux,fam:Linux,maj:Linux_OTHER,maj:Linux_OTHER,maj:Linux_OTHER,leaf:Linux_OTHER,leaf:Linux_OTHER,leaf:Linux_OTHER
2303,fam:Linux,fam:Linux,fam:Linux,maj:Linux_OTHER,maj:Linux_OTHER,maj:Linux_OTHER,leaf:Linux_OTHER,leaf:Linux_OTHER,leaf:Linux_OTHER
2304,fam:Linux,fam:Linux,fam:Linux|fam:macOS,maj:Linux_OTHER,maj:Linux_OTHER,maj:Linux_OTHER|maj:macOS_10,leaf:Linux_OTHER,leaf:Linux_OTHER,leaf:Linux_OTHER|leaf:macOS_10_9.0
2305,fam:Linux,fam:Linux,fam:Linux,maj:Linux_OTHER,maj:Linux_Ubuntu,maj:Linux_OTHER|maj:Linux_Ubuntu,leaf:Linux_OTHER,leaf:Linux_Ubuntu,leaf:Linux_OTHER|leaf:Linux_Ubuntu
2306,fam:Linux,fam:Linux,fam:Linux,maj:Linux_OTHER,maj:Linux_OTHER,maj:Linux_OTHER,leaf:Linux_OTHER,leaf:Linux_OTHER,leaf:Linux_OTHER
2307,fam:Linux,fam:Linux,fam:Linux,maj:Linux_OTHER,maj:Linux_OTHER,maj:Linux_OTHER,leaf:Linux_OTHER,leaf:Linux_OTHER,leaf:Linux_OTHER
2311,fam:Linux,fam:Linux,fam:Linux,maj:Linux_OTHER,maj:Linux_OTHER,maj:Linux_OTHER,leaf:Linux_OTHER,leaf:Linux_OTHER,leaf:Linux_OTHER
2313,fam:Linux,fam:Android,fam:Android|fam:Linux|fam:Windows,maj:Linux_OTHER,maj:Android_8,maj:Android_10|maj:Android_7|maj:Android_8|maj:Android_9|maj:Linux_OTHER|maj:Windows_10,leaf:Linux_OTHER,leaf:Android_8_0.0,leaf:Android_10|leaf:Android_7_0.0|leaf:Android_7_1.0|leaf:Android_8_0.0|leaf:Android_8_1.0|leaf:Android_9|leaf:Linux_OTHER|leaf:Windows_10
2316,fam:Linux,fam:Linux,fam:Linux,maj:Linux_OTHER,maj:Linux_OTHER,maj:Linux_OTHER,leaf:Linux_OTHER,leaf:Linux_OTHER,leaf:Linux_OTHER
2317,fam:Linux,fam:Linux,fam:Linux,maj:Linux_OTHER,maj:Linux_OTHER,maj:Linux_OTHER,leaf:Linux_OTHER,leaf:Linux_OTHER,leaf:Linux_OTHER
2319,fam:Linux,fam:Linux,fam:Linux,maj:Linux_OTHER,maj:Linux_OTHER,maj:Linux_OTHER,leaf:Linux_OTHER,leaf:Linux_OTHER,leaf:Linux_OTHER
2322,fam:Linux,fam:Linux,fam:Linux,maj:Linux_OTHER,maj:Linux_OTHER,maj:Linux_OTHER,leaf:Linux_OTHER,leaf:Linux_OTHER,leaf:Linux_OTHER
2323,fam:Linux,fam:Android,fam:Android|fam:Linux|fam:Windows,maj:Linux_OTHER,maj:Android_6,maj:Android_4|maj:Android_6|maj:Linux_OTHER|maj:Windows_XP,leaf:Linux_OTHER,leaf:Android_6_0.0,leaf:Android_4_2.0|leaf:Android_6_0.0|leaf:Linux_OTHER|leaf:Windows_XP
2328,fam:Linux,fam:Linux,fam:Linux,maj:Linux_OTHER,maj:Linux_OTHER,maj:Linux_OTHER,leaf:Linux_OTHER,leaf:Linux_OTHER,leaf:Linux_OTHER
2329,fam:Linux,fam:Linux,fam:Linux,maj:Linux_OTHER,maj:Linux_OTHER,maj:Linux_OTHER,leaf:Linux_OTHER,leaf:Linux_OTHER,leaf:Linux_OTHER
2332,fam:Linux,fam:Linux,fam:Linux,maj:Linux_OTHER,maj:Linux_OTHER,maj:Linux_OTHER,leaf:Linux_OTHER,leaf:Linux_OTHER,leaf:Linux_OTHER
2334,fam:Linux,fam:Linux,fam:Linux,maj:Linux_OTHER,maj:Linux_OTHER,maj:Linux_OTHER,leaf:Linux_OTHER,leaf:Linux_OTHER,leaf:Linux_OTHER
2336,fam:Linux,fam:Android,fam:Android|fam:Linux,maj:Linux_OTHER,maj:Android_8,maj:Android_10|maj:Android_7|maj:Android_8|maj:Android_9|maj:Linux_OTHER,leaf:Linux_OTHER,leaf:Android_8_0.0,leaf:Android_10|leaf:Android_7_0.0|leaf:Android_8_0.0|leaf:Android_8_1.0|leaf:Android_9|leaf:Linux_OTHER
2337,fam:Linux,fam:Linux,fam:Linux,maj:Linux_OTHER,maj:Linux_OTHER,maj:Linux_OTHER,leaf:Linux_OTHER,leaf:Linux_OTHER,leaf:Linux_OTHER
2339,fam:Linux,fam:Windows,fam:Android|fam:Linux|fam:Windows|fam:macOS,maj:Linux_OTHER,maj:Windows_10,maj:Android_10|maj:Android_4|maj:Android_8|maj:Android_9|maj:Linux_OTHER|maj:Windows_10|maj:Windows_7|maj:Windows_8|maj:macOS_10,leaf:Linux_OTHER,leaf:Android_10,leaf:Android_10|leaf:Android_4_1.0|leaf:Android_8_0.0|leaf:Android_9|leaf:Linux_OTHER|leaf:Windows_10|leaf:Windows_7|leaf:Windows_8_OTHER|leaf:macOS_10_11.0|leaf:macOS_10_12.0
2344,fam:Linux,fam:macOS,fam:Linux|fam:Windows|fam:macOS,maj:Linux_OTHER,maj:Linux_OTHER,maj:Linux_OTHER|maj:Windows_7|maj:macOS_10,leaf:Linux_OTHER,leaf:Windows_7,leaf:Linux_OTHER|leaf:Windows_7|leaf:macOS_10_9.0
2345,fam:Linux,fam:Android,fam:Android|fam:Linux,maj:Linux_OTHER,maj:Linux_OTHER,maj:Android_10|maj:Android_6|maj:Android_8|maj:Android_9|maj:Linux_OTHER,leaf:Linux_OTHER,leaf:Android_10,leaf:Android_10|leaf:Android_6_0.0|leaf:Android_8_0.0|leaf:Android_8_1.0|leaf:Android_9|leaf:Linux_OTHER
2347,fam:Linux,fam:Linux,fam:Linux,maj:Linux_OTHER,maj:Linux_OTHER,maj:Linux_OTHER,leaf:Linux_OTHER,leaf:Linux_OTHER,leaf:Linux_OTHER
2348,fam:Linux,fam:Linux,fam:Linux,maj:Linux_OTHER,maj:Linux_OTHER,maj:Linux_OTHER,leaf:Linux_OTHER,leaf:Linux_OTHER,leaf:Linux_OTHER
2349,fam:Linux,fam:Linux,fam:Linux|fam:Windows,maj:Linux_OTHER,maj:Linux_OTHER,maj:Linux_OTHER|maj:Linux_Ubuntu|maj:Windows_10|maj:Windows_7|maj:Windows_8,leaf:Linux_OTHER,leaf:Linux_OTHER,leaf:Linux_OTHER|leaf:Linux_Ubuntu|leaf:Windows_10|leaf:Windows_7|leaf:Windows_8_1.0
2350,fam:Linux,fam:Windows,fam:Linux|fam:Windows,maj:Linux_OTHER,maj:Windows_7,maj:Linux_OTHER|maj:Windows_10|maj:Windows_7|maj:Windows_8,leaf:Linux_OTHER,leaf:Linux_OTHER,leaf:Linux_OTHER|leaf:Windows_10|leaf:Windows_7|leaf:Windows_8_1.0
2352,fam:Linux,fam:Linux,fam:Linux,maj:Linux_OTHER,maj:Linux_OTHER,maj:Linux_OTHER,leaf:Linux_OTHER,leaf:Linux_OTHER,leaf:Linux_OTHER
2354,fam:Linux,fam:Linux,fam:Linux|fam:Windows|fam:macOS,maj:Linux_Ubuntu,maj:Linux_Ubuntu,maj:Linux_OTHER|maj:Linux_Ubuntu|maj:Windows_10|maj:macOS_10,leaf:Linux_Ubuntu,leaf:Linux_Ubuntu,leaf:Linux_OTHER|leaf:Linux_Ubuntu|leaf:Windows_10|leaf:macOS_10_10.0|leaf:macOS_10_12.0|leaf:macOS_10_13.0|leaf:macOS_10_14.0|leaf:macOS_10_15.0|leaf:macOS_10_7.0
2355,fam:Linux,fam:Linux,fam:Android|fam:Linux|fam:Windows,maj:Linux_Ubuntu,maj:Linux_Ubuntu,maj:Android_8|maj:Linux_OTHER|maj:Linux_Ubuntu|maj:Windows_XP,leaf:Linux_Ubuntu,leaf:Linux_Ubuntu,leaf:Android_8_1.0|leaf:Linux_OTHER|leaf:Linux_Ubuntu|leaf:Windows_XP
2359,fam:Linux,fam:Linux,fam:Linux,maj:Linux_Ubuntu,maj:Linux_Ubuntu,maj:Linux_Ubuntu,leaf:Linux_Ubuntu,leaf:Linux_Ubuntu,leaf:Linux_Ubuntu
2362,fam:Linux,fam:Linux,fam:Linux,maj:Linux_Ubuntu,maj:Linux_Ubuntu,maj:Linux_OTHER|maj:Linux_Ubuntu,leaf:Linux_Ubuntu,leaf:Linux_Ubuntu,leaf:Linux_OTHER|leaf:Linux_Ubuntu
2363,fam:Linux,fam:Linux,fam:Android|fam:Linux|fam:iOS,maj:Linux_Ubuntu,maj:Android_8,maj:Android_6|maj:Android_7|maj:Android_8|maj:Android_9|maj:Linux_OTHER|maj:Linux_Ubuntu|maj:iOS_11,leaf:Linux_Ubuntu,leaf:Linux_Ubuntu,leaf:Android_6_0.0|leaf:Android_7_0.0|leaf:Android_8_1.0|leaf:Android_9|leaf:Linux_OTHER|leaf:Linux_Ubuntu|leaf:iOS_11_0.0
2364,fam:Linux,fam:Linux,fam:Linux,maj:Linux_Ubuntu,maj:Linux_Ubuntu,maj:Linux_OTHER|maj:Linux_Ubuntu,leaf:Linux_Ubuntu,leaf:Linux_Ubuntu,leaf:Linux_OTHER|leaf:Linux_Ubuntu
2365,fam:Linux,fam:macOS,fam:Windows|fam:macOS,maj:Linux_Ubuntu,maj:macOS_10,maj:Windows_7|maj:macOS_10|maj:macOS_OTHER,leaf:Linux_Ubuntu,leaf:macOS_10_13.0,leaf:Windows_7|leaf:macOS_10_11.0|leaf:macOS_10_12.0|leaf:macOS_10_13.0|leaf:macOS_OTHER
2366,fam:Linux,fam:Linux,fam:Linux,maj:Linux_Ubuntu,maj:Linux_OTHER,maj:Linux_OTHER,leaf:Linux_Ubuntu,leaf:Linux_OTHER,leaf:Linux_OTHER
2370,fam:Linux,fam:Linux,fam:Linux,maj:Linux_Ubuntu,maj:Linux_Ubuntu,maj:Linux_OTHER|maj:Linux_Ubuntu,leaf:Linux_Ubuntu,leaf:Linux_Ubuntu,leaf:Linux_OTHER|leaf:Linux_Ubuntu
2373,fam:Linux,fam:Linux,fam:Linux|fam:Windows|fam:macOS,maj:Linux_Ubuntu,maj:Linux_Ubuntu,maj:Linux_OTHER|maj:Linux_Ubuntu|maj:Windows_10|maj:macOS_10,leaf:Linux_Ubuntu,leaf:Linux_Ubuntu,leaf:Linux_OTHER|leaf:Linux_Ubuntu|leaf:Windows_10|leaf:macOS_10_10.0|leaf:macOS_10_12.0|leaf:macOS_10_13.0|leaf:macOS_10_14.0|leaf:macOS_10_15.0|leaf:macOS_10_7.0
2375,fam:Linux,fam:Linux,fam:Linux,maj:Linux_Ubuntu,maj:Linux_Ubuntu,maj:Linux_Ubuntu,leaf:Linux_Ubuntu,leaf:Linux_Ubuntu,leaf:Linux_Ubuntu
2376,fam:Linux,fam:Linux,fam:Linux,maj:Linux_Ubuntu,maj:Linux_Ubuntu,maj:Linux_OTHER|maj:Linux_Ubuntu,leaf:Linux_Ubuntu,leaf:Linux_Ubuntu,leaf:Linux_OTHER|leaf:Linux_Ubuntu
2378,fam:Linux,fam:Linux,fam:Linux,maj:Linux_Ubuntu,maj:Linux_Ubuntu,maj:Linux_OTHER|maj:Linux_Ubuntu,leaf:Linux_Ubuntu,leaf:Linux_Ubuntu,leaf:Linux_OTHER|leaf:Linux_Ubuntu
2379,fam:Linux,fam:Linux,fam:Linux,maj:Linux_Ubuntu,maj:Linux_Ubuntu,maj:Linux_OTHER|maj:Linux_Ubuntu,leaf:Linux_Ubuntu,leaf:Linux_Ubuntu,leaf:Linux_OTHER|leaf:Linux_Ubuntu
2381,fam:Linux,fam:Linux,fam:Linux|fam:macOS,maj:Linux_Ubuntu,maj:Linux_Ubuntu,maj:Linux_OTHER|maj:Linux_Ubuntu|maj:macOS_10,leaf:Linux_Ubuntu,leaf:Linux_Ubuntu,leaf:Linux_OTHER|leaf:Linux_Ubuntu|leaf:macOS_10_10.0|leaf:macOS_10_13.0
2382,fam:Linux,fam:Linux,fam:Linux,maj:Linux_Ubuntu,maj:Linux_Ubuntu,maj:Linux_OTHER|maj:Linux_Ubuntu,leaf:Linux_Ubuntu,leaf:Linux_Ubuntu,leaf:Linux_OTHER|leaf:Linux_Ubuntu
2383,fam:Linux,fam:Linux,fam:Linux,maj:Linux_Ubuntu,maj:Linux_Ubuntu,maj:Linux_OTHER|maj:Linux_Ubuntu,leaf:Linux_Ubuntu,leaf:Linux_Ubuntu,leaf:Linux_OTHER|leaf:Linux_Ubuntu
2384,fam:Linux,fam:Linux,fam:Linux|fam:Windows,maj:Linux_Ubuntu,maj:Linux_Ubuntu,maj:Linux_Ubuntu|maj:Windows_XP,leaf:Linux_Ubuntu,leaf:Linux_Ubuntu,leaf:Linux_Ubuntu|leaf:Windows_XP
2385,fam:Linux,fam:Linux,fam:Linux,maj:Linux_Ubuntu,maj:Linux_Ubuntu,maj:Linux_Ubuntu,leaf:Linux_Ubuntu,leaf:Linux_Ubuntu,leaf:Linux_Ubuntu
2386,fam:Linux,fam:Linux,fam:Linux|fam:macOS,maj:Linux_Ubuntu,maj:Linux_Ubuntu,maj:Linux_OTHER|maj:Linux_Ubuntu|maj:macOS_10,leaf:Linux_Ubuntu,leaf:Linux_Ubuntu,leaf:Linux_OTHER|leaf:Linux_Ubuntu|leaf:macOS_10_10.0|leaf:macOS_10_13.0
2387,fam:Linux,fam:Linux,fam:Linux,maj:Linux_Ubuntu,maj:Linux_Ubuntu,maj:Linux_OTHER|maj:Linux_Ubuntu,leaf:Linux_Ubuntu,leaf:Linux_Ubuntu,leaf:Linux_OTHER|leaf:Linux_Ubuntu
2388,fam:Linux,fam:Linux,fam:Linux,maj:Linux_Ubuntu,maj:Linux_Ubuntu,maj:Linux_OTHER|maj:Linux_Ubuntu,leaf:Linux_Ubuntu,leaf:Linux_Ubuntu,leaf:Linux_OTHER|leaf:Linux_Ubuntu
2389,fam:Linux,fam:Linux,fam:Android|fam:Linux,maj:Linux_Ubuntu,maj:Linux_Ubuntu,maj:Android_8|maj:Linux_OTHER|maj:Linux_Ubuntu,leaf:Linux_Ubuntu,leaf:Linux_Ubuntu,leaf:Android_8_1.0|leaf:Linux_OTHER|leaf:Linux_Ubuntu
2392,fam:Linux,fam:Linux,fam:Linux,maj:Linux_Ubuntu,maj:Linux_Ubuntu,maj:Linux_OTHER|maj:Linux_Ubuntu,leaf:Linux_Ubuntu,leaf:Linux_Ubuntu,leaf:Linux_OTHER|leaf:Linux_Ubuntu
2394,fam:Linux,fam:Linux,fam:Android|fam:Linux|fam:Windows|fam:iOS,maj:Linux_Ubuntu,maj:Linux_Ubuntu,maj:Android_8|maj:Linux_OTHER|maj:Linux_Ubuntu|maj:Windows_10|maj:Windows_7|maj:iOS_14,leaf:Linux_Ubuntu,leaf:Linux_Ubuntu,leaf:Android_8_1.0|leaf:Linux_OTHER|leaf:Linux_Ubuntu|leaf:Windows_10|leaf:Windows_7|leaf:iOS_14_0.0
2396,fam:Linux,fam:Linux,fam:Linux|fam:macOS,maj:Linux_Ubuntu,maj:Linux_Ubuntu,maj:Linux_OTHER|maj:Linux_Ubuntu|maj:macOS_10,leaf:Linux_Ubuntu,leaf:Linux_Ubuntu,leaf:Linux_OTHER|leaf:Linux_Ubuntu|leaf:macOS_10_10.0|leaf:macOS_10_13.0
2398,fam:Linux,fam:Linux,fam:Linux,maj:Linux_Ubuntu,maj:Linux_Ubuntu,maj:Linux_OTHER|maj:Linux_Ubuntu,leaf:Linux_Ubuntu,leaf:Linux_Ubuntu,leaf:Linux_OTHER|leaf:Linux_Ubuntu
2400,fam:Linux,fam:Linux,fam:Linux,maj:Linux_Ubuntu,maj:Linux_Ubuntu,maj:Linux_Ubuntu,leaf:Linux_Ubuntu,leaf:Linux_Ubuntu,leaf:Linux_Ubuntu
2402,fam:Linux,fam:Linux,fam:Linux|fam:Windows,maj:Linux_Ubuntu,maj:Linux_Ubuntu,maj:Linux_OTHER|maj:Linux_Ubuntu|maj:Windows_XP,leaf:Linux_Ubuntu,leaf:Linux_Ubuntu,leaf:Linux_OTHER|leaf:Linux_Ubuntu|leaf:Windows_XP
2403,fam:Linux,fam:macOS,fam:Windows|fam:macOS,maj:Linux_Ubuntu,maj:macOS_10,maj:Windows_7|maj:macOS_10|maj:macOS_OTHER,leaf:Linux_Ubuntu,leaf:macOS_10_13.0,leaf:Windows_7|leaf:macOS_10_11.0|leaf:macOS_10_12.0|leaf:macOS_10_13.0|leaf:macOS_OTHER
2406,fam:Linux,fam:Linux,fam:Linux|fam:macOS,maj:Linux_Ubuntu,maj:Linux_Ubuntu,maj:Linux_OTHER|maj:Linux_Ubuntu|maj:macOS_10,leaf:Linux_Ubuntu,leaf:Linux_Ubuntu,leaf:Linux_OTHER|leaf:Linux_Ubuntu|leaf:macOS_10_10.0|leaf:macOS_10_13.0
2407,fam:Linux,fam:Linux,fam:Linux,maj:Linux_Ubuntu,maj:Linux_Ubuntu,maj:Linux_OTHER|maj:Linux_Ubuntu,leaf:Linux_Ubuntu,leaf:Linux_Ubuntu,leaf:Linux_OTHER|leaf:Linux_Ubuntu
2408,fam:Linux,fam:Linux,fam:Linux,maj:Linux_Ubuntu,maj:Linux_Ubuntu,maj:Linux_OTHER|maj:Linux_Ubuntu,leaf:Linux_Ubuntu,leaf:Linux_Ubuntu,leaf:Linux_OTHER|leaf:Linux_Ubuntu
2410,fam:Linux,fam:Linux,fam:Linux|fam:Windows|fam:iOS|fam:macOS,maj:Linux_Ubuntu,maj:Linux_Ubuntu,maj:Linux_OTHER|maj:Linux_Ubuntu|maj:Windows_10|maj:iOS_12|maj:macOS_10,leaf:Linux_Ubuntu,leaf:Linux_OTHER,leaf:Linux_OTHER|leaf:Linux_Ubuntu|leaf:Windows_10|leaf:iOS_12_4.0|leaf:macOS_10_13.0|leaf:macOS_10_14.0
2411,fam:Linux,fam:Linux,fam:Linux,maj:Linux_Ubuntu,maj:Linux_Ubuntu,maj:Linux_OTHER|maj:Linux_Ubuntu,leaf:Linux_Ubuntu,leaf:Linux_Ubuntu,leaf:Linux_OTHER|leaf:Linux_Ubuntu
2412,fam:Linux,fam:Linux,fam:Linux,maj:Linux_Ubuntu,maj:Linux_Ubuntu,maj:Linux_OTHER|maj:Linux_Ubuntu,leaf:Linux_Ubuntu,leaf:Linux_Ubuntu,leaf:Linux_OTHER|leaf:Linux_Ubuntu
2418,fam:Linux,fam:Linux,fam:Linux,maj:Linux_Ubuntu,maj:Linux_Ubuntu,maj:Linux_OTHER|maj:Linux_Ubuntu,leaf:Linux_Ubuntu,leaf:Linux_Ubuntu,leaf:Linux_OTHER|leaf:Linux_Ubuntu
2424,fam:Linux,fam:Linux,fam:Linux,maj:Linux_Ubuntu,maj:Linux_Ubuntu,maj:Linux_Ubuntu,leaf:Linux_Ubuntu,leaf:Linux_Ubuntu,leaf:Linux_Ubuntu
2425,fam:Linux,fam:Linux,fam:Linux|fam:Windows,maj:Linux_Ubuntu,maj:Linux_Ubuntu,maj:Linux_OTHER|maj:Linux_Ubuntu|maj:Windows_10|maj:Windows_7,leaf:Linux_Ubuntu,leaf:Linux_Ubuntu,leaf:Linux_OTHER|leaf:Linux_Ubuntu|leaf:Windows_10|leaf:Windows_7
2429,fam:Linux,fam:Linux,fam:Linux,maj:Linux_Ubuntu,maj:Linux_Ubuntu,maj:Linux_Ubuntu,leaf:Linux_Ubuntu,leaf:Linux_Ubuntu,leaf:Linux_Ubuntu
2431,fam:Linux,fam:Linux,fam:Linux,maj:Linux_Ubuntu,maj:Linux_Ubuntu,maj:Linux_OTHER|maj:Linux_Ubuntu,leaf:Linux_Ubuntu,leaf:Linux_OTHER,leaf:Linux_OTHER|leaf:Linux_Ubuntu
2436,fam:Linux,fam:Linux,fam:Linux,maj:Linux_Ubuntu,maj:Linux_Ubuntu,maj:Linux_OTHER|maj:Linux_Ubuntu,leaf:Linux_Ubuntu,leaf:Linux_Ubuntu,leaf:Linux_OTHER|leaf:Linux_Ubuntu
2439,fam:Linux,fam:Linux,fam:Linux,maj:Linux_Ubuntu,maj:Linux_Ubuntu,maj:Linux_OTHER|maj:Linux_Ubuntu,leaf:Linux_Ubuntu,leaf:Linux_Ubuntu,leaf:Linux_OTHER|leaf:Linux_Ubuntu
2440,fam:Linux,fam:Linux,fam:Linux,maj:Linux_Ubuntu,maj:Linux_OTHER,maj:Linux_OTHER,leaf:Linux_Ubuntu,leaf:Linux_OTHER,leaf:Linux_OTHER
2442,fam:Linux,fam:Linux,fam:Linux,maj:Linux_Ubuntu,maj:Linux_Ubuntu,maj:Linux_OTHER|maj:Linux_Ubuntu,leaf:Linux_Ubuntu,leaf:Linux_Ubuntu,leaf:Linux_OTHER|leaf:Linux_Ubuntu
2444,fam:Linux,fam:Linux,fam:Linux,maj:Linux_Ubuntu,maj:Linux_Ubuntu,maj:Linux_OTHER|maj:Linux_Ubuntu,leaf:Linux_Ubuntu,leaf:Linux_Ubuntu,leaf:Linux_OTHER|leaf:Linux_Ubuntu
2446,fam:Linux,fam:Linux,fam:Linux,maj:Linux_Ubuntu,maj:Linux_Ubuntu,maj:Linux_Ubuntu,leaf:Linux_Ubuntu,leaf:Linux_Ubuntu,leaf:Linux_Ubuntu
2447,fam:Linux,fam:Linux,fam:Linux,maj:Linux_Ubuntu,maj:Linux_Ubuntu,maj:Linux_OTHER|maj:Linux_Ubuntu,leaf:Linux_Ubuntu,leaf:Linux_Ubuntu,leaf:Linux_OTHER|leaf:Linux_Ubuntu
2456,fam:Windows,fam:Windows,fam:Windows,maj:Windows_10,maj:Windows_10,maj:Windows_10,leaf:Windows_10,leaf:Windows_10,leaf:Windows_10
2457,fam:Windows,fam:Windows,fam:Windows,maj:Windows_10,maj:Windows_10,maj:Windows_10,leaf:Windows_10,leaf:Windows_10,leaf:Windows_10
2459,fam:Windows,fam:Windows,fam:Windows,maj:Windows_10,maj:Windows_10,maj:Windows_10,leaf:Windows_10,leaf:Windows_10,leaf:Windows_10
2460,fam:Windows,fam:Windows,fam:Windows,maj:Windows_10,maj:Windows_10,maj:Windows_10,leaf:Windows_10,leaf:Windows_10,leaf:Windows_10
2461,fam:Windows,fam:Windows,fam:Windows,maj:Windows_10,maj:Windows_10,maj:Windows_10,leaf:Windows_10,leaf:Windows_10,leaf:Windows_10
2463,fam:Windows,fam:Windows,fam:Windows,maj:Windows_10,maj:Windows_10,maj:Windows_10,leaf:Windows_10,leaf:Windows_10,leaf:Windows_10
2464,fam:Windows,fam:Windows,fam:Windows,maj:Windows_10,maj:Windows_10,maj:Windows_10,leaf:Windows_10,leaf:Windows_10,leaf:Windows_10
2465,fam:Windows,fam:Windows,fam:Windows,maj:Windows_10,maj:Windows_10,maj:Windows_8,leaf:Windows_10,leaf:Windows_8_1.0,leaf:Windows_8_1.0
2466,fam:Windows,fam:Windows,fam:Windows,maj:Windows_10,maj:Windows_10,maj:Windows_10|maj:Windows_7|maj:Windows_8,leaf:Windows_10,leaf:Windows_10,leaf:Windows_10|leaf:Windows_7|leaf:Windows_8_OTHER
2467,fam:Windows,fam:Windows,fam:Windows,maj:Windows_10,maj:Windows_10,maj:Windows_10,leaf:Windows_10,leaf:Windows_10,leaf:Windows_10
2468,fam:Windows,fam:Windows,fam:Windows,maj:Windows_10,maj:Windows_10,maj:Windows_10|maj:Windows_8,leaf:Windows_10,leaf:Windows_10,leaf:Windows_10|leaf:Windows_8_OTHER
2469,fam:Windows,fam:Windows,fam:Windows,maj:Windows_10,maj:Windows_10,maj:Windows_10,leaf:Windows_10,leaf:Windows_10,leaf:Windows_10
2470,fam:Windows,fam:Windows,fam:Windows,maj:Windows_10,maj:Windows_10,maj:Windows_10|maj:Windows_8,leaf:Windows_10,leaf:Windows_10,leaf:Windows_10|leaf:Windows_8_OTHER
2471,fam:Windows,fam:Windows,fam:Windows,maj:Windows_10,maj:Windows_10,maj:Windows_10,leaf:Windows_10,leaf:Windows_10,leaf:Windows_10
2474,fam:Windows,fam:Windows,fam:Windows,maj:Windows_10,maj:Windows_10,maj:Windows_10,leaf:Windows_10,leaf:Windows_10,leaf:Windows_10
2475,fam:Windows,fam:Windows,fam:Linux|fam:Windows|fam:macOS,maj:Windows_10,maj:Windows_10,maj:Linux_OTHER|maj:Linux_Ubuntu|maj:Windows_10|maj:Windows_7|maj:macOS_10,leaf:Windows_10,leaf:Windows_10,leaf:Linux_OTHER|leaf:Linux_Ubuntu|leaf:Windows_10|leaf:Windows_7|leaf:macOS_10_10.0|leaf:macOS_10_12.0|leaf:macOS_10_13.0
2476,fam:Windows,fam:Windows,fam:Windows,maj:Windows_10,maj:Windows_10,maj:Windows_10,leaf:Windows_10,leaf:Windows_10,leaf:Windows_10
2478,fam:Windows,fam:Windows,fam:Windows,maj:Windows_10,maj:Windows_10,maj:Windows_10,leaf:Windows_10,leaf:Windows_10,leaf:Windows_10
2479,fam:Windows,fam:Windows,fam:Windows|fam:macOS,maj:Windows_10,maj:Windows_10,maj:Windows_10|maj:macOS_10,leaf:Windows_10,leaf:Windows_10,leaf:Windows_10|leaf:macOS_10_12.0|leaf:macOS_10_13.0
2481,fam:Windows,fam:Windows,fam:Windows,maj:Windows_10,maj:Windows_10,maj:Windows_10,leaf:Windows_10,leaf:Windows_10,leaf:Windows_10
2484,fam:Windows,fam:Windows,fam:Windows,maj:Windows_10,maj:Windows_10,maj:Windows_10|maj:Windows_8,leaf:Windows_10,leaf:Windows_10,leaf:Windows_10|leaf:Windows_8_OTHER
2486,fam:Windows,fam:Windows,fam:Windows,maj:Windows_10,maj:Windows_10,maj:Windows_10,leaf:Windows_10,leaf:Windows_10,leaf:Windows_10
2489,fam:Windows,fam:Windows,fam:Windows,maj:Windows_10,maj:Windows_10,maj:Windows_10,leaf:Windows_10,leaf:Windows_10,leaf:Windows_10
2490,fam:Windows,fam:Windows,fam:Windows,maj:Windows_10,maj:Windows_10,maj:Windows_10|maj:Windows_7,leaf:Windows_10,leaf:Windows_10,leaf:Windows_10|leaf:Windows_7
2493,fam:Windows,fam:Windows,fam:Windows,maj:Windows_10,maj:Windows_10,maj:Windows_10|maj:Windows_8,leaf:Windows_10,leaf:Windows_10,leaf:Windows_10|leaf:Windows_8_OTHER
2496,fam:Windows,fam:Windows,fam:Windows,maj:Windows_10,maj:Windows_10,maj:Windows_10,leaf:Windows_10,leaf:Windows_10,leaf:Windows_10
2497,fam:Windows,fam:Windows,fam:Android|fam:Windows,maj:Windows_10,maj:Windows_10,maj:Android_10|maj:Android_5|maj:Android_6|maj:Android_7|maj:Android_8|maj:Android_9|maj:Windows_10,leaf:Windows_10,leaf:Android_8_0.0,leaf:Android_10|leaf:Android_5_1.0|leaf:Android_6_0.0|leaf:Android_7_0.0|leaf:Android_7_1.0|leaf:Android_8_0.0|leaf:Android_8_1.0|leaf:Android_9|leaf:Windows_10
2500,fam:Windows,fam:Android,fam:Android,maj:Windows_10,maj:Android_7,maj:Android_5|maj:Android_6|maj:Android_7|maj:Android_8,leaf:Windows_10,leaf:Android_7_0.0,leaf:Android_5_1.0|leaf:Android_6_0.0|leaf:Android_7_0.0|leaf:Android_8_0.0|leaf:Android_8_1.0
2501,fam:Windows,fam:Windows,fam:Windows,maj:Windows_10,maj:Windows_10,maj:Windows_10,leaf:Windows_10,leaf:Windows_10,leaf:Windows_10
2502,fam:Windows,fam:Windows,fam:Windows,maj:Windows_10,maj:Windows_10,maj:Windows_10,leaf:Windows_10,leaf:Windows_10,leaf:Windows_10
2503,fam:Windows,fam:Windows,fam:Linux|fam:Windows|fam:macOS,maj:Windows_10,maj:Windows_10,maj:Linux_OTHER|maj:Windows_10|maj:Windows_7|maj:Windows_8|maj:Windows_XP|maj:macOS_10,leaf:Windows_10,leaf:Windows_XP,leaf:Linux_OTHER|leaf:Windows_10|leaf:Windows_7|leaf:Windows_8_1.0|leaf:Windows_8_OTHER|leaf:Windows_XP|leaf:macOS_10_11.0|leaf:macOS_10_8.0
2504,fam:Windows,fam:Windows,fam:Windows,maj:Windows_10,maj:Windows_10,maj:Windows_10,leaf:Windows_10,leaf:Windows_10,leaf:Windows_10
2505,fam:Windows,fam:Windows,fam:Windows,maj:Windows_10,maj:Windows_10,maj:Windows_10,leaf:Windows_10,leaf:Windows_10,leaf:Windows_10
2508,fam:Windows,fam:Windows,fam:Linux|fam:Windows|fam:macOS,maj:Windows_10,maj:Windows_10,maj:Linux_OTHER|maj:Windows_10|maj:macOS_10,leaf:Windows_10,leaf:Windows_10,leaf:Linux_OTHER|leaf:Windows_10|leaf:macOS_10_12.0
2510,fam:Windows,fam:Windows,fam:Windows,maj:Windows_10,maj:Windows_10,maj:Windows_10,leaf:Windows_10,leaf:Windows_10,leaf:Windows_10
2514,fam:Windows,fam:Windows,fam:Windows,maj:Windows_10,maj:Windows_10,maj:Windows_10,leaf:Windows_10,leaf:Windows_10,leaf:Windows_10
2521,fam:Windows,fam:Windows,fam:Windows,maj:Windows_10,maj:Windows_10,maj:Windows_10,leaf:Windows_10,leaf:Windows_10,leaf:Windows_10
2522,fam:Windows,fam:Windows,fam:Linux|fam:Windows,maj:Windows_10,maj:Windows_10,maj:Linux_OTHER|maj:Windows_10,leaf:Windows_10,leaf:Windows_10,leaf:Linux_OTHER|leaf:Windows_10
2523,fam:Windows,fam:Windows,fam:Windows,maj:Windows_10,maj:Windows_10,maj:Windows_10,leaf:Windows_10,leaf:Windows_10,leaf:Windows_10
2526,fam:Windows,fam:Windows,fam:Windows,maj:Windows_10,maj:Windows_10,maj:Windows_10,leaf:Windows_10,leaf:Windows_10,leaf:Windows_10
2529,fam:Windows,fam:Windows,fam:Windows,maj:Windows_10,maj:Windows_10,maj:Windows_10,leaf:Windows_10,leaf:Windows_10,leaf:Windows_10
2530,fam:Windows,fam:Windows,fam:Windows,maj:Windows_10,maj:Windows_10,maj:Windows_10,leaf:Windows_10,leaf:Windows_10,leaf:Windows_10
2531,fam:Windows,fam:Windows,fam:Windows,maj:Windows_10,maj:Windows_10,maj:Windows_10,leaf:Windows_10,leaf:Windows_10,leaf:Windows_10
2532,fam:Windows,fam:Windows,fam:Windows,maj:Windows_10,maj:Windows_10,maj:Windows_10|maj:Windows_8,leaf:Windows_10,leaf:Windows_10,leaf:Windows_10|leaf:Windows_8_OTHER
2534,fam:Windows,fam:Windows,fam:Windows,maj:Windows_10,maj:Windows_10,maj:Windows_10,leaf:Windows_10,leaf:Windows_10,leaf:Windows_10
2536,fam:Windows,fam:Windows,fam:Windows,maj:Windows_10,maj:Windows_10,maj:Windows_10,leaf:Windows_10,leaf:Windows_10,leaf:Windows_10
2537,fam:Windows,fam:Windows,fam:Windows,maj:Windows_10,maj:Windows_10,maj:Windows_10,leaf:Windows_10,leaf:Windows_10,leaf:Windows_10
2538,fam:Windows,fam:Android,fam:Android,maj:Windows_10,maj:Android_10,maj:Android_10|maj:Android_7|maj:Android_8|maj:Android_9,leaf:Windows_10,leaf:Android_8_0.0,leaf:Android_10|leaf:Android_7_0.0|leaf:Android_7_1.0|leaf:Android_8_0.0|leaf:Android_8_1.0|leaf:Android_9
2541,fam:Windows,fam:Windows,fam:Windows,maj:Windows_10,maj:Windows_10,maj:Windows_10,leaf:Windows_10,leaf:Windows_10,leaf:Windows_10
2546,fam:Windows,fam:Windows,fam:Windows,maj:Windows_10,maj:Windows_10,maj:Windows_10,leaf:Windows_10,leaf:Windows_10,leaf:Windows_10
2547,fam:Windows,fam:Windows,fam:Windows,maj:Windows_10,maj:Windows_10,maj:Windows_10,leaf:Windows_10,leaf:Windows_10,leaf:Windows_10
2548,fam:Windows,fam:Windows,fam:Windows,maj:Windows_10,maj:Windows_10,maj:Windows_10,leaf:Windows_10,leaf:Windows_10,leaf:Windows_10
2549,fam:Windows,fam:Windows,fam:Windows,maj:Windows_10,maj:Windows_10,maj:Windows_10|maj:Windows_7|maj:Windows_8,leaf:Windows_10,leaf:Windows_10,leaf:Windows_10|leaf:Windows_7|leaf:Windows_8_1.0
2550,fam:Windows,fam:Windows,fam:Windows,maj:Windows_10,maj:Windows_10,maj:Windows_10,leaf:Windows_10,leaf:Windows_10,leaf:Windows_10
2551,fam:Windows,fam:Windows,fam:Windows,maj:Windows_10,maj:Windows_10,maj:Windows_10,leaf:Windows_10,leaf:Windows_10,leaf:Windows_10
2552,fam:Windows,fam:Windows,fam:Windows,maj:Windows_10,maj:Windows_10,maj:Windows_10,leaf:Windows_10,leaf:Windows_10,leaf:Windows_10
2553,fam:Windows,fam:Windows,fam:Windows,maj:Windows_10,maj:Windows_10,maj:Windows_10,leaf:Windows_10,leaf:Windows_10,leaf:Windows_10
2554,fam:Windows,fam:Windows,fam:Windows,maj:Windows_10,maj:Windows_10,maj:Windows_10,leaf:Windows_10,leaf:Windows_10,leaf:Windows_10
2555,fam:Windows,fam:Windows,fam:Windows,maj:Windows_10,maj:Windows_10,maj:Windows_10,leaf:Windows_10,leaf:Windows_10,leaf:Windows_10
2556,fam:Windows,fam:Windows,fam:Windows,maj:Windows_10,maj:Windows_10,maj:Windows_10,leaf:Windows_10,leaf:Windows_10,leaf:Windows_10
2561,fam:Windows,fam:Windows,fam:Windows,maj:Windows_10,maj:Windows_10,maj:Windows_10,leaf:Windows_10,leaf:Windows_10,leaf:Windows_10
2563,fam:Windows,fam:Windows,fam:Android|fam:Windows,maj:Windows_10,maj:Windows_10,maj:Android_10|maj:Android_8|maj:Android_9|maj:Windows_10,leaf:Windows_10,leaf:Windows_10,leaf:Android_10|leaf:Android_8_0.0|leaf:Android_9|leaf:Windows_10
2564,fam:Windows,fam:Windows,fam:Windows,maj:Windows_10,maj:Windows_10,maj:Windows_10,leaf:Windows_10,leaf:Windows_10,leaf:Windows_10
2565,fam:Windows,fam:Windows,fam:Windows,maj:Windows_10,maj:Windows_10,maj:Windows_10,leaf:Windows_10,leaf:Windows_10,leaf:Windows_10
2567,fam:Windows,fam:Windows,fam:Windows,maj:Windows_10,maj:Windows_10,maj:Windows_10,leaf:Windows_10,leaf:Windows_10,leaf:Windows_10
2569,fam:Windows,fam:Windows,fam:Windows,maj:Windows_10,maj:Windows_10,maj:Windows_10,leaf:Windows_10,leaf:Windows_10,leaf:Windows_10
2574,fam:Windows,fam:Windows,fam:Windows,maj:Windows_10,maj:Windows_10,maj:Windows_10,leaf:Windows_10,leaf:Windows_10,leaf:Windows_10
2575,fam:Windows,fam:Windows,fam:Windows,maj:Windows_10,maj:Windows_10,maj:Windows_10,leaf:Windows_10,leaf:Windows_10,leaf:Windows_10
2579,fam:Windows,fam:Windows,fam:Windows,maj:Windows_10,maj:Windows_10,maj:Windows_10,leaf:Windows_10,leaf:Windows_10,leaf:Windows_10
2580,fam:Windows,fam:Windows,fam:Windows,maj:Windows_10,maj:Windows_10,maj:Windows_10,leaf:Windows_10,leaf:Windows_10,leaf:Windows_10
2581,fam:Windows,fam:Windows,fam:Windows,maj:Windows_10,maj:Windows_10,maj:Windows_10,leaf:Windows_10,leaf:Windows_10,leaf:Windows_10
2582,fam:Windows,fam:Windows,fam:Windows,maj:Windows_10,maj:Windows_10,maj:Windows_10,leaf:Windows_10,leaf:Windows_10,leaf:Windows_10
2587,fam:Windows,fam:Windows,fam:Windows,maj:Windows_10,maj:Windows_10,maj:Windows_10,leaf:Windows_10,leaf:Windows_10,leaf:Windows_10
2588,fam:Windows,fam:Windows,fam:Windows,maj:Windows_10,maj:Windows_10,maj:Windows_10,leaf:Windows_10,leaf:Windows_10,leaf:Windows_10
2589,fam:Windows,fam:Windows,fam:Windows,maj:Windows_10,maj:Windows_10,maj:Windows_10,leaf:Windows_10,leaf:Windows_10,leaf:Windows_10
2590,fam:Windows,fam:Windows,fam:Windows,maj:Windows_10,maj:Windows_8,maj:Windows_10|maj:Windows_7|maj:Windows_8,leaf:Windows_10,leaf:Windows_8_1.0,leaf:Windows_10|leaf:Windows_7|leaf:Windows_8_1.0|leaf:Windows_8_OTHER
2594,fam:Windows,fam:Windows,fam:Windows,maj:Windows_10,maj:Windows_10,maj:Windows_10,leaf:Windows_10,leaf:Windows_10,leaf:Windows_10
2599,fam:Windows,fam:Windows,fam:Windows,maj:Windows_10,maj:Windows_10,maj:Windows_10,leaf:Windows_10,leaf:Windows_10,leaf:Windows_10
2602,fam:Windows,fam:Windows,fam:Android|fam:Linux|fam:Windows,maj:Windows_10,maj:Windows_10,maj:Android_10|maj:Android_5|maj:Android_6|maj:Android_7|maj:Android_8|maj:Android_9|maj:Linux_OTHER|maj:Windows_10,leaf:Windows_10,leaf:Android_8_0.0,leaf:Android_10|leaf:Android_5_1.0|leaf:Android_6_0.0|leaf:Android_7_0.0|leaf:Android_7_1.0|leaf:Android_8_0.0|leaf:Android_8_1.0|leaf:Android_9|leaf:Linux_OTHER|leaf:Windows_10
2603,fam:Windows,fam:Windows,fam:Windows,maj:Windows_10,maj:Windows_10,maj:Windows_10,leaf:Windows_10,leaf:Windows_10,leaf:Windows_10
2604,fam:Windows,fam:Windows,fam:Windows,maj:Windows_10,maj:Windows_10,maj:Windows_10|maj:Windows_8,leaf:Windows_10,leaf:Windows_10,leaf:Windows_10|leaf:Windows_8_OTHER
2608,fam:Windows,fam:Windows,fam:Android|fam:Linux|fam:Windows,maj:Windows_10,maj:Windows_10,maj:Android_10|maj:Android_5|maj:Android_6|maj:Android_7|maj:Android_8|maj:Android_9|maj:Linux_OTHER|maj:Windows_10|maj:Windows_7,leaf:Windows_10,leaf:Windows_10,leaf:Android_10|leaf:Android_5_1.0|leaf:Android_6_0.0|leaf:Android_7_0.0|leaf:Android_7_1.0|leaf:Android_8_0.0|leaf:Android_8_1.0|leaf:Android_9|leaf:Linux_OTHER|leaf:Windows_10|leaf:Windows_7
2609,fam:Windows,fam:Windows,fam:Windows,maj:Windows_10,maj:Windows_10,maj:Windows_10,leaf:Windows_10,leaf:Windows_10,leaf:Windows_10
2610,fam:Windows,fam:Windows,fam:Windows,maj:Windows_10,maj:Windows_10,maj:Windows_10,leaf:Windows_10,leaf:Windows_10,leaf:Windows_10
2612,fam:Windows,fam:Linux,fam:Android|fam:Linux|fam:Windows|fam:macOS,maj:Windows_10,maj:Linux_OTHER,maj:Android_4|maj:Android_7|maj:Android_8|maj:Android_9|maj:Linux_OTHER|maj:Windows_10|maj:Windows_7|maj:macOS_10,leaf:Windows_10,leaf:Windows_10,leaf:Android_4_0.0|leaf:Android_7_0.0|leaf:Android_7_1.0|leaf:Android_8_0.0|leaf:Android_8_1.0|leaf:Android_9|leaf:Linux_OTHER|leaf:Windows_10|leaf:Windows_7|leaf:macOS_10_14.0|leaf:macOS_10_15.0
2614,fam:Windows,fam:Windows,fam:Android|fam:Windows,maj:Windows_10,maj:Android_7,maj:Android_10|maj:Android_5|maj:Android_6|maj:Android_7|maj:Android_8|maj:Android_9|maj:Windows_10,leaf:Windows_10,leaf:Android_9,leaf:Android_10|leaf:Android_5_1.0|leaf:Android_6_0.0|leaf:Android_7_0.0|leaf:Android_7_1.0|leaf:Android_8_0.0|leaf:Android_8_1.0|leaf:Android_9|leaf:Windows_10
2615,fam:Windows,fam:Windows,fam:Windows,maj:Windows_10,maj:Windows_10,maj:Windows_10|maj:Windows_8,leaf:Windows_10,leaf:Windows_10,leaf:Windows_10|leaf:Windows_8_OTHER
2616,fam:Windows,fam:Windows,fam:Windows,maj:Windows_10,maj:Windows_10,maj:Windows_10,leaf:Windows_10,leaf:Windows_10,leaf:Windows_10
2617,fam:Windows,fam:Windows,fam:Windows,maj:Windows_10,maj:Windows_10,maj:Windows_10,leaf:Windows_10,leaf:Windows_10,leaf:Windows_10
2619,fam:Windows,fam:Windows,fam:Windows,maj:Windows_10,maj:Windows_10,maj:Windows_10,leaf:Windows_10,leaf:Windows_10,leaf:Windows_10
2622,fam:Windows,fam:Windows,fam:Windows,maj:Windows_10,maj:Windows_10,maj:Windows_10,leaf:Windows_10,leaf:Windows_10,leaf:Windows_10
2623,fam:Windows,fam:Windows,fam:Windows,maj:Windows_10,maj:Windows_10,maj:Windows_10,leaf:Windows_10,leaf:Windows_10,leaf:Windows_10
2625,fam:Windows,fam:Windows,fam:Windows,maj:Windows_10,maj:Windows_10,maj:Windows_10,leaf:Windows_10,leaf:Windows_10,leaf:Windows_10
2628,fam:Windows,fam:Windows,fam:Android|fam:Windows|fam:macOS,maj:Windows_10,maj:Windows_10,maj:Android_5|maj:Android_6|maj:Android_7|maj:Windows_10|maj:Windows_8|maj:macOS_10,leaf:Windows_10,leaf:Windows_10,leaf:Android_5_1.0|leaf:Android_6_0.0|leaf:Android_7_0.0|leaf:Windows_10|leaf:Windows_8_1.0|leaf:macOS_10_11.0
2633,fam:Windows,fam:Windows,fam:Windows,maj:Windows_10,maj:Windows_10,maj:Windows_10,leaf:Windows_10,leaf:Windows_10,leaf:Windows_10
2634,fam:Windows,fam:Windows,fam:Windows,maj:Windows_10,maj:Windows_10,maj:Windows_10|maj:Windows_8,leaf:Windows_10,leaf:Windows_10,leaf:Windows_10|leaf:Windows_8_1.0
2638,fam:Windows,fam:Windows,fam:Windows,maj:Windows_10,maj:Windows_10,maj:Windows_10,leaf:Windows_10,leaf:Windows_10,leaf:Windows_10
2639,fam:Windows,fam:Windows,fam:Windows,maj:Windows_10,maj:Windows_10,maj:Windows_10,leaf:Windows_10,leaf:Windows_10,leaf:Windows_10
2640,fam:Windows,fam:Windows,fam:Windows,maj:Windows_10,maj:Windows_10,maj:Windows_10|maj:Windows_8,leaf:Windows_10,leaf:Windows_10,leaf:Windows_10|leaf:Windows_8_1.0|leaf:Windows_8_OTHER
2642,fam:Windows,fam:Windows,fam:Windows,maj:Windows_10,maj:Windows_10,maj:Windows_10|maj:Windows_8,leaf:Windows_10,leaf:Windows_10,leaf:Windows_10|leaf:Windows_8_OTHER
2643,fam:Windows,fam:Windows,fam:Windows,maj:Windows_10,maj:Windows_10,maj:Windows_10,leaf:Windows_10,leaf:Windows_10,leaf:Windows_10
2644,fam:Windows,fam:Windows,fam:Windows,maj:Windows_10,maj:Windows_10,maj:Windows_10,leaf:Windows_10,leaf:Windows_10,leaf:Windows_10
2645,fam:Windows,fam:Windows,fam:Windows,maj:Windows_10,maj:Windows_10,maj:Windows_10,leaf:Windows_10,leaf:Windows_10,leaf:Windows_10
2646,fam:Windows,fam:Windows,fam:Android|fam:Linux|fam:Windows|fam:macOS,maj:Windows_10,maj:Windows_10,maj:Android_4|maj:Android_7|maj:Android_8|maj:Android_9|maj:Linux_OTHER|maj:Linux_Ubuntu|maj:Windows_10|maj:Windows_7|maj:macOS_10,leaf:Windows_10,leaf:Linux_OTHER,leaf:Android_4_0.0|leaf:Android_7_0.0|leaf:Android_8_0.0|leaf:Android_8_1.0|leaf:Android_9|leaf:Linux_OTHER|leaf:Linux_Ubuntu|leaf:Windows_10|leaf:Windows_7|leaf:macOS_10_11.0|leaf:macOS_10_14.0
2649,fam:Windows,fam:Windows,fam:Windows,maj:Windows_10,maj:Windows_10,maj:Windows_10,leaf:Windows_10,leaf:Windows_10,leaf:Windows_10
2650,fam:Windows,fam:Windows,fam:Windows,maj:Windows_10,maj:Windows_10,maj:Windows_10,leaf:Windows_10,leaf:Windows_10,leaf:Windows_10
2652,fam:Windows,fam:Windows,fam:Windows,maj:Windows_10,maj:Windows_10,maj:Windows_10|maj:Windows_8,leaf:Windows_10,leaf:Windows_10,leaf:Windows_10|leaf:Windows_8_OTHER
2654,fam:Windows,fam:Windows,fam:Windows,maj:Windows_10,maj:Windows_10,maj:Windows_10,leaf:Windows_10,leaf:Windows_10,leaf:Windows_10
2658,fam:Windows,fam:Windows,fam:Windows,maj:Windows_10,maj:Windows_10,maj:Windows_10,leaf:Windows_10,leaf:Windows_10,leaf:Windows_10
2659,fam:Windows,fam:Windows,fam:Windows,maj:Windows_10,maj:Windows_10,maj:Windows_10,leaf:Windows_10,leaf:Windows_10,leaf:Windows_10
2662,fam:Windows,fam:Windows,fam:Windows,maj:Windows_10,maj:Windows_10,maj:Windows_10,leaf:Windows_10,leaf:Windows_10,leaf:Windows_10
2664,fam:Windows,fam:Windows,fam:Windows,maj:Windows_10,maj:Windows_10,maj:Windows_10,leaf:Windows_10,leaf:Windows_10,leaf:Windows_10
2665,fam:Windows,fam:Windows,fam:Windows,maj:Windows_10,maj:Windows_10,maj:Windows_10,leaf:Windows_10,leaf:Windows_10,leaf:Windows_10
2668,fam:Windows,fam:Windows,fam:Windows,maj:Windows_10,maj:Windows_8,maj:Windows_10|maj:Windows_8,leaf:Windows_10,leaf:Windows_8_1.0,leaf:Windows_10|leaf:Windows_8_1.0
2669,fam:Windows,fam:Windows,fam:Windows,maj:Windows_10,maj:Windows_10,maj:Windows_10,leaf:Windows_10,leaf:Windows_10,leaf:Windows_10
2671,fam:Windows,fam:Windows,fam:Windows,maj:Windows_10,maj:Windows_7,maj:Windows_10|maj:Windows_7,leaf:Windows_10,leaf:Windows_10,leaf:Windows_10|leaf:Windows_7
2672,fam:Windows,fam:Windows,fam:Windows,maj:Windows_10,maj:Windows_10,maj:Windows_10,leaf:Windows_10,leaf:Windows_10,leaf:Windows_10
2673,fam:Windows,fam:Windows,fam:Windows,maj:Windows_10,maj:Windows_10,maj:Windows_10,leaf:Windows_10,leaf:Windows_10,leaf:Windows_10
2676,fam:Windows,fam:Windows,fam:Windows,maj:Windows_10,maj:Windows_10,maj:Windows_10,leaf:Windows_10,leaf:Windows_10,leaf:Windows_10
2677,fam:Windows,fam:Windows,fam:Android|fam:Windows,maj:Windows_10,maj:Windows_10,maj:Android_5|maj:Android_6|maj:Android_7|maj:Windows_10,leaf:Windows_10,leaf:Android_7_1.0,leaf:Android_5_1.0|leaf:Android_6_0.0|leaf:Android_7_0.0|leaf:Android_7_1.0|leaf:Windows_10
2678,fam:Windows,fam:Windows,fam:Windows,maj:Windows_10,maj:Windows_10,maj:Windows_10,leaf:Windows_10,leaf:Windows_10,leaf:Windows_10
2681,fam:Windows,fam:Windows,fam:Windows,maj:Windows_10,maj:Windows_10,maj:Windows_10|maj:Windows_8,leaf:Windows_10,leaf:Windows_10,leaf:Windows_10|leaf:Windows_8_OTHER
2683,fam:Windows,fam:Windows,fam:Windows,maj:Windows_10,maj:Windows_10,maj:Windows_10|maj:Windows_7,leaf:Windows_10,leaf:Windows_10,leaf:Windows_10|leaf:Windows_7
2684,fam:Windows,fam:Windows,fam:Android|fam:Windows,maj:Windows_10,maj:Windows_10,maj:Android_8|maj:Windows_10,leaf:Windows_10,leaf:Windows_10,leaf:Android_8_0.0|leaf:Windows_10
2685,fam:Windows,fam:Windows,fam:Windows,maj:Windows_10,maj:Windows_10,maj:Windows_10|maj:Windows_7,leaf:Windows_10,leaf:Windows_10,leaf:Windows_10|leaf:Windows_7
2686,fam:Windows,fam:Windows,fam:Windows,maj:Windows_10,maj:Windows_10,maj:Windows_10|maj:Windows_8,leaf:Windows_10,leaf:Windows_8_1.0,leaf:Windows_10|leaf:Windows_8_1.0
2691,fam:Windows,fam:Windows,fam:Windows,maj:Windows_10,maj:Windows_10,maj:Windows_10,leaf:Windows_10,leaf:Windows_10,leaf:Windows_10
2692,fam:Windows,fam:Windows,fam:Windows,maj:Windows_10,maj:Windows_10,maj:Windows_10,leaf:Windows_10,leaf:Windows_10,leaf:Windows_10
2693,fam:Windows,fam:Windows,fam:Windows,maj:Windows_10,maj:Windows_10,maj:Windows_10,leaf:Windows_10,leaf:Windows_10,leaf:Windows_10
2695,fam:Windows,fam:Windows,fam:Windows,maj:Windows_10,maj:Windows_10,maj:Windows_10,leaf:Windows_10,leaf:Windows_10,leaf:Windows_10
2697,fam:Windows,fam:Windows,fam:Windows,maj:Windows_10,maj:Windows_10,maj:Windows_10,leaf:Windows_10,leaf:Windows_10,leaf:Windows_10
2698,fam:Windows,fam:Windows,fam:Windows,maj:Windows_10,maj:Windows_10,maj:Windows_10,leaf:Windows_10,leaf:Windows_10,leaf:Windows_10
2699,fam:Windows,fam:Windows,fam:Windows,maj:Windows_10,maj:Windows_10,maj:Windows_10,leaf:Windows_10,leaf:Windows_10,leaf:Windows_10
2701,fam:Windows,fam:Windows,fam:Windows,maj:Windows_10,maj:Windows_10,maj:Windows_10,leaf:Windows_10,leaf:Windows_10,leaf:Windows_10
2702,fam:Windows,fam:Windows,fam:Windows,maj:Windows_10,maj:Windows_10,maj:Windows_10,leaf:Windows_10,leaf:Windows_10,leaf:Windows_10
2705,fam:Windows,fam:Windows,fam:Windows,maj:Windows_10,maj:Windows_10,maj:Windows_10,leaf:Windows_10,leaf:Windows_10,leaf:Windows_10
2706,fam:Windows,fam:Windows,fam:Windows,maj:Windows_10,maj:Windows_10,maj:Windows_10|maj:Windows_8,leaf:Windows_10,leaf:Windows_10,leaf:Windows_10|leaf:Windows_8_OTHER
2707,fam:Windows,fam:Windows,fam:Windows,maj:Windows_10,maj:Windows_10,maj:Windows_10,leaf:Windows_10,leaf:Windows_10,leaf:Windows_10
2710,fam:Windows,fam:Windows,fam:Windows,maj:Windows_10,maj:Windows_10,maj:Windows_10,leaf:Windows_10,leaf:Windows_10,leaf:Windows_10
2711,fam:Windows,fam:Windows,fam:Windows,maj:Windows_10,maj:Windows_10,maj:Windows_10,leaf:Windows_10,leaf:Windows_10,leaf:Windows_10
2712,fam:Windows,fam:Windows,fam:Linux|fam:Windows|fam:macOS,maj:Windows_10,maj:Windows_10,maj:Linux_OTHER|maj:Windows_10|maj:Windows_7|maj:Windows_8|maj:Windows_XP|maj:macOS_10,leaf:Windows_10,leaf:Windows_10,leaf:Linux_OTHER|leaf:Windows_10|leaf:Windows_7|leaf:Windows_8_1.0|leaf:Windows_8_OTHER|leaf:Windows_XP|leaf:macOS_10_10.0|leaf:macOS_10_11.0|leaf:macOS_10_13.0|leaf:macOS_10_8.0|leaf:macOS_10_9.0
2713,fam:Windows,fam:Windows,fam:Windows,maj:Windows_10,maj:Windows_10,maj:Windows_10,leaf:Windows_10,leaf:Windows_10,leaf:Windows_10
2714,fam:Windows,fam:Windows,fam:Windows,maj:Windows_10,maj:Windows_10,maj:Windows_10,leaf:Windows_10,leaf:Windows_10,leaf:Windows_10
2716,fam:Windows,fam:Windows,fam:Windows,maj:Windows_10,maj:Windows_10,maj:Windows_10|maj:Windows_8,leaf:Windows_10,leaf:Windows_10,leaf:Windows_10|leaf:Windows_8_OTHER
2718,fam:Windows,fam:Windows,fam:Windows,maj:Windows_10,maj:Windows_10,maj:Windows_10,leaf:Windows_10,leaf:Windows_10,leaf:Windows_10
2721,fam:Windows,fam:Windows,fam:Windows,maj:Windows_10,maj:Windows_10,maj:Windows_10,leaf:Windows_10,leaf:Windows_10,leaf:Windows_10
2722,fam:Windows,fam:Windows,fam:Windows,maj:Windows_10,maj:Windows_10,maj:Windows_10,leaf:Windows_10,leaf:Windows_10,leaf:Windows_10
2723,fam:Windows,fam:Windows,fam:Windows,maj:Windows_10,maj:Windows_10,maj:Windows_10,leaf:Windows_10,leaf:Windows_10,leaf:Windows_10
2724,fam:Windows,fam:Windows,fam:Windows,maj:Windows_10,maj:Windows_10,maj:Windows_10,leaf:Windows_10,leaf:Windows_10,leaf:Windows_10
2725,fam:Windows,fam:Windows,fam:Windows,maj:Windows_10,maj:Windows_10,maj:Windows_10,leaf:Windows_10,leaf:Windows_10,leaf:Windows_10
2728,fam:Windows,fam:Windows,fam:Windows,maj:Windows_10,maj:Windows_10,maj:Windows_10,leaf:Windows_10,leaf:Windows_10,leaf:Windows_10
2729,fam:Windows,fam:Windows,fam:Windows,maj:Windows_10,maj:Windows_10,maj:Windows_10,leaf:Windows_10,leaf:Windows_10,leaf:Windows_10
2730,fam:Windows,fam:Windows,fam:Windows,maj:Windows_10,maj:Windows_10,maj:Windows_10,leaf:Windows_10,leaf:Windows_10,leaf:Windows_10
2731,fam:Windows,fam:Windows,fam:Windows,maj:Windows_10,maj:Windows_10,maj:Windows_10,leaf:Windows_10,leaf:Windows_10,leaf:Windows_10
2734,fam:Windows,fam:Windows,fam:Windows,maj:Windows_10,maj:Windows_10,maj:Windows_10,leaf:Windows_10,leaf:Windows_10,leaf:Windows_10
2735,fam:Windows,fam:Windows,fam:Windows,maj:Windows_10,maj:Windows_10,maj:Windows_10,leaf:Windows_10,leaf:Windows_10,leaf:Windows_10
2738,fam:Windows,fam:Windows,fam:Windows,maj:Windows_10,maj:Windows_10,maj:Windows_10,leaf:Windows_10,leaf:Windows_10,leaf:Windows_10
2739,fam:Windows,fam:Windows,fam:Windows,maj:Windows_10,maj:Windows_10,maj:Windows_10,leaf:Windows_10,leaf:Windows_10,leaf:Windows_10
2745,fam:Windows,fam:Windows,fam:Windows,maj:Windows_10,maj:Windows_8,maj:Windows_10|maj:Windows_7|maj:Windows_8,leaf:Windows_10,leaf:Windows_8_1.0,leaf:Windows_10|leaf:Windows_7|leaf:Windows_8_1.0|leaf:Windows_8_OTHER
2746,fam:Windows,fam:Windows,fam:Windows,maj:Windows_10,maj:Windows_10,maj:Windows_10,leaf:Windows_10,leaf:Windows_10,leaf:Windows_10
2747,fam:Windows,fam:Windows,fam:Windows,maj:Windows_10,maj:Windows_10,maj:Windows_10,leaf:Windows_10,leaf:Windows_10,leaf:Windows_10
2748,fam:Windows,fam:Windows,fam:Windows,maj:Windows_10,maj:Windows_10,maj:Windows_10|maj:Windows_8,leaf:Windows_10,leaf:Windows_10,leaf:Windows_10|leaf:Windows_8_OTHER
2749,fam:Windows,fam:Windows,fam:Windows,maj:Windows_10,maj:Windows_10,maj:Windows_10,leaf:Windows_10,leaf:Windows_10,leaf:Windows_10
2750,fam:Windows,fam:Windows,fam:Linux|fam:Windows|fam:macOS,maj:Windows_10,maj:Windows_10,maj:Linux_OTHER|maj:Windows_10|maj:macOS_10,leaf:Windows_10,leaf:Windows_10,leaf:Linux_OTHER|leaf:Windows_10|leaf:macOS_10_12.0
2752,fam:Windows,fam:Windows,fam:Windows|fam:macOS,maj:Windows_10,maj:Windows_10,maj:Windows_10|maj:macOS_10,leaf:Windows_10,leaf:Windows_10,leaf:Windows_10|leaf:macOS_10_12.0
2753,fam:Windows,fam:Windows,fam:Linux|fam:Windows,maj:Windows_10,maj:Windows_10,maj:Linux_OTHER|maj:Windows_10,leaf:Windows_10,leaf:Windows_10,leaf:Linux_OTHER|leaf:Windows_10
2754,fam:Windows,fam:Windows,fam:Windows,maj:Windows_10,maj:Windows_10,maj:Windows_10|maj:Windows_7|maj:Windows_XP,leaf:Windows_10,leaf:Windows_10,leaf:Windows_10|leaf:Windows_7|leaf:Windows_XP
2758,fam:Windows,fam:Windows,fam:Windows,maj:Windows_10,maj:Windows_10,maj:Windows_10,leaf:Windows_10,leaf:Windows_10,leaf:Windows_10
2764,fam:Windows,fam:Windows,fam:Windows,maj:Windows_10,maj:Windows_10,maj:Windows_10,leaf:Windows_10,leaf:Windows_10,leaf:Windows_10
2765,fam:Windows,fam:Windows,fam:Windows,maj:Windows_10,maj:Windows_10,maj:Windows_10,leaf:Windows_10,leaf:Windows_10,leaf:Windows_10
2767,fam:Windows,fam:Windows,fam:Windows,maj:Windows_10,maj:Windows_10,maj:Windows_10,leaf:Windows_10,leaf:Windows_10,leaf:Windows_10
2769,fam:Windows,fam:Windows,fam:Windows,maj:Windows_10,maj:Windows_10,maj:Windows_10,leaf:Windows_10,leaf:Windows_10,leaf:Windows_10
2771,fam:Windows,fam:Windows,fam:Windows,maj:Windows_10,maj:Windows_10,maj:Windows_10,leaf:Windows_10,leaf:Windows_10,leaf:Windows_10
2772,fam:Windows,fam:Windows,fam:Windows,maj:Windows_10,maj:Windows_10,maj:Windows_10,leaf:Windows_10,leaf:Windows_10,leaf:Windows_10
2773,fam:Windows,fam:Windows,fam:Windows,maj:Windows_10,maj:Windows_10,maj:Windows_10,leaf:Windows_10,leaf:Windows_10,leaf:Windows_10
2774,fam:Windows,fam:Windows,fam:Windows,maj:Windows_10,maj:Windows_10,maj:Windows_10,leaf:Windows_10,leaf:Windows_10,leaf:Windows_10
2775,fam:Windows,fam:Windows,fam:Windows,maj:Windows_10,maj:Windows_10,maj:Windows_10,leaf:Windows_10,leaf:Windows_10,leaf:Windows_10
2777,fam:Windows,fam:Windows,fam:Windows,maj:Windows_10,maj:Windows_10,maj:Windows_10,leaf:Windows_10,leaf:Windows_10,leaf:Windows_10
2778,fam:Windows,fam:Windows,fam:Android|fam:Windows,maj:Windows_10,maj:Windows_10,maj:Android_5|maj:Android_6|maj:Android_7|maj:Windows_10|maj:Windows_8,leaf:Windows_10,leaf:Windows_10,leaf:Android_5_1.0|leaf:Android_6_0.0|leaf:Android_7_1.0|leaf:Windows_10|leaf:Windows_8_OTHER
2780,fam:Windows,fam:Windows,fam:Windows,maj:Windows_10,maj:Windows_10,maj:Windows_10,leaf:Windows_10,leaf:Windows_10,leaf:Windows_10
2781,fam:Windows,fam:Windows,fam:Windows,maj:Windows_10,maj:Windows_10,maj:Windows_10,leaf:Windows_10,leaf:Windows_10,leaf:Windows_10
2783,fam:Windows,fam:Windows,fam:Windows,maj:Windows_10,maj:Windows_10,maj:Windows_10,leaf:Windows_10,leaf:Windows_10,leaf:Windows_10
2784,fam:Windows,fam:Windows,fam:Linux|fam:Windows|fam:macOS,maj:Windows_10,maj:Windows_10,maj:Linux_OTHER|maj:Windows_10|maj:Windows_7|maj:Windows_8|maj:Windows_XP|maj:macOS_10,leaf:Windows_10,leaf:Windows_10,leaf:Linux_OTHER|leaf:Windows_10|leaf:Windows_7|leaf:Windows_8_1.0|leaf:Windows_8_OTHER|leaf:Windows_XP|leaf:macOS_10_10.0|leaf:macOS_10_11.0|leaf:macOS_10_13.0|leaf:macOS_10_8.0|leaf:macOS_10_9.0
2785,fam:Windows,fam:Windows,fam:Windows|fam:macOS,maj:Windows_10,maj:Windows_10,maj:Windows_10|maj:Windows_7|maj:Windows_8|maj:macOS_10,leaf:Windows_10,leaf:Windows_10,leaf:Windows_10|leaf:Windows_7|leaf:Windows_8_1.0|leaf:macOS_10_10.0|leaf:macOS_10_11.0|leaf:macOS_10_12.0|leaf:macOS_10_13.0|leaf:macOS_10_15.0
2787,fam:Windows,fam:Windows,fam:Windows,maj:Windows_10,maj:Windows_10,maj:Windows_10,leaf:Windows_10,leaf:Windows_10,leaf:Windows_10
2788,fam:Windows,fam:Windows,fam:Windows,maj:Windows_10,maj:Windows_10,maj:Windows_10,leaf:Windows_10,leaf:Windows_10,leaf:Windows_10
2789,fam:Windows,fam:Windows,fam:Windows,maj:Windows_10,maj:Windows_10,maj:Windows_10,leaf:Windows_10,leaf:Windows_10,leaf:Windows_10
2790,fam:Windows,fam:Windows,fam:Windows,maj:Windows_10,maj:Windows_10,maj:Windows_10,leaf:Windows_10,leaf:Windows_10,leaf:Windows_10
2792,fam:Windows,fam:Windows,fam:Windows,maj:Windows_10,maj:Windows_10,maj:Windows_10,leaf:Windows_10,leaf:Windows_10,leaf:Windows_10
2793,fam:Windows,fam:Windows,fam:Windows,maj:Windows_10,maj:Windows_10,maj:Windows_7|maj:Windows_8,leaf:Windows_10,leaf:Windows_7,leaf:Windows_7|leaf:Windows_8_1.0|leaf:Windows_8_OTHER
2796,fam:Windows,fam:Windows,fam:Windows,maj:Windows_10,maj:Windows_10,maj:Windows_10,leaf:Windows_10,leaf:Windows_10,leaf:Windows_10
2799,fam:Windows,fam:Windows,fam:Windows,maj:Windows_10,maj:Windows_10,maj:Windows_10,leaf:Windows_10,leaf:Windows_10,leaf:Windows_10
2800,fam:Windows,fam:Windows,fam:Windows,maj:Windows_10,maj:Windows_10,maj:Windows_10,leaf:Windows_10,leaf:Windows_10,leaf:Windows_10
2802,fam:Windows,fam:Windows,fam:Windows,maj:Windows_10,maj:Windows_10,maj:Windows_10,leaf:Windows_10,leaf:Windows_10,leaf:Windows_10
2803,fam:Windows,fam:Windows,fam:Windows,maj:Windows_10,maj:Windows_10,maj:Windows_10,leaf:Windows_10,leaf:Windows_10,leaf:Windows_10
2804,fam:Windows,fam:Windows,fam:Windows|fam:macOS,maj:Windows_10,maj:Windows_10,maj:Windows_10|maj:macOS_10,leaf:Windows_10,leaf:Windows_10,leaf:Windows_10|leaf:macOS_10_12.0
2805,fam:Windows,fam:Windows,fam:Windows,maj:Windows_10,maj:Windows_10,maj:Windows_10|maj:Windows_7,leaf:Windows_10,leaf:Windows_10,leaf:Windows_10|leaf:Windows_7
2806,fam:Windows,fam:Windows,fam:Windows,maj:Windows_10,maj:Windows_10,maj:Windows_10,leaf:Windows_10,leaf:Windows_10,leaf:Windows_10
2807,fam:Windows,fam:Windows,fam:Windows,maj:Windows_10,maj:Windows_10,maj:Windows_10,leaf:Windows_10,leaf:Windows_10,leaf:Windows_10
2808,fam:Windows,fam:Windows,fam:Windows,maj:Windows_10,maj:Windows_10,maj:Windows_10,leaf:Windows_10,leaf:Windows_10,leaf:Windows_10
2810,fam:Windows,fam:Windows,fam:Windows,maj:Windows_10,maj:Windows_10,maj:Windows_10,leaf:Windows_10,leaf:Windows_10,leaf:Windows_10
2812,fam:Windows,fam:Windows,fam:Windows,maj:Windows_10,maj:Windows_10,maj:Windows_10,leaf:Windows_10,leaf:Windows_10,leaf:Windows_10
2815,fam:Windows,fam:Windows,fam:Windows|fam:macOS,maj:Windows_10,maj:Windows_10,maj:Windows_10|maj:Windows_7|maj:Windows_8|maj:Windows_XP|maj:macOS_10,leaf:Windows_10,leaf:Windows_10,leaf:Windows_10|leaf:Windows_7|leaf:Windows_8_1.0|leaf:Windows_8_OTHER|leaf:Windows_XP|leaf:macOS_10_10.0|leaf:macOS_10_11.0|leaf:macOS_10_13.0|leaf:macOS_10_8.0
2817,fam:Windows,fam:Windows,fam:Windows,maj:Windows_10,maj:Windows_10,maj:Windows_10,leaf:Windows_10,leaf:Windows_10,leaf:Windows_10
2819,fam:Windows,fam:Windows,fam:Windows,maj:Windows_10,maj:Windows_10,maj:Windows_10|maj:Windows_7,leaf:Windows_10,leaf:Windows_10,leaf:Windows_10|leaf:Windows_7
2821,fam:Windows,fam:Windows,fam:Windows,maj:Windows_10,maj:Windows_10,maj:Windows_10,leaf:Windows_10,leaf:Windows_10,leaf:Windows_10
2824,fam:Windows,fam:Windows,fam:Windows,maj:Windows_10,maj:Windows_10,maj:Windows_10,leaf:Windows_10,leaf:Windows_10,leaf:Windows_10
2825,fam:Windows,fam:Windows,fam:Android|fam:Windows,maj:Windows_10,maj:Windows_10,maj:Android_6|maj:Windows_10|maj:Windows_XP,leaf:Windows_10,leaf:Windows_10,leaf:Android_6_0.0|leaf:Windows_10|leaf:Windows_XP
2826,fam:Windows,fam:Windows,fam:Windows,maj:Windows_10,maj:Windows_10,maj:Windows_10|maj:Windows_7,leaf:Windows_10,leaf:Windows_10,leaf:Windows_10|leaf:Windows_7
2827,fam:Windows,fam:Windows,fam:Windows,maj:Windows_10,maj:Windows_10,maj:Windows_10,leaf:Windows_10,leaf:Windows_10,leaf:Windows_10
2832,fam:Windows,fam:Windows,fam:Windows,maj:Windows_10,maj:Windows_10,maj:Windows_10,leaf:Windows_10,leaf:Windows_10,leaf:Windows_10
2837,fam:Windows,fam:Windows,fam:Windows|fam:macOS,maj:Windows_10,maj:Windows_10,maj:Windows_10|maj:Windows_7|maj:Windows_8|maj:macOS_10,leaf:Windows_10,leaf:Windows_10,leaf:Windows_10|leaf:Windows_7|leaf:Windows_8_OTHER|leaf:macOS_10_10.0|leaf:macOS_10_9.0
2839,fam:Windows,fam:Windows,fam:Windows,maj:Windows_10,maj:Windows_10,maj:Windows_10,leaf:Windows_10,leaf:Windows_10,leaf:Windows_10
2841,fam:Windows,fam:Windows,fam:Windows,maj:Windows_10,maj:Windows_10,maj:Windows_10,leaf:Windows_10,leaf:Windows_10,leaf:Windows_10
2842,fam:Windows,fam:Windows,fam:Windows,maj:Windows_10,maj:Windows_10,maj:Windows_10,leaf:Windows_10,leaf:Windows_10,leaf:Windows_10
2843,fam:Windows,fam:Windows,fam:Windows,maj:Windows_10,maj:Windows_10,maj:Windows_10,leaf:Windows_10,leaf:Windows_10,leaf:Windows_10
2847,fam:Windows,fam:Windows,fam:Windows,maj:Windows_10,maj:Windows_10,maj:Windows_10,leaf:Windows_10,leaf:Windows_10,leaf:Windows_10
2850,fam:Windows,fam:Windows,fam:Windows,maj:Windows_10,maj:Windows_10,maj:Windows_10,leaf:Windows_10,leaf:Windows_10,leaf:Windows_10
2853,fam:Windows,fam:Windows,fam:Windows,maj:Windows_10,maj:Windows_10,maj:Windows_10|maj:Windows_8,leaf:Windows_10,leaf:Windows_10,leaf:Windows_10|leaf:Windows_8_OTHER
2855,fam:Windows,fam:Windows,fam:Windows,maj:Windows_10,maj:Windows_10,maj:Windows_10,leaf:Windows_10,leaf:Windows_10,leaf:Windows_10
2857,fam:Windows,fam:Windows,fam:Windows,maj:Windows_10,maj:Windows_10,maj:Windows_10,leaf:Windows_10,leaf:Windows_10,leaf:Windows_10
2859,fam:Windows,fam:Windows,fam:Windows,maj:Windows_10,maj:Windows_10,maj:Windows_10,leaf:Windows_10,leaf:Windows_10,leaf:Windows_10
2860,fam:Windows,fam:Windows,fam:Android|fam:Linux|fam:Windows,maj:Windows_10,maj:Windows_10,maj:Android_10|maj:Android_5|maj:Android_6|maj:Android_7|maj:Android_8|maj:Android_9|maj:Linux_OTHER|maj:Windows_10|maj:Windows_7,leaf:Windows_10,leaf:Windows_10,leaf:Android_10|leaf:Android_5_1.0|leaf:Android_6_0.0|leaf:Android_7_0.0|leaf:Android_7_1.0|leaf:Android_8_0.0|leaf:Android_8_1.0|leaf:Android_9|leaf:Linux_OTHER|leaf:Windows_10|leaf:Windows_7
2862,fam:Windows,fam:Windows,fam:Windows,maj:Windows_10,maj:Windows_10,maj:Windows_10,leaf:Windows_10,leaf:Windows_10,leaf:Windows_10
2863,fam:Windows,fam:Windows,fam:Windows,maj:Windows_10,maj:Windows_10,maj:Windows_10,leaf:Windows_10,leaf:Windows_10,leaf:Windows_10
2864,fam:Windows,fam:Windows,fam:Windows,maj:Windows_10,maj:Windows_10,maj:Windows_10,leaf:Windows_10,leaf:Windows_10,leaf:Windows_10
2868,fam:Windows,fam:Windows,fam:Windows,maj:Windows_10,maj:Windows_10,maj:Windows_10|maj:Windows_8,leaf:Windows_10,leaf:Windows_10,leaf:Windows_10|leaf:Windows_8_OTHER
2869,fam:Windows,fam:Windows,fam:Windows,maj:Windows_10,maj:Windows_10,maj:Windows_10,leaf:Windows_10,leaf:Windows_10,leaf:Windows_10
2870,fam:Windows,fam:Windows,fam:Windows,maj:Windows_10,maj:Windows_10,maj:Windows_10|maj:Windows_8,leaf:Windows_10,leaf:Windows_10,leaf:Windows_10|leaf:Windows_8_OTHER
2872,fam:Windows,fam:Windows,fam:Linux|fam:Windows,maj:Windows_10,maj:Windows_10,maj:Linux_OTHER|maj:Windows_10|maj:Windows_7|maj:Windows_8,leaf:Windows_10,leaf:Windows_10,leaf:Linux_OTHER|leaf:Windows_10|leaf:Windows_7|leaf:Windows_8_1.0
2873,fam:Windows,fam:Windows,fam:Windows,maj:Windows_10,maj:Windows_10,maj:Windows_10,leaf:Windows_10,leaf:Windows_10,leaf:Windows_10
2883,fam:Windows,fam:Windows,fam:Windows,maj:Windows_10,maj:Windows_10,maj:Windows_10,leaf:Windows_10,leaf:Windows_10,leaf:Windows_10
2884,fam:Windows,fam:Windows,fam:Linux|fam:Windows,maj:Windows_10,maj:Windows_7,maj:Linux_OTHER|maj:Linux_Ubuntu|maj:Windows_10|maj:Windows_7|maj:Windows_8,leaf:Windows_10,leaf:Linux_OTHER,leaf:Linux_OTHER|leaf:Linux_Ubuntu|leaf:Windows_10|leaf:Windows_7|leaf:Windows_8_1.0
2885,fam:Windows,fam:Windows,fam:Windows,maj:Windows_10,maj:Windows_10,maj:Windows_10,leaf:Windows_10,leaf:Windows_10,leaf:Windows_10
2886,fam:Windows,fam:Windows,fam:Windows|fam:macOS,maj:Windows_10,maj:macOS_10,maj:Windows_10|maj:macOS_10,leaf:Windows_10,leaf:Windows_10,leaf:Windows_10|leaf:macOS_10_12.0|leaf:macOS_10_13.0|leaf:macOS_10_8.0
2887,fam:Windows,fam:Windows,fam:Windows,maj:Windows_10,maj:Windows_10,maj:Windows_10,leaf:Windows_10,leaf:Windows_10,leaf:Windows_10
2892,fam:Windows,fam:Windows,fam:Windows,maj:Windows_10,maj:Windows_10,maj:Windows_10,leaf:Windows_10,leaf:Windows_10,leaf:Windows_10
2893,fam:Windows,fam:Windows,fam:Windows,maj:Windows_10,maj:Windows_10,maj:Windows_10|maj:Windows_8,leaf:Windows_10,leaf:Windows_10,leaf:Windows_10|leaf:Windows_8_OTHER
2895,fam:Windows,fam:Windows,fam:Windows,maj:Windows_10,maj:Windows_10,maj:Windows_10,leaf:Windows_10,leaf:Windows_10,leaf:Windows_10
2897,fam:Windows,fam:Windows,fam:Windows,maj:Windows_10,maj:Windows_10,maj:Windows_10,leaf:Windows_10,leaf:Windows_10,leaf:Windows_10
2898,fam:Windows,fam:Windows,fam:Windows,maj:Windows_10,maj:Windows_10,maj:Windows_10,leaf:Windows_10,leaf:Windows_10,leaf:Windows_10
2903,fam:Windows,fam:Windows,fam:Windows,maj:Windows_10,maj:Windows_10,maj:Windows_10,leaf:Windows_10,leaf:Windows_10,leaf:Windows_10
2906,fam:Windows,fam:Windows,fam:Windows,maj:Windows_10,maj:Windows_10,maj:Windows_10,leaf:Windows_10,leaf:Windows_10,leaf:Windows_10
2908,fam:Windows,fam:Windows,fam:Windows,maj:Windows_10,maj:Windows_10,maj:Windows_10|maj:Windows_8,leaf:Windows_10,leaf:Windows_10,leaf:Windows_10|leaf:Windows_8_OTHER
2911,fam:Windows,fam:Windows,fam:Windows,maj:Windows_10,maj:Windows_10,maj:Windows_10,leaf:Windows_10,leaf:Windows_10,leaf:Windows_10
2914,fam:Windows,fam:Windows,fam:Windows,maj:Windows_10,maj:Windows_10,maj:Windows_10,leaf:Windows_10,leaf:Windows_10,leaf:Windows_10
2915,fam:Windows,fam:Windows,fam:Windows,maj:Windows_10,maj:Windows_10,maj:Windows_10|maj:Windows_8,leaf:Windows_10,leaf:Windows_10,leaf:Windows_10|leaf:Windows_8_1.0
2918,fam:Windows,fam:Windows,fam:Windows,maj:Windows_10,maj:Windows_10,maj:Windows_10,leaf:Windows_10,leaf:Windows_10,leaf:Windows_10
2921,fam:Windows,fam:Windows,fam:Windows,maj:Windows_10,maj:Windows_10,maj:Windows_10,leaf:Windows_10,leaf:Windows_10,leaf:Windows_10
2922,fam:Windows,fam:Windows,fam:Windows,maj:Windows_10,maj:Windows_10,maj:Windows_10|maj:Windows_8,leaf:Windows_10,leaf:Windows_10,leaf:Windows_10|leaf:Windows_8_OTHER
2923,fam:Windows,fam:Windows,fam:Windows,maj:Windows_10,maj:Windows_8,maj:Windows_7|maj:Windows_8,leaf:Windows_10,leaf:Windows_8_1.0,leaf:Windows_7|leaf:Windows_8_1.0|leaf:Windows_8_OTHER
2925,fam:Windows,fam:Windows,fam:Windows,maj:Windows_10,maj:Windows_10,maj:Windows_10,leaf:Windows_10,leaf:Windows_10,leaf:Windows_10
2927,fam:Windows,fam:Windows,fam:Windows,maj:Windows_10,maj:Windows_10,maj:Windows_10,leaf:Windows_10,leaf:Windows_10,leaf:Windows_10
2929,fam:Windows,fam:Windows,fam:Windows,maj:Windows_10,maj:Windows_10,maj:Windows_10|maj:Windows_8,leaf:Windows_10,leaf:Windows_10,leaf:Windows_10|leaf:Windows_8_1.0|leaf:Windows_8_OTHER
2933,fam:Windows,fam:Windows,fam:Windows,maj:Windows_10,maj:Windows_10,maj:Windows_10,leaf:Windows_10,leaf:Windows_10,leaf:Windows_10
2934,fam:Windows,fam:Windows,fam:Windows,maj:Windows_10,maj:Windows_10,maj:Windows_10,leaf:Windows_10,leaf:Windows_10,leaf:Windows_10
2938,fam:Windows,fam:Windows,fam:Windows,maj:Windows_10,maj:Windows_10,maj:Windows_10,leaf:Windows_10,leaf:Windows_10,leaf:Windows_10
2940,fam:Windows,fam:Windows,fam:Windows,maj:Windows_10,maj:Windows_10,maj:Windows_10|maj:Windows_8,leaf:Windows_10,leaf:Windows_10,leaf:Windows_10|leaf:Windows_8_OTHER
2941,fam:Windows,fam:Windows,fam:Windows,maj:Windows_10,maj:Windows_10,maj:Windows_10,leaf:Windows_10,leaf:Windows_10,leaf:Windows_10
2942,fam:Windows,fam:Windows,fam:Windows,maj:Windows_10,maj:Windows_10,maj:Windows_10|maj:Windows_8,leaf:Windows_10,leaf:Windows_10,leaf:Windows_10|leaf:Windows_8_OTHER
2945,fam:Windows,fam:Windows,fam:Windows,maj:Windows_10,maj:Windows_10,maj:Windows_10,leaf:Windows_10,leaf:Windows_10,leaf:Windows_10
2946,fam:Windows,fam:Windows,fam:Windows,maj:Windows_10,maj:Windows_10,maj:Windows_10,leaf:Windows_10,leaf:Windows_10,leaf:Windows_10
2952,fam:Windows,fam:Windows,fam:Windows,maj:Windows_10,maj:Windows_10,maj:Windows_10,leaf:Windows_10,leaf:Windows_10,leaf:Windows_10
2954,fam:Windows,fam:Windows,fam:Windows,maj:Windows_10,maj:Windows_10,maj:Windows_10,leaf:Windows_10,leaf:Windows_10,leaf:Windows_10
2955,fam:Windows,fam:Windows,fam:Windows,maj:Windows_10,maj:Windows_10,maj:Windows_10,leaf:Windows_10,leaf:Windows_10,leaf:Windows_10
2956,fam:Windows,fam:Windows,fam:Windows,maj:Windows_10,maj:Windows_10,maj:Windows_10,leaf:Windows_10,leaf:Windows_10,leaf:Windows_10
2958,fam:Windows,fam:Windows,fam:Linux|fam:Windows|fam:macOS,maj:Windows_10,maj:Windows_10,maj:Linux_OTHER|maj:Linux_Ubuntu|maj:Windows_10|maj:Windows_7|maj:macOS_10,leaf:Windows_10,leaf:macOS_10_15.0,leaf:Linux_OTHER|leaf:Linux_Ubuntu|leaf:Windows_10|leaf:Windows_7|leaf:macOS_10_14.0|leaf:macOS_10_15.0
2959,fam:Windows,fam:Windows,fam:Android|fam:Linux|fam:Windows,maj:Windows_10,maj:Windows_10,maj:Android_4|maj:Android_8|maj:Android_9|maj:Linux_OTHER|maj:Linux_Ubuntu|maj:Windows_10|maj:Windows_7,leaf:Windows_10,leaf:Linux_OTHER,leaf:Android_4_2.0|leaf:Android_8_0.0|leaf:Android_9|leaf:Linux_OTHER|leaf:Linux_Ubuntu|leaf:Windows_10|leaf:Windows_7
2961,fam:Windows,fam:Windows,fam:Windows,maj:Windows_10,maj:Windows_10,maj:Windows_10,leaf:Windows_10,leaf:Windows_10,leaf:Windows_10
2962,fam:Windows,fam:Windows,fam:Windows,maj:Windows_10,maj:Windows_10,maj:Windows_10,leaf:Windows_10,leaf:Windows_10,leaf:Windows_10
2963,fam:Windows,fam:Windows,fam:Windows,maj:Windows_10,maj:Windows_10,maj:Windows_10,leaf:Windows_10,leaf:Windows_10,leaf:Windows_10
2964,fam:Windows,fam:Windows,fam:Windows,maj:Windows_10,maj:Windows_10,maj:Windows_10,leaf:Windows_10,leaf:Windows_10,leaf:Windows_10
2965,fam:Windows,fam:Windows,fam:Windows,maj:Windows_10,maj:Windows_10,maj:Windows_10,leaf:Windows_10,leaf:Windows_10,leaf:Windows_10
2966,fam:Windows,fam:Windows,fam:Windows,maj:Windows_10,maj:Windows_10,maj:Windows_10,leaf:Windows_10,leaf:Windows_10,leaf:Windows_10
2969,fam:Windows,fam:Windows,fam:Windows,maj:Windows_10,maj:Windows_10,maj:Windows_10,leaf:Windows_10,leaf:Windows_10,leaf:Windows_10
2973,fam:Windows,fam:Windows,fam:Windows,maj:Windows_10,maj:Windows_10,maj:Windows_10,leaf:Windows_10,leaf:Windows_10,leaf:Windows_10
2977,fam:Windows,fam:Windows,fam:Windows,maj:Windows_10,maj:Windows_10,maj:Windows_10|maj:Windows_8,leaf:Windows_10,leaf:Windows_10,leaf:Windows_10|leaf:Windows_8_OTHER
2981,fam:Windows,fam:Windows,fam:Windows,maj:Windows_10,maj:Windows_10,maj:Windows_10,leaf:Windows_10,leaf:Windows_10,leaf:Windows_10
2989,fam:Windows,fam:Windows,fam:Windows,maj:Windows_10,maj:Windows_10,maj:Windows_10,leaf:Windows_10,leaf:Windows_10,leaf:Windows_10
2991,fam:Windows,fam:Windows,fam:Windows,maj:Windows_10,maj:Windows_10,maj:Windows_10,leaf:Windows_10,leaf:Windows_10,leaf:Windows_10
2992,fam:Windows,fam:Windows,fam:Windows,maj:Windows_10,maj:Windows_10,maj:Windows_10,leaf:Windows_10,leaf:Windows_10,leaf:Windows_10
2994,fam:Windows,fam:Windows,fam:Windows,maj:Windows_10,maj:Windows_10,maj:Windows_10|maj:Windows_8,leaf:Windows_10,leaf:Windows_10,leaf:Windows_10|leaf:Windows_8_OTHER
2997,fam:Windows,fam:Windows,fam:Windows,maj:Windows_10,maj:Windows_10,maj:Windows_10,leaf:Windows_10,leaf:Windows_10,leaf:Windows_10
2998,fam:Windows,fam:Windows,fam:Windows,maj:Windows_10,maj:Windows_10,maj:Windows_10|maj:Windows_8,leaf:Windows_10,leaf:Windows_10,leaf:Windows_10|leaf:Windows_8_OTHER
2999,fam:Windows,fam:Windows,fam:Windows,maj:Windows_10,maj:Windows_10,maj:Windows_10,leaf:Windows_10,leaf:Windows_10,leaf:Windows_10
3001,fam:Windows,fam:Windows,fam:Windows,maj:Windows_10,maj:Windows_10,maj:Windows_10,leaf:Windows_10,leaf:Windows_10,leaf:Windows_10
3002,fam:Windows,fam:Windows,fam:Windows,maj:Windows_10,maj:Windows_10,maj:Windows_10,leaf:Windows_10,leaf:Windows_10,leaf:Windows_10
3003,fam:Windows,fam:Windows,fam:Linux|fam:Windows,maj:Windows_10,maj:Windows_10,maj:Linux_OTHER|maj:Windows_10,leaf:Windows_10,leaf:Windows_10,leaf:Linux_OTHER|leaf:Windows_10
3004,fam:Windows,fam:Windows,fam:Windows,maj:Windows_10,maj:Windows_10,maj:Windows_10,leaf:Windows_10,leaf:Windows_10,leaf:Windows_10
3005,fam:Windows,fam:Windows,fam:Windows,maj:Windows_10,maj:Windows_10,maj:Windows_10,leaf:Windows_10,leaf:Windows_10,leaf:Windows_10
3006,fam:Windows,fam:Windows,fam:Windows,maj:Windows_10,maj:Windows_10,maj:Windows_10,leaf:Windows_10,leaf:Windows_10,leaf:Windows_10
3007,fam:Windows,fam:Windows,fam:Windows,maj:Windows_10,maj:Windows_10,maj:Windows_10|maj:Windows_8,leaf:Windows_10,leaf:Windows_10,leaf:Windows_10|leaf:Windows_8_1.0
3008,fam:Windows,fam:Windows,fam:Windows,maj:Windows_10,maj:Windows_10,maj:Windows_10,leaf:Windows_10,leaf:Windows_10,leaf:Windows_10
3009,fam:Windows,fam:Windows,fam:Windows,maj:Windows_10,maj:Windows_10,maj:Windows_10,leaf:Windows_10,leaf:Windows_10,leaf:Windows_10
3010,fam:Windows,fam:Windows,fam:Windows,maj:Windows_10,maj:Windows_10,maj:Windows_10,leaf:Windows_10,leaf:Windows_10,leaf:Windows_10
3014,fam:Windows,fam:Windows,fam:Windows,maj:Windows_10,maj:Windows_10,maj:Windows_10,leaf:Windows_10,leaf:Windows_10,leaf:Windows_10
3015,fam:Windows,fam:Windows,fam:Windows,maj:Windows_10,maj:Windows_10,maj:Windows_10,leaf:Windows_10,leaf:Windows_10,leaf:Windows_10
3018,fam:Windows,fam:Windows,fam:Windows,maj:Windows_10,maj:Windows_10,maj:Windows_10,leaf:Windows_10,leaf:Windows_10,leaf:Windows_10
3020,fam:Windows,fam:Windows,fam:Windows,maj:Windows_10,maj:Windows_10,maj:Windows_10,leaf:Windows_10,leaf:Windows_10,leaf:Windows_10
3022,fam:Windows,fam:Windows,fam:Windows,maj:Windows_10,maj:Windows_10,maj:Windows_10,leaf:Windows_10,leaf:Windows_10,leaf:Windows_10
3026,fam:Windows,fam:Windows,fam:Windows,maj:Windows_10,maj:Windows_10,maj:Windows_10|maj:Windows_8,leaf:Windows_10,leaf:Windows_10,leaf:Windows_10|leaf:Windows_8_OTHER
3027,fam:Windows,fam:Windows,fam:Windows,maj:Windows_10,maj:Windows_10,maj:Windows_10,leaf:Windows_10,leaf:Windows_10,leaf:Windows_10
3028,fam:Windows,fam:Windows,fam:Windows,maj:Windows_10,maj:Windows_10,maj:Windows_10,leaf:Windows_10,leaf:Windows_10,leaf:Windows_10
3029,fam:Windows,fam:Android,fam:Android|fam:Linux,maj:Windows_10,maj:Linux_OTHER,maj:Android_10|maj:Android_7|maj:Android_8|maj:Android_9|maj:Linux_OTHER|maj:Linux_Ubuntu,leaf:Windows_10,leaf:Android_8_0.0,leaf:Android_10|leaf:Android_7_0.0|leaf:Android_8_0.0|leaf:Android_8_1.0|leaf:Android_9|leaf:Linux_OTHER|leaf:Linux_Ubuntu
3030,fam:Windows,fam:Windows,fam:Windows,maj:Windows_10,maj:Windows_10,maj:Windows_10|maj:Windows_8,leaf:Windows_10,leaf:Windows_10,leaf:Windows_10|leaf:Windows_8_OTHER
3031,fam:Windows,fam:Windows,fam:Linux|fam:Windows,maj:Windows_10,maj:Windows_10,maj:Linux_OTHER|maj:Windows_10,leaf:Windows_10,leaf:Windows_10,leaf:Linux_OTHER|leaf:Windows_10
3032,fam:Windows,fam:Windows,fam:Windows,maj:Windows_10,maj:Windows_10,maj:Windows_10,leaf:Windows_10,leaf:Windows_10,leaf:Windows_10
3036,fam:Windows,fam:Windows,fam:Windows,maj:Windows_10,maj:Windows_10,maj:Windows_10,leaf:Windows_10,leaf:Windows_10,leaf:Windows_10
3037,fam:Windows,fam:Windows,fam:Windows,maj:Windows_10,maj:Windows_10,maj:Windows_10,leaf:Windows_10,leaf:Windows_10,leaf:Windows_10
3040,fam:Windows,fam:Windows,fam:Android|fam:Windows,maj:Windows_10,maj:Windows_10,maj:Android_5|maj:Android_6|maj:Android_7|maj:Windows_10|maj:Windows_XP,leaf:Windows_10,leaf:Android_5_1.0,leaf:Android_5_1.0|leaf:Android_6_0.0|leaf:Android_7_0.0|leaf:Android_7_1.0|leaf:Windows_10|leaf:Windows_XP
3043,fam:Windows,fam:Windows,fam:Windows,maj:Windows_10,maj:Windows_10,maj:Windows_10,leaf:Windows_10,leaf:Windows_10,leaf:Windows_10
3044,fam:Windows,fam:Windows,fam:Windows,maj:Windows_10,maj:Windows_10,maj:Windows_10,leaf:Windows_10,leaf:Windows_10,leaf:Windows_10
3045,fam:Windows,fam:Windows,fam:Windows,maj:Windows_10,maj:Windows_10,maj:Windows_10,leaf:Windows_10,leaf:Windows_10,leaf:Windows_10
3047,fam:Windows,fam:macOS,fam:Android|fam:Linux|fam:Windows|fam:iOS|fam:macOS,maj:Windows_10,maj:Windows_Vista,maj:Android_4|maj:Android_9|maj:Linux_OTHER|maj:Linux_Ubuntu|maj:Windows_Vista|maj:iOS_12|maj:macOS_10,leaf:Windows_10,leaf:Windows_Vista,leaf:Android_4_0.0|leaf:Android_9|leaf:Linux_OTHER|leaf:Linux_Ubuntu|leaf:Windows_Vista|leaf:iOS_12_2.0|leaf:iOS_12_3.0|leaf:iOS_12_4.0|leaf:macOS_10_13.0|leaf:macOS_10_14.0
3048,fam:Windows,fam:Windows,fam:Windows,maj:Windows_10,maj:Windows_10,maj:Windows_10,leaf:Windows_10,leaf:Windows_10,leaf:Windows_10
3052,fam:Windows,fam:Windows,fam:Windows,maj:Windows_10,maj:Windows_10,maj:Windows_10|maj:Windows_7,leaf:Windows_10,leaf:Windows_10,leaf:Windows_10|leaf:Windows_7
3054,fam:Windows,fam:Windows,fam:Android|fam:Linux|fam:Windows,maj:Windows_10,maj:Windows_10,maj:Android_10|maj:Android_5|maj:Android_6|maj:Android_7|maj:Android_8|maj:Android_9|maj:Linux_OTHER|maj:Windows_10|maj:Windows_7,leaf:Windows_10,leaf:Windows_10,leaf:Android_10|leaf:Android_5_1.0|leaf:Android_6_0.0|leaf:Android_7_0.0|leaf:Android_7_1.0|leaf:Android_8_0.0|leaf:Android_8_1.0|leaf:Android_9|leaf:Linux_OTHER|leaf:Windows_10|leaf:Windows_7
3055,fam:Windows,fam:Windows,fam:Windows,maj:Windows_10,maj:Windows_10,maj:Windows_10,leaf:Windows_10,leaf:Windows_10,leaf:Windows_10
3058,fam:Windows,fam:Windows,fam:Windows,maj:Windows_10,maj:Windows_10,maj:Windows_10,leaf:Windows_10,leaf:Windows_10,leaf:Windows_10
3059,fam:Windows,fam:Windows,fam:Android|fam:Linux|fam:Windows|fam:macOS,maj:Windows_10,maj:Windows_10,maj:Android_8|maj:Android_9|maj:Linux_OTHER|maj:Windows_10|maj:macOS_10,leaf:Windows_10,leaf:Windows_10,leaf:Android_8_0.0|leaf:Android_8_1.0|leaf:Android_9|leaf:Linux_OTHER|leaf:Windows_10|leaf:macOS_10_14.0|leaf:macOS_10_15.0
3060,fam:Windows,fam:Windows,fam:Windows,maj:Windows_10,maj:Windows_10,maj:Windows_10,leaf:Windows_10,leaf:Windows_10,leaf:Windows_10
3062,fam:Windows,fam:Windows,fam:Android|fam:Windows,maj:Windows_10,maj:Windows_10,maj:Android_6|maj:Android_8|maj:Android_9|maj:Windows_10,leaf:Windows_10,leaf:Windows_10,leaf:Android_6_0.0|leaf:Android_8_1.0|leaf:Android_9|leaf:Windows_10
3063,fam:Windows,fam:Windows,fam:Windows,maj:Windows_10,maj:Windows_10,maj:Windows_10,leaf:Windows_10,leaf:Windows_10,leaf:Windows_10
3065,fam:Windows,fam:Windows,fam:Windows,maj:Windows_10,maj:Windows_10,maj:Windows_10,leaf:Windows_10,leaf:Windows_10,leaf:Windows_10
3066,fam:Windows,fam:Windows,fam:Windows,maj:Windows_10,maj:Windows_10,maj:Windows_10,leaf:Windows_10,leaf:Windows_10,leaf:Windows_10
3068,fam:Windows,fam:Windows,fam:Windows,maj:Windows_10,maj:Windows_10,maj:Windows_10,leaf:Windows_10,leaf:Windows_10,leaf:Windows_10
3072,fam:Windows,fam:Windows,fam:Windows,maj:Windows_10,maj:Windows_10,maj:Windows_10,leaf:Windows_10,leaf:Windows_10,leaf:Windows_10
3074,fam:Windows,fam:Windows,fam:Windows,maj:Windows_10,maj:Windows_8,maj:Windows_10|maj:Windows_7|maj:Windows_8,leaf:Windows_10,leaf:Windows_8_1.0,leaf:Windows_10|leaf:Windows_7|leaf:Windows_8_1.0|leaf:Windows_8_OTHER
3076,fam:Windows,fam:Windows,fam:Windows,maj:Windows_10,maj:Windows_10,maj:Windows_10,leaf:Windows_10,leaf:Windows_10,leaf:Windows_10
3077,fam:Windows,fam:Windows,fam:Windows,maj:Windows_10,maj:Windows_10,maj:Windows_10,leaf:Windows_10,leaf:Windows_10,leaf:Windows_10
3079,fam:Windows,fam:Windows,fam:Windows,maj:Windows_10,maj:Windows_10,maj:Windows_10,leaf:Windows_10,leaf:Windows_10,leaf:Windows_10
3080,fam:Windows,fam:Windows,fam:Windows,maj:Windows_10,maj:Windows_10,maj:Windows_10,leaf:Windows_10,leaf:Windows_10,leaf:Windows_10
3081,fam:Windows,fam:Windows,fam:Android|fam:Linux|fam:Windows,maj:Windows_10,maj:Windows_10,maj:Android_6|maj:Android_7|maj:Linux_OTHER|maj:Windows_10,leaf:Windows_10,leaf:Windows_10,leaf:Android_6_0.0|leaf:Android_7_0.0|leaf:Linux_OTHER|leaf:Windows_10
3082,fam:Windows,fam:Windows,fam:Windows,maj:Windows_10,maj:Windows_10,maj:Windows_10|maj:Windows_8,leaf:Windows_10,leaf:Windows_10,leaf:Windows_10|leaf:Windows_8_OTHER
3085,fam:Windows,fam:Windows,fam:Windows,maj:Windows_10,maj:Windows_10,maj:Windows_10|maj:Windows_8,leaf:Windows_10,leaf:Windows_10,leaf:Windows_10|leaf:Windows_8_OTHER
3089,fam:Windows,fam:Windows,fam:Windows,maj:Windows_10,maj:Windows_10,maj:Windows_10,leaf:Windows_10,leaf:Windows_10,leaf:Windows_10
3091,fam:Windows,fam:Windows,fam:Windows,maj:Windows_10,maj:Windows_10,maj:Windows_10,leaf:Windows_10,leaf:Windows_10,leaf:Windows_10
3094,fam:Windows,fam:Windows,fam:Windows,maj:Windows_10,maj:Windows_10,maj:Windows_10,leaf:Windows_10,leaf:Windows_10,leaf:Windows_10
3095,fam:Windows,fam:Windows,fam:Windows,maj:Windows_10,maj:Windows_8,maj:Windows_7|maj:Windows_8,leaf:Windows_10,leaf:Windows_8_1.0,leaf:Windows_7|leaf:Windows_8_1.0|leaf:Windows_8_OTHER
3096,fam:Windows,fam:Windows,fam:Windows,maj:Windows_10,maj:Windows_10,maj:Windows_10,leaf:Windows_10,leaf:Windows_10,leaf:Windows_10
3099,fam:Windows,fam:Windows,fam:Windows,maj:Windows_10,maj:Windows_10,maj:Windows_10,leaf:Windows_10,leaf:Windows_10,leaf:Windows_10
3101,fam:Windows,fam:Windows,fam:Windows,maj:Windows_10,maj:Windows_10,maj:Windows_10,leaf:Windows_10,leaf:Windows_10,leaf:Windows_10
3102,fam:Windows,fam:Windows,fam:Windows,maj:Windows_10,maj:Windows_10,maj:Windows_10,leaf:Windows_10,leaf:Windows_10,leaf:Windows_10
3103,fam:Windows,fam:Windows,fam:Windows,maj:Windows_10,maj:Windows_10,maj:Windows_10,leaf:Windows_10,leaf:Windows_10,leaf:Windows_10
3107,fam:Windows,fam:Windows,fam:Windows,maj:Windows_10,maj:Windows_10,maj:Windows_10,leaf:Windows_10,leaf:Windows_10,leaf:Windows_10
3110,fam:Windows,fam:Windows,fam:Windows,maj:Windows_10,maj:Windows_10,maj:Windows_10,leaf:Windows_10,leaf:Windows_10,leaf:Windows_10
3111,fam:Windows,fam:Windows,fam:Windows,maj:Windows_10,maj:Windows_10,maj:Windows_10,leaf:Windows_10,leaf:Windows_10,leaf:Windows_10
3112,fam:Windows,fam:Windows,fam:Windows,maj:Windows_10,maj:Windows_10,maj:Windows_10,leaf:Windows_10,leaf:Windows_10,leaf:Windows_10
3113,fam:Windows,fam:Windows,fam:Windows,maj:Windows_10,maj:Windows_10,maj:Windows_10,leaf:Windows_10,leaf:Windows_10,leaf:Windows_10
3115,fam:Windows,fam:Windows,fam:Windows,maj:Windows_10,maj:Windows_10,maj:Windows_10,leaf:Windows_10,leaf:Windows_10,leaf:Windows_10
3119,fam:Windows,fam:Windows,fam:Windows,maj:Windows_10,maj:Windows_10,maj:Windows_10,leaf:Windows_10,leaf:Windows_10,leaf:Windows_10
3122,fam:Windows,fam:Windows,fam:Windows,maj:Windows_10,maj:Windows_10,maj:Windows_10,leaf:Windows_10,leaf:Windows_10,leaf:Windows_10
3126,fam:Windows,fam:Windows,fam:Windows,maj:Windows_10,maj:Windows_10,maj:Windows_7|maj:Windows_8,leaf:Windows_10,leaf:Windows_8_1.0,leaf:Windows_7|leaf:Windows_8_1.0
3127,fam:Windows,fam:Windows,fam:Windows,maj:Windows_10,maj:Windows_10,maj:Windows_10|maj:Windows_8,leaf:Windows_10,leaf:Windows_10,leaf:Windows_10|leaf:Windows_8_1.0
3129,fam:Windows,fam:Windows,fam:Windows,maj:Windows_10,maj:Windows_10,maj:Windows_10,leaf:Windows_10,leaf:Windows_10,leaf:Windows_10
3133,fam:Windows,fam:Windows,fam:Windows,maj:Windows_10,maj:Windows_10,maj:Windows_10,leaf:Windows_10,leaf:Windows_10,leaf:Windows_10
3134,fam:Windows,fam:Windows,fam:Windows,maj:Windows_10,maj:Windows_10,maj:Windows_10,leaf:Windows_10,leaf:Windows_10,leaf:Windows_10
3137,fam:Windows,fam:Windows,fam:Windows,maj:Windows_10,maj:Windows_10,maj:Windows_10,leaf:Windows_10,leaf:Windows_10,leaf:Windows_10
3138,fam:Windows,fam:Windows,fam:Windows,maj:Windows_10,maj:Windows_10,maj:Windows_10,leaf:Windows_10,leaf:Windows_10,leaf:Windows_10
3139,fam:Windows,fam:Windows,fam:Windows,maj:Windows_10,maj:Windows_10,maj:Windows_10,leaf:Windows_10,leaf:Windows_10,leaf:Windows_10
3144,fam:Windows,fam:Windows,fam:Windows,maj:Windows_10,maj:Windows_10,maj:Windows_10,leaf:Windows_10,leaf:Windows_10,leaf:Windows_10
3146,fam:Windows,fam:Windows,fam:Windows,maj:Windows_10,maj:Windows_10,maj:Windows_10,leaf:Windows_10,leaf:Windows_10,leaf:Windows_10
3148,fam:Windows,fam:Windows,fam:Windows,maj:Windows_10,maj:Windows_10,maj:Windows_10,leaf:Windows_10,leaf:Windows_10,leaf:Windows_10
3149,fam:Windows,fam:Windows,fam:Windows,maj:Windows_10,maj:Windows_10,maj:Windows_10,leaf:Windows_10,leaf:Windows_10,leaf:Windows_10
3150,fam:Windows,fam:Windows,fam:Windows,maj:Windows_10,maj:Windows_10,maj:Windows_10,leaf:Windows_10,leaf:Windows_10,leaf:Windows_10
3151,fam:Windows,fam:Windows,fam:Windows,maj:Windows_10,maj:Windows_10,maj:Windows_10,leaf:Windows_10,leaf:Windows_10,leaf:Windows_10
3155,fam:Windows,fam:Windows,fam:Windows,maj:Windows_10,maj:Windows_10,maj:Windows_10,leaf:Windows_10,leaf:Windows_10,leaf:Windows_10
3156,fam:Windows,fam:Windows,fam:Windows,maj:Windows_10,maj:Windows_10,maj:Windows_10|maj:Windows_8,leaf:Windows_10,leaf:Windows_10,leaf:Windows_10|leaf:Windows_8_OTHER
3158,fam:Windows,fam:Windows,fam:Windows|fam:iOS,maj:Windows_10,maj:Windows_10,maj:Windows_10|maj:iOS_10,leaf:Windows_10,leaf:Windows_10,leaf:Windows_10|leaf:iOS_10_3.0
3161,fam:Windows,fam:Windows,fam:Windows,maj:Windows_10,maj:Windows_10,maj:Windows_10,leaf:Windows_10,leaf:Windows_10,leaf:Windows_10
3163,fam:Windows,fam:Windows,fam:Windows,maj:Windows_10,maj:Windows_10,maj:Windows_10,leaf:Windows_10,leaf:Windows_10,leaf:Windows_10
3165,fam:Windows,fam:Windows,fam:Windows,maj:Windows_10,maj:Windows_10,maj:Windows_10,leaf:Windows_10,leaf:Windows_10,leaf:Windows_10
3167,fam:Windows,fam:Windows,fam:Windows,maj:Windows_10,maj:Windows_10,maj:Windows_10,leaf:Windows_10,leaf:Windows_10,leaf:Windows_10
3168,fam:Windows,fam:Linux,fam:Linux|fam:Windows,maj:Windows_10,maj:Linux_OTHER,maj:Linux_OTHER|maj:Linux_Ubuntu|maj:Windows_10|maj:Windows_7|maj:Windows_8,leaf:Windows_10,leaf:Linux_OTHER,leaf:Linux_OTHER|leaf:Linux_Ubuntu|leaf:Windows_10|leaf:Windows_7|leaf:Windows_8_1.0
3169,fam:Windows,fam:Windows,fam:Windows,maj:Windows_10,maj:Windows_10,maj:Windows_10,leaf:Windows_10,leaf:Windows_10,leaf:Windows_10
3172,fam:Windows,fam:Windows,fam:Windows,maj:Windows_10,maj:Windows_10,maj:Windows_10,leaf:Windows_10,leaf:Windows_10,leaf:Windows_10
3173,fam:Windows,fam:Windows,fam:Windows,maj:Windows_10,maj:Windows_10,maj:Windows_10,leaf:Windows_10,leaf:Windows_10,leaf:Windows_10
3174,fam:Windows,fam:Windows,fam:Windows,maj:Windows_10,maj:Windows_10,maj:Windows_10,leaf:Windows_10,leaf:Windows_10,leaf:Windows_10
3176,fam:Windows,fam:Windows,fam:Windows,maj:Windows_10,maj:Windows_10,maj:Windows_10,leaf:Windows_10,leaf:Windows_10,leaf:Windows_10
3177,fam:Windows,fam:Windows,fam:Windows|fam:macOS,maj:Windows_10,maj:Windows_8,maj:Windows_10|maj:Windows_7|maj:Windows_8|maj:Windows_XP|maj:macOS_10,leaf:Windows_10,leaf:Windows_7,leaf:Windows_10|leaf:Windows_7|leaf:Windows_8_1.0|leaf:Windows_XP|leaf:macOS_10_13.0|leaf:macOS_10_8.0
3178,fam:Windows,fam:Windows,fam:Windows,maj:Windows_10,maj:Windows_10,maj:Windows_10,leaf:Windows_10,leaf:Windows_10,leaf:Windows_10
3179,fam:Windows,fam:Windows,fam:Windows,maj:Windows_10,maj:Windows_10,maj:Windows_10,leaf:Windows_10,leaf:Windows_10,leaf:Windows_10
3180,fam:Windows,fam:Windows,fam:Android|fam:Windows,maj:Windows_10,maj:Android_4,maj:Android_4|maj:Windows_10|maj:Windows_7,leaf:Windows_10,leaf:Android_4_4.0,leaf:Android_4_4.0|leaf:Windows_10|leaf:Windows_7
3181,fam:Windows,fam:Windows,fam:Android|fam:Windows,maj:Windows_10,maj:Windows_10,maj:Android_5|maj:Android_6|maj:Windows_10|maj:Windows_8,leaf:Windows_10,leaf:Windows_10,leaf:Android_5_1.0|leaf:Android_6_0.0|leaf:Windows_10|leaf:Windows_8_1.0
3182,fam:Windows,fam:Windows,fam:Windows,maj:Windows_10,maj:Windows_10,maj:Windows_10|maj:Windows_8,leaf:Windows_10,leaf:Windows_10,leaf:Windows_10|leaf:Windows_8_1.0
3186,fam:Windows,fam:Windows,fam:Windows,maj:Windows_10,maj:Windows_7,maj:Windows_10|maj:Windows_7,leaf:Windows_10,leaf:Windows_7,leaf:Windows_10|leaf:Windows_7
3188,fam:Windows,fam:Windows,fam:Windows,maj:Windows_10,maj:Windows_10,maj:Windows_10,leaf:Windows_10,leaf:Windows_10,leaf:Windows_10
3190,fam:Windows,fam:Windows,fam:Windows,maj:Windows_10,maj:Windows_10,maj:Windows_10,leaf:Windows_10,leaf:Windows_10,leaf:Windows_10
3191,fam:Windows,fam:Windows,fam:Windows,maj:Windows_10,maj:Windows_10,maj:Windows_10,leaf:Windows_10,leaf:Windows_10,leaf:Windows_10
3194,fam:Windows,fam:Windows,fam:Windows|fam:macOS,maj:Windows_10,maj:Windows_10,maj:Windows_10|maj:macOS_10,leaf:Windows_10,leaf:Windows_10,leaf:Windows_10|leaf:macOS_10_12.0
3199,fam:Windows,fam:Windows,fam:Android,maj:Windows_10,maj:Android_4,maj:Android_4|maj:Android_5|maj:Android_7,leaf:Windows_10,leaf:Android_4_4.0,leaf:Android_4_2.0|leaf:Android_4_4.0|leaf:Android_5_1.0|leaf:Android_7_1.0
3204,fam:Windows,fam:Windows,fam:Windows,maj:Windows_10,maj:Windows_10,maj:Windows_10|maj:Windows_7|maj:Windows_8,leaf:Windows_10,leaf:Windows_10,leaf:Windows_10|leaf:Windows_7|leaf:Windows_8_1.0
3205,fam:Windows,fam:Windows,fam:Windows,maj:Windows_10,maj:Windows_10,maj:Windows_10,leaf:Windows_10,leaf:Windows_10,leaf:Windows_10
3207,fam:Windows,fam:Windows,fam:Windows,maj:Windows_10,maj:Windows_10,maj:Windows_10|maj:Windows_8,leaf:Windows_10,leaf:Windows_10,leaf:Windows_10|leaf:Windows_8_OTHER
3208,fam:Windows,fam:Windows,fam:Windows,maj:Windows_10,maj:Windows_10,maj:Windows_10,leaf:Windows_10,leaf:Windows_10,leaf:Windows_10
3210,fam:Windows,fam:Windows,fam:Windows,maj:Windows_10,maj:Windows_10,maj:Windows_10,leaf:Windows_10,leaf:Windows_10,leaf:Windows_10
3213,fam:Windows,fam:Windows,fam:Windows,maj:Windows_10,maj:Windows_10,maj:Windows_10,leaf:Windows_10,leaf:Windows_10,leaf:Windows_10
3215,fam:Windows,fam:Windows,fam:Windows,maj:Windows_10,maj:Windows_10,maj:Windows_10,leaf:Windows_10,leaf:Windows_10,leaf:Windows_10
3216,fam:Windows,fam:Windows,fam:Windows,maj:Windows_10,maj:Windows_10,maj:Windows_10,leaf:Windows_10,leaf:Windows_10,leaf:Windows_10
3221,fam:Windows,fam:Windows,fam:Windows,maj:Windows_10,maj:Windows_10,maj:Windows_10|maj:Windows_8,leaf:Windows_10,leaf:Windows_10,leaf:Windows_10|leaf:Windows_8_OTHER
3222,fam:Windows,fam:Windows,fam:Windows,maj:Windows_10,maj:Windows_10,maj:Windows_10,leaf:Windows_10,leaf:Windows_10,leaf:Windows_10
3224,fam:Windows,fam:Windows,fam:Windows|fam:macOS,maj:Windows_10,maj:Windows_10,maj:Windows_10|maj:Windows_7|maj:Windows_8|maj:macOS_10,leaf:Windows_10,leaf:Windows_10,leaf:Windows_10|leaf:Windows_7|leaf:Windows_8_1.0|leaf:macOS_10_10.0|leaf:macOS_10_12.0
3225,fam:Windows,fam:Windows,fam:Windows,maj:Windows_10,maj:Windows_10,maj:Windows_10,leaf:Windows_10,leaf:Windows_10,leaf:Windows_10
3227,fam:Windows,fam:Windows,fam:Windows,maj:Windows_10,maj:Windows_10,maj:Windows_10,leaf:Windows_10,leaf:Windows_10,leaf:Windows_10
3228,fam:Windows,fam:Windows,fam:Android|fam:Windows|fam:macOS,maj:Windows_10,maj:Windows_10,maj:Android_5|maj:Windows_10|maj:macOS_10,leaf:Windows_10,leaf:Windows_10,leaf:Android_5_1.0|leaf:Windows_10|leaf:macOS_10_11.0
3229,fam:Windows,fam:Windows,fam:Linux|fam:Windows|fam:macOS,maj:Windows_10,maj:Windows_10,maj:Linux_OTHER|maj:Windows_10|maj:Windows_7|maj:Windows_8|maj:macOS_10,leaf:Windows_10,leaf:Windows_10,leaf:Linux_OTHER|leaf:Windows_10|leaf:Windows_7|leaf:Windows_8_1.0|leaf:macOS_10_10.0|leaf:macOS_10_11.0|leaf:macOS_10_12.0|leaf:macOS_10_13.0|leaf:macOS_10_8.0
3230,fam:Windows,fam:Windows,fam:Windows,maj:Windows_10,maj:Windows_10,maj:Windows_10,leaf:Windows_10,leaf:Windows_10,leaf:Windows_10
3234,fam:Windows,fam:Windows,fam:Windows,maj:Windows_10,maj:Windows_10,maj:Windows_10,leaf:Windows_10,leaf:Windows_10,leaf:Windows_10
3235,fam:Windows,fam:Windows,fam:Android|fam:Linux|fam:Windows,maj:Windows_10,maj:Windows_10,maj:Android_4|maj:Android_6|maj:Android_7|maj:Linux_OTHER|maj:Windows_10|maj:Windows_7,leaf:Windows_10,leaf:Android_4_4.0,leaf:Android_4_0.0|leaf:Android_4_4.0|leaf:Android_6_0.0|leaf:Android_7_1.0|leaf:Linux_OTHER|leaf:Windows_10|leaf:Windows_7
3237,fam:Windows,fam:Windows,fam:Android|fam:Windows,maj:Windows_10,maj:Windows_10,maj:Android_6|maj:Android_7|maj:Windows_10|maj:Windows_7,leaf:Windows_10,leaf:Windows_10,leaf:Android_6_0.0|leaf:Android_7_0.0|leaf:Windows_10|leaf:Windows_7
3242,fam:Windows,fam:Windows,fam:Windows,maj:Windows_10,maj:Windows_10,maj:Windows_10|maj:Windows_8,leaf:Windows_10,leaf:Windows_10,leaf:Windows_10|leaf:Windows_8_1.0
3243,fam:Windows,fam:Windows,fam:Windows,maj:Windows_10,maj:Windows_10,maj:Windows_10,leaf:Windows_10,leaf:Windows_10,leaf:Windows_10
3246,fam:Windows,fam:Windows,fam:Windows,maj:Windows_10,maj:Windows_10,maj:Windows_10|maj:Windows_7|maj:Windows_8|maj:Windows_XP,leaf:Windows_10,leaf:Windows_10,leaf:Windows_10|leaf:Windows_7|leaf:Windows_8_OTHER|leaf:Windows_XP
3258,fam:Windows,fam:Windows,fam:Windows,maj:Windows_10,maj:Windows_8,maj:Windows_10|maj:Windows_8,leaf:Windows_10,leaf:Windows_8_1.0,leaf:Windows_10|leaf:Windows_8_1.0
3260,fam:Windows,fam:Windows,fam:Windows,maj:Windows_10,maj:Windows_10,maj:Windows_10,leaf:Windows_10,leaf:Windows_10,leaf:Windows_10
3262,fam:Windows,fam:Windows,fam:Windows,maj:Windows_10,maj:Windows_10,maj:Windows_10,leaf:Windows_10,leaf:Windows_10,leaf:Windows_10
3264,fam:Windows,fam:Windows,fam:Windows,maj:Windows_10,maj:Windows_7,maj:Windows_10|maj:Windows_7|maj:Windows_8,leaf:Windows_10,leaf:Windows_7,leaf:Windows_10|leaf:Windows_7|leaf:Windows_8_1.0
3265,fam:Windows,fam:Windows,fam:Windows,maj:Windows_10,maj:Windows_10,maj:Windows_10,leaf:Windows_10,leaf:Windows_10,leaf:Windows_10
3266,fam:Windows,fam:Windows,fam:Windows,maj:Windows_10,maj:Windows_10,maj:Windows_10,leaf:Windows_10,leaf:Windows_10,leaf:Windows_10
3268,fam:Windows,fam:Windows,fam:Windows,maj:Windows_10,maj:Windows_10,maj:Windows_10,leaf:Windows_10,leaf:Windows_10,leaf:Windows_10
3269,fam:Windows,fam:Windows,fam:Windows,maj:Windows_10,maj:Windows_10,maj:Windows_10,leaf:Windows_10,leaf:Windows_10,leaf:Windows_10
3270,fam:Windows,fam:Windows,fam:Windows,maj:Windows_10,maj:Windows_10,maj:Windows_10,leaf:Windows_10,leaf:Windows_10,leaf:Windows_10
3272,fam:Windows,fam:Windows,fam:Windows,maj:Windows_10,maj:Windows_10,maj:Windows_10,leaf:Windows_10,leaf:Windows_10,leaf:Windows_10
3273,fam:Windows,fam:Windows,fam:Windows,maj:Windows_10,maj:Windows_10,maj:Windows_10,leaf:Windows_10,leaf:Windows_10,leaf:Windows_10
3276,fam:Windows,fam:Windows,fam:Windows,maj:Windows_10,maj:Windows_10,maj:Windows_10,leaf:Windows_10,leaf:Windows_10,leaf:Windows_10
3277,fam:Windows,fam:Windows,fam:Windows,maj:Windows_10,maj:Windows_8,maj:Windows_10|maj:Windows_8,leaf:Windows_10,leaf:Windows_8_OTHER,leaf:Windows_10|leaf:Windows_8_OTHER
3278,fam:Windows,fam:Windows,fam:Windows,maj:Windows_10,maj:Windows_10,maj:Windows_10,leaf:Windows_10,leaf:Windows_10,leaf:Windows_10
3279,fam:Windows,fam:Windows,fam:Windows,maj:Windows_10,maj:Windows_10,maj:Windows_10,leaf:Windows_10,leaf:Windows_10,leaf:Windows_10
3281,fam:Windows,fam:Windows,fam:Windows,maj:Windows_10,maj:Windows_10,maj:Windows_10,leaf:Windows_10,leaf:Windows_10,leaf:Windows_10
3284,fam:Windows,fam:Windows,fam:Windows,maj:Windows_10,maj:Windows_10,maj:Windows_10,leaf:Windows_10,leaf:Windows_10,leaf:Windows_10
3285,fam:Windows,fam:Windows,fam:Windows,maj:Windows_10,maj:Windows_10,maj:Windows_10,leaf:Windows_10,leaf:Windows_10,leaf:Windows_10
3286,fam:Windows,fam:Windows,fam:Windows,maj:Windows_10,maj:Windows_10,maj:Windows_10,leaf:Windows_10,leaf:Windows_10,leaf:Windows_10
3287,fam:Windows,fam:Windows,fam:Windows,maj:Windows_10,maj:Windows_10,maj:Windows_10,leaf:Windows_10,leaf:Windows_10,leaf:Windows_10
3288,fam:Windows,fam:Windows,fam:Windows,maj:Windows_10,maj:Windows_10,maj:Windows_10,leaf:Windows_10,leaf:Windows_10,leaf:Windows_10
3291,fam:Windows,fam:Windows,fam:Windows,maj:Windows_10,maj:Windows_10,maj:Windows_10,leaf:Windows_10,leaf:Windows_10,leaf:Windows_10
3292,fam:Windows,fam:Windows,fam:Windows,maj:Windows_10,maj:Windows_10,maj:Windows_10,leaf:Windows_10,leaf:Windows_10,leaf:Windows_10
3293,fam:Windows,fam:Windows,fam:Android|fam:Windows,maj:Windows_10,maj:Windows_10,maj:Android_7|maj:Android_8|maj:Windows_10|maj:Windows_7,leaf:Windows_10,leaf:Windows_10,leaf:Android_7_1.0|leaf:Android_8_0.0|leaf:Windows_10|leaf:Windows_7
3298,fam:Windows,fam:Windows,fam:Windows,maj:Windows_10,maj:Windows_10,maj:Windows_10|maj:Windows_8,leaf:Windows_10,leaf:Windows_10,leaf:Windows_10|leaf:Windows_8_OTHER
3299,fam:Windows,fam:Windows,fam:Windows,maj:Windows_10,maj:Windows_10,maj:Windows_10,leaf:Windows_10,leaf:Windows_10,leaf:Windows_10
3300,fam:Windows,fam:Windows,fam:Windows|fam:macOS,maj:Windows_10,maj:Windows_10,maj:Windows_10|maj:Windows_7|maj:Windows_8|maj:macOS_10,leaf:Windows_10,leaf:Windows_10,leaf:Windows_10|leaf:Windows_7|leaf:Windows_8_OTHER|leaf:macOS_10_10.0
3301,fam:Windows,fam:Windows,fam:Windows,maj:Windows_10,maj:Windows_10,maj:Windows_10|maj:Windows_8,leaf:Windows_10,leaf:Windows_10,leaf:Windows_10|leaf:Windows_8_OTHER
3303,fam:Windows,fam:Windows,fam:Windows,maj:Windows_10,maj:Windows_10,maj:Windows_10|maj:Windows_8,leaf:Windows_10,leaf:Windows_10,leaf:Windows_10|leaf:Windows_8_OTHER
3305,fam:Windows,fam:Windows,fam:Windows,maj:Windows_10,maj:Windows_10,maj:Windows_10,leaf:Windows_10,leaf:Windows_10,leaf:Windows_10
3308,fam:Windows,fam:Windows,fam:Android|fam:Windows,maj:Windows_10,maj:Windows_10,maj:Android_4|maj:Windows_10|maj:Windows_7,leaf:Windows_10,leaf:Android_4_4.0,leaf:Android_4_2.0|leaf:Android_4_4.0|leaf:Windows_10|leaf:Windows_7
3310,fam:Windows,fam:Windows,fam:Windows,maj:Windows_10,maj:Windows_10,maj:Windows_10,leaf:Windows_10,leaf:Windows_10,leaf:Windows_10
3312,fam:Windows,fam:Windows,fam:Windows,maj:Windows_10,maj:Windows_10,maj:Windows_10|maj:Windows_7|maj:Windows_8,leaf:Windows_10,leaf:Windows_10,leaf:Windows_10|leaf:Windows_7|leaf:Windows_8_1.0
3314,fam:Windows,fam:Windows,fam:Windows,maj:Windows_10,maj:Windows_10,maj:Windows_10|maj:Windows_8,leaf:Windows_10,leaf:Windows_10,leaf:Windows_10|leaf:Windows_8_OTHER
3315,fam:Windows,fam:Windows,fam:Windows,maj:Windows_10,maj:Windows_10,maj:Windows_10,leaf:Windows_10,leaf:Windows_10,leaf:Windows_10
3321,fam:Windows,fam:Windows,fam:Windows,maj:Windows_10,maj:Windows_10,maj:Windows_10,leaf:Windows_10,leaf:Windows_10,leaf:Windows_10
3322,fam:Windows,fam:Windows,fam:Android|fam:Windows,maj:Windows_10,maj:Windows_10,maj:Android_5|maj:Windows_10|maj:Windows_7,leaf:Windows_10,leaf:Windows_10,leaf:Android_5_1.0|leaf:Windows_10|leaf:Windows_7
3323,fam:Windows,fam:Windows,fam:Windows,maj:Windows_10,maj:Windows_10,maj:Windows_10,leaf:Windows_10,leaf:Windows_10,leaf:Windows_10
3328,fam:Windows,fam:Windows,fam:Windows,maj:Windows_10,maj:Windows_10,maj:Windows_10,leaf:Windows_10,leaf:Windows_10,leaf:Windows_10
3329,fam:Windows,fam:Windows,fam:Windows|fam:macOS,maj:Windows_10,maj:Windows_10,maj:Windows_10|maj:Windows_7|maj:macOS_10,leaf:Windows_10,leaf:Windows_10,leaf:Windows_10|leaf:Windows_7|leaf:macOS_10_12.0
3330,fam:Windows,fam:Windows,fam:Windows,maj:Windows_10,maj:Windows_10,maj:Windows_10,leaf:Windows_10,leaf:Windows_10,leaf:Windows_10
3332,fam:Windows,fam:Windows,fam:Windows,maj:Windows_10,maj:Windows_10,maj:Windows_10|maj:Windows_7|maj:Windows_8,leaf:Windows_10,leaf:Windows_10,leaf:Windows_10|leaf:Windows_7|leaf:Windows_8_1.0
3333,fam:Windows,fam:Windows,fam:Windows,maj:Windows_10,maj:Windows_10,maj:Windows_10,leaf:Windows_10,leaf:Windows_10,leaf:Windows_10
3334,fam:Windows,fam:Linux,fam:Linux|fam:Windows|fam:macOS,maj:Windows_10,maj:Linux_OTHER,maj:Linux_OTHER|maj:Windows_10|maj:Windows_7|maj:Windows_8|maj:macOS_10,leaf:Windows_10,leaf:Windows_10,leaf:Linux_OTHER|leaf:Windows_10|leaf:Windows_7|leaf:Windows_8_1.0|leaf:macOS_10_10.0|leaf:macOS_10_11.0|leaf:macOS_10_13.0|leaf:macOS_10_8.0|leaf:macOS_10_9.0
3335,fam:Windows,fam:Windows,fam:Windows,maj:Windows_10,maj:Windows_10,maj:Windows_10,leaf:Windows_10,leaf:Windows_10,leaf:Windows_10
3336,fam:Windows,fam:Windows,fam:Windows,maj:Windows_10,maj:Windows_10,maj:Windows_10,leaf:Windows_10,leaf:Windows_10,leaf:Windows_10
3337,fam:Windows,fam:Windows,fam:Linux|fam:Windows|fam:macOS,maj:Windows_10,maj:Windows_10,maj:Linux_OTHER|maj:Windows_10|maj:Windows_7|maj:Windows_8|maj:Windows_XP|maj:macOS_10,leaf:Windows_10,leaf:Windows_10,leaf:Linux_OTHER|leaf:Windows_10|leaf:Windows_7|leaf:Windows_8_1.0|leaf:Windows_8_OTHER|leaf:Windows_XP|leaf:macOS_10_10.0|leaf:macOS_10_11.0|leaf:macOS_10_13.0|leaf:macOS_10_8.0|leaf:macOS_10_9.0
3338,fam:Windows,fam:Windows,fam:Windows,maj:Windows_10,maj:Windows_10,maj:Windows_10,leaf:Windows_10,leaf:Windows_10,leaf:Windows_10
3339,fam:Windows,fam:Windows,fam:Windows,maj:Windows_10,maj:Windows_10,maj:Windows_10,leaf:Windows_10,leaf:Windows_10,leaf:Windows_10
3340,fam:Windows,fam:Windows,fam:Windows,maj:Windows_10,maj:Windows_10,maj:Windows_10,leaf:Windows_10,leaf:Windows_10,leaf:Windows_10
3341,fam:Windows,fam:Windows,fam:Windows,maj:Windows_10,maj:Windows_10,maj:Windows_10,leaf:Windows_10,leaf:Windows_10,leaf:Windows_10
3343,fam:Windows,fam:Windows,fam:Windows,maj:Windows_10,maj:Windows_10,maj:Windows_10|maj:Windows_8,leaf:Windows_10,leaf:Windows_10,leaf:Windows_10|leaf:Windows_8_1.0
3344,fam:Windows,fam:Windows,fam:Windows,maj:Windows_10,maj:Windows_10,maj:Windows_10|maj:Windows_8,leaf:Windows_10,leaf:Windows_10,leaf:Windows_10|leaf:Windows_8_1.0|leaf:Windows_8_OTHER
3345,fam:Windows,fam:Windows,fam:Windows,maj:Windows_10,maj:Windows_10,maj:Windows_10,leaf:Windows_10,leaf:Windows_10,leaf:Windows_10
3346,fam:Windows,fam:Windows,fam:Windows,maj:Windows_10,maj:Windows_10,maj:Windows_10,leaf:Windows_10,leaf:Windows_10,leaf:Windows_10
3347,fam:Windows,fam:Windows,fam:Windows,maj:Windows_10,maj:Windows_10,maj:Windows_10,leaf:Windows_10,leaf:Windows_10,leaf:Windows_10
3350,fam:Windows,fam:Windows,fam:Windows,maj:Windows_10,maj:Windows_10,maj:Windows_10|maj:Windows_8,leaf:Windows_10,leaf:Windows_10,leaf:Windows_10|leaf:Windows_8_1.0
3353,fam:Windows,fam:Windows,fam:Windows,maj:Windows_10,maj:Windows_10,maj:Windows_10,leaf:Windows_10,leaf:Windows_10,leaf:Windows_10
3354,fam:Windows,fam:Windows,fam:Android|fam:Windows,maj:Windows_10,maj:Windows_10,maj:Android_10|maj:Android_7|maj:Android_8|maj:Android_9|maj:Windows_10,leaf:Windows_10,leaf:Windows_10,leaf:Android_10|leaf:Android_7_1.0|leaf:Android_8_0.0|leaf:Android_8_1.0|leaf:Android_9|leaf:Windows_10
3359,fam:Windows,fam:Windows,fam:Windows,maj:Windows_10,maj:Windows_10,maj:Windows_10,leaf:Windows_10,leaf:Windows_10,leaf:Windows_10
3362,fam:Windows,fam:Windows,fam:Windows,maj:Windows_10,maj:Windows_10,maj:Windows_10|maj:Windows_8,leaf:Windows_10,leaf:Windows_10,leaf:Windows_10|leaf:Windows_8_OTHER
3363,fam:Windows,fam:Windows,fam:Windows,maj:Windows_10,maj:Windows_10,maj:Windows_10,leaf:Windows_10,leaf:Windows_10,leaf:Windows_10
3369,fam:Windows,fam:Windows,fam:Windows,maj:Windows_10,maj:Windows_10,maj:Windows_10,leaf:Windows_10,leaf:Windows_10,leaf:Windows_10
3370,fam:Windows,fam:Windows,fam:Windows,maj:Windows_10,maj:Windows_10,maj:Windows_10,leaf:Windows_10,leaf:Windows_10,leaf:Windows_10
3371,fam:Windows,fam:Windows,fam:Windows,maj:Windows_10,maj:Windows_10,maj:Windows_10,leaf:Windows_10,leaf:Windows_10,leaf:Windows_10
3372,fam:Windows,fam:Windows,fam:Windows,maj:Windows_10,maj:Windows_10,maj:Windows_10,leaf:Windows_10,leaf:Windows_10,leaf:Windows_10
3374,fam:Windows,fam:Windows,fam:Windows,maj:Windows_10,maj:Windows_10,maj:Windows_10,leaf:Windows_10,leaf:Windows_10,leaf:Windows_10
3375,fam:Windows,fam:Windows,fam:Windows,maj:Windows_10,maj:Windows_10,maj:Windows_10,leaf:Windows_10,leaf:Windows_10,leaf:Windows_10
3376,fam:Windows,fam:Windows,fam:Windows,maj:Windows_10,maj:Windows_10,maj:Windows_10,leaf:Windows_10,leaf:Windows_10,leaf:Windows_10
3379,fam:Windows,fam:Windows,fam:Android,maj:Windows_10,maj:Android_4,maj:Android_4|maj:Android_7,leaf:Windows_10,leaf:Android_4_4.0,leaf:Android_4_2.0|leaf:Android_4_4.0|leaf:Android_7_1.0
3383,fam:Windows,fam:Windows,fam:Windows,maj:Windows_10,maj:Windows_10,maj:Windows_10,leaf:Windows_10,leaf:Windows_10,leaf:Windows_10
3385,fam:Windows,fam:Windows,fam:Windows,maj:Windows_10,maj:Windows_10,maj:Windows_10,leaf:Windows_10,leaf:Windows_10,leaf:Windows_10
3389,fam:Windows,fam:Windows,fam:Android|fam:Windows|fam:macOS,maj:Windows_10,maj:Windows_10,maj:Android_4|maj:Windows_10|maj:Windows_7|maj:Windows_8|maj:macOS_10,leaf:Windows_10,leaf:Windows_10,leaf:Android_4_1.0|leaf:Windows_10|leaf:Windows_7|leaf:Windows_8_1.0|leaf:macOS_10_11.0
3390,fam:Windows,fam:Android,fam:Android,maj:Windows_10,maj:Android_6,maj:Android_5|maj:Android_6|maj:Android_7,leaf:Windows_10,leaf:Android_7_0.0,leaf:Android_5_0.0|leaf:Android_5_1.0|leaf:Android_6_0.0|leaf:Android_7_0.0
3394,fam:Windows,fam:Windows,fam:Windows,maj:Windows_10,maj:Windows_10,maj:Windows_10,leaf:Windows_10,leaf:Windows_10,leaf:Windows_10
3400,fam:Windows,fam:Windows,fam:Windows,maj:Windows_10,maj:Windows_10,maj:Windows_10|maj:Windows_8,leaf:Windows_10,leaf:Windows_10,leaf:Windows_10|leaf:Windows_8_OTHER
3402,fam:Windows,fam:Windows,fam:Windows,maj:Windows_10,maj:Windows_10,maj:Windows_10,leaf:Windows_10,leaf:Windows_10,leaf:Windows_10
3403,fam:Windows,fam:Windows,fam:Windows,maj:Windows_10,maj:Windows_10,maj:Windows_10|maj:Windows_8,leaf:Windows_10,leaf:Windows_10,leaf:Windows_10|leaf:Windows_8_OTHER
3404,fam:Windows,fam:Windows,fam:Windows,maj:Windows_10,maj:Windows_10,maj:Windows_10,leaf:Windows_10,leaf:Windows_10,leaf:Windows_10
3407,fam:Windows,fam:Windows,fam:Windows,maj:Windows_10,maj:Windows_10,maj:Windows_10,leaf:Windows_10,leaf:Windows_10,leaf:Windows_10
3408,fam:Windows,fam:Windows,fam:Windows,maj:Windows_10,maj:Windows_10,maj:Windows_10|maj:Windows_8,leaf:Windows_10,leaf:Windows_10,leaf:Windows_10|leaf:Windows_8_OTHER
3410,fam:Windows,fam:Windows,fam:Windows,maj:Windows_10,maj:Windows_10,maj:Windows_10,leaf:Windows_10,leaf:Windows_10,leaf:Windows_10
3411,fam:Windows,fam:Windows,fam:Windows|fam:macOS,maj:Windows_10,maj:Windows_10,maj:Windows_10|maj:macOS_10,leaf:Windows_10,leaf:Windows_10,leaf:Windows_10|leaf:macOS_10_10.0|leaf:macOS_10_12.0
3412,fam:Windows,fam:Windows,fam:Windows,maj:Windows_10,maj:Windows_10,maj:Windows_10|maj:Windows_8,leaf:Windows_10,leaf:Windows_10,leaf:Windows_10|leaf:Windows_8_OTHER
3413,fam:Windows,fam:Windows,fam:Windows,maj:Windows_10,maj:Windows_10,maj:Windows_10,leaf:Windows_10,leaf:Windows_10,leaf:Windows_10
3414,fam:Windows,fam:Windows,fam:Windows,maj:Windows_10,maj:Windows_10,maj:Windows_10,leaf:Windows_10,leaf:Windows_10,leaf:Windows_10
3415,fam:Windows,fam:Windows,fam:Windows,maj:Windows_10,maj:Windows_10,maj:Windows_10,leaf:Windows_10,leaf:Windows_10,leaf:Windows_10
3417,fam:Windows,fam:Windows,fam:Android|fam:Windows,maj:Windows_10,maj:Windows_10,maj:Android_5|maj:Android_6|maj:Android_7|maj:Windows_10|maj:Windows_8,leaf:Windows_10,leaf:Windows_10,leaf:Android_5_1.0|leaf:Android_6_0.0|leaf:Android_7_1.0|leaf:Windows_10|leaf:Windows_8_1.0
3419,fam:Windows,fam:Windows,fam:Windows,maj:Windows_10,maj:Windows_10,maj:Windows_10,leaf:Windows_10,leaf:Windows_10,leaf:Windows_10
3424,fam:Windows,fam:Windows,fam:Windows,maj:Windows_10,maj:Windows_10,maj:Windows_10,leaf:Windows_10,leaf:Windows_10,leaf:Windows_10
3425,fam:Windows,fam:Windows,fam:Windows,maj:Windows_10,maj:Windows_10,maj:Windows_10,leaf:Windows_10,leaf:Windows_10,leaf:Windows_10
3427,fam:Windows,fam:Windows,fam:Linux|fam:Windows,maj:Windows_10,maj:Windows_10,maj:Linux_OTHER|maj:Windows_10|maj:Windows_7|maj:Windows_8,leaf:Windows_10,leaf:Windows_10,leaf:Linux_OTHER|leaf:Windows_10|leaf:Windows_7|leaf:Windows_8_1.0
3429,fam:Windows,fam:Windows,fam:Windows,maj:Windows_10,maj:Windows_10,maj:Windows_10,leaf:Windows_10,leaf:Windows_10,leaf:Windows_10
3430,fam:Windows,fam:Windows,fam:Windows,maj:Windows_10,maj:Windows_10,maj:Windows_10|maj:Windows_8,leaf:Windows_10,leaf:Windows_10,leaf:Windows_10|leaf:Windows_8_OTHER
3432,fam:Windows,fam:Windows,fam:Windows,maj:Windows_10,maj:Windows_10,maj:Windows_10,leaf:Windows_10,leaf:Windows_10,leaf:Windows_10
3435,fam:Windows,fam:Windows,fam:Windows,maj:Windows_10,maj:Windows_10,maj:Windows_10|maj:Windows_8,leaf:Windows_10,leaf:Windows_10,leaf:Windows_10|leaf:Windows_8_OTHER
3437,fam:Windows,fam:Windows,fam:Windows,maj:Windows_10,maj:Windows_10,maj:Windows_10,leaf:Windows_10,leaf:Windows_10,leaf:Windows_10
3439,fam:Windows,fam:Windows,fam:Windows,maj:Windows_10,maj:Windows_10,maj:Windows_10,leaf:Windows_10,leaf:Windows_10,leaf:Windows_10
3441,fam:Windows,fam:Windows,fam:Windows,maj:Windows_10,maj:Windows_10,maj:Windows_10|maj:Windows_8,leaf:Windows_10,leaf:Windows_8_1.0,leaf:Windows_10|leaf:Windows_8_1.0
3443,fam:Windows,fam:Windows,fam:Windows,maj:Windows_10,maj:Windows_10,maj:Windows_10,leaf:Windows_10,leaf:Windows_10,leaf:Windows_10
3446,fam:Windows,fam:macOS,fam:Windows|fam:macOS,maj:Windows_10,maj:Windows_8,maj:Windows_10|maj:Windows_7|maj:Windows_8|maj:Windows_Vista|maj:Windows_XP|maj:macOS_10,leaf:Windows_10,leaf:macOS_10_10.0,leaf:Windows_10|leaf:Windows_7|leaf:Windows_8_1.0|leaf:Windows_8_OTHER|leaf:Windows_Vista|leaf:Windows_XP|leaf:macOS_10_10.0|leaf:macOS_10_11.0|leaf:macOS_10_13.0|leaf:macOS_10_8.0|leaf:macOS_10_9.0
3447,fam:Windows,fam:Windows,fam:Windows,maj:Windows_10,maj:Windows_10,maj:Windows_10,leaf:Windows_10,leaf:Windows_10,leaf:Windows_10
3448,fam:Windows,fam:Windows,fam:Android|fam:Linux|fam:Windows,maj:Windows_10,maj:Windows_10,maj:Android_4|maj:Android_6|maj:Linux_OTHER|maj:Windows_10|maj:Windows_7,leaf:Windows_10,leaf:Android_4_4.0,leaf:Android_4_4.0|leaf:Android_6_0.0|leaf:Linux_OTHER|leaf:Windows_10|leaf:Windows_7
3450,fam:Windows,fam:Windows,fam:Windows,maj:Windows_10,maj:Windows_10,maj:Windows_10,leaf:Windows_10,leaf:Windows_10,leaf:Windows_10
3451,fam:Windows,fam:Windows,fam:Windows,maj:Windows_10,maj:Windows_10,maj:Windows_10,leaf:Windows_10,leaf:Windows_10,leaf:Windows_10
3453,fam:Windows,fam:Windows,fam:Windows,maj:Windows_10,maj:Windows_10,maj:Windows_10,leaf:Windows_10,leaf:Windows_10,leaf:Windows_10
3456,fam:Windows,fam:Windows,fam:Windows,maj:Windows_10,maj:Windows_10,maj:Windows_10|maj:Windows_8|maj:Windows_XP,leaf:Windows_10,leaf:Windows_10,leaf:Windows_10|leaf:Windows_8_OTHER|leaf:Windows_XP
3457,fam:Windows,fam:macOS,fam:Windows|fam:macOS,maj:Windows_10,maj:Windows_8,maj:Windows_10|maj:Windows_7|maj:Windows_8|maj:Windows_Vista|maj:Windows_XP|maj:macOS_10,leaf:Windows_10,leaf:macOS_10_10.0,leaf:Windows_10|leaf:Windows_7|leaf:Windows_8_1.0|leaf:Windows_8_OTHER|leaf:Windows_Vista|leaf:Windows_XP|leaf:macOS_10_10.0|leaf:macOS_10_11.0|leaf:macOS_10_13.0|leaf:macOS_10_8.0|leaf:macOS_10_9.0
3458,fam:Windows,fam:Windows,fam:Windows,maj:Windows_10,maj:Windows_10,maj:Windows_10,leaf:Windows_10,leaf:Windows_10,leaf:Windows_10
3459,fam:Windows,fam:Windows,fam:Windows,maj:Windows_10,maj:Windows_10,maj:Windows_10,leaf:Windows_10,leaf:Windows_10,leaf:Windows_10
3460,fam:Windows,fam:Windows,fam:Windows,maj:Windows_10,maj:Windows_10,maj:Windows_10,leaf:Windows_10,leaf:Windows_10,leaf:Windows_10
3463,fam:Windows,fam:Windows,fam:Windows,maj:Windows_10,maj:Windows_10,maj:Windows_10,leaf:Windows_10,leaf:Windows_10,leaf:Windows_10
3468,fam:Windows,fam:Windows,fam:Windows,maj:Windows_10,maj:Windows_10,maj:Windows_10,leaf:Windows_10,leaf:Windows_10,leaf:Windows_10
3469,fam:Windows,fam:Windows,fam:Windows,maj:Windows_10,maj:Windows_10,maj:Windows_10|maj:Windows_8,leaf:Windows_10,leaf:Windows_10,leaf:Windows_10|leaf:Windows_8_OTHER
3470,fam:Windows,fam:Windows,fam:Windows,maj:Windows_10,maj:Windows_10,maj:Windows_10,leaf:Windows_10,leaf:Windows_10,leaf:Windows_10
3473,fam:Windows,fam:Windows,fam:Windows,maj:Windows_10,maj:Windows_10,maj:Windows_10,leaf:Windows_10,leaf:Windows_10,leaf:Windows_10
3475,fam:Windows,fam:Windows,fam:Windows,maj:Windows_10,maj:Windows_7,maj:Windows_10|maj:Windows_7,leaf:Windows_10,leaf:Windows_10,leaf:Windows_10|leaf:Windows_7
3477,fam:Windows,fam:Windows,fam:Android|fam:Windows,maj:Windows_10,maj:Windows_10,maj:Android_10|maj:Android_8|maj:Android_9|maj:Windows_10,leaf:Windows_10,leaf:Windows_10,leaf:Android_10|leaf:Android_8_0.0|leaf:Android_9|leaf:Windows_10
3479,fam:Windows,fam:Windows,fam:Windows,maj:Windows_10,maj:Windows_10,maj:Windows_10,leaf:Windows_10,leaf:Windows_10,leaf:Windows_10
3480,fam:Windows,fam:Windows,fam:Windows,maj:Windows_10,maj:Windows_10,maj:Windows_10|maj:Windows_7|maj:Windows_8,leaf:Windows_10,leaf:Windows_10,leaf:Windows_10|leaf:Windows_7|leaf:Windows_8_1.0
3484,fam:Windows,fam:Windows,fam:Windows,maj:Windows_10,maj:Windows_10,maj:Windows_10,leaf:Windows_10,leaf:Windows_10,leaf:Windows_10
3485,fam:Windows,fam:Windows,fam:Windows,maj:Windows_10,maj:Windows_10,maj:Windows_10,leaf:Windows_10,leaf:Windows_10,leaf:Windows_10
3486,fam:Windows,fam:Windows,fam:Windows,maj:Windows_10,maj:Windows_10,maj:Windows_10,leaf:Windows_10,leaf:Windows_10,leaf:Windows_10
3489,fam:Windows,fam:Windows,fam:Windows,maj:Windows_10,maj:Windows_10,maj:Windows_10|maj:Windows_8,leaf:Windows_10,leaf:Windows_10,leaf:Windows_10|leaf:Windows_8_OTHER
3491,fam:Windows,fam:Windows,fam:Linux|fam:Windows|fam:macOS,maj:Windows_10,maj:Windows_10,maj:Linux_OTHER|maj:Windows_10|maj:Windows_7|maj:Windows_8|maj:Windows_XP|maj:macOS_10,leaf:Windows_10,leaf:Windows_10,leaf:Linux_OTHER|leaf:Windows_10|leaf:Windows_7|leaf:Windows_8_1.0|leaf:Windows_XP|leaf:macOS_10_9.0
3492,fam:Windows,fam:Windows,fam:Windows,maj:Windows_10,maj:Windows_10,maj:Windows_10|maj:Windows_7,leaf:Windows_10,leaf:Windows_10,leaf:Windows_10|leaf:Windows_7
3493,fam:Windows,fam:Linux,fam:Linux|fam:Windows,maj:Windows_10,maj:Linux_OTHER,maj:Linux_OTHER|maj:Linux_Ubuntu|maj:Windows_10,leaf:Windows_10,leaf:Linux_OTHER,leaf:Linux_OTHER|leaf:Linux_Ubuntu|leaf:Windows_10
3494,fam:Windows,fam:Windows,fam:Windows,maj:Windows_10,maj:Windows_10,maj:Windows_10,leaf:Windows_10,leaf:Windows_10,leaf:Windows_10
3495,fam:Windows,fam:Windows,fam:Windows,maj:Windows_10,maj:Windows_8,maj:Windows_10|maj:Windows_8,leaf:Windows_10,leaf:Windows_8_1.0,leaf:Windows_10|leaf:Windows_8_1.0
3496,fam:Windows,fam:Windows,fam:Windows,maj:Windows_10,maj:Windows_10,maj:Windows_10,leaf:Windows_10,leaf:Windows_10,leaf:Windows_10
3497,fam:Windows,fam:Windows,fam:Windows,maj:Windows_10,maj:Windows_10,maj:Windows_10,leaf:Windows_10,leaf:Windows_10,leaf:Windows_10
3498,fam:Windows,fam:Windows,fam:Windows,maj:Windows_10,maj:Windows_10,maj:Windows_10,leaf:Windows_10,leaf:Windows_10,leaf:Windows_10
3499,fam:Windows,fam:Windows,fam:Windows,maj:Windows_10,maj:Windows_10,maj:Windows_10,leaf:Windows_10,leaf:Windows_10,leaf:Windows_10
3502,fam:Windows,fam:Windows,fam:Windows,maj:Windows_10,maj:Windows_10,maj:Windows_10,leaf:Windows_10,leaf:Windows_10,leaf:Windows_10
3505,fam:Windows,fam:Windows,fam:Windows,maj:Windows_10,maj:Windows_10,maj:Windows_10,leaf:Windows_10,leaf:Windows_10,leaf:Windows_10
3506,fam:Windows,fam:Windows,fam:Windows,maj:Windows_10,maj:Windows_10,maj:Windows_10,leaf:Windows_10,leaf:Windows_10,leaf:Windows_10
3508,fam:Windows,fam:Windows,fam:Windows,maj:Windows_10,maj:Windows_10,maj:Windows_10,leaf:Windows_10,leaf:Windows_10,leaf:Windows_10
3510,fam:Windows,fam:Windows,fam:Windows,maj:Windows_10,maj:Windows_10,maj:Windows_10,leaf:Windows_10,leaf:Windows_10,leaf:Windows_10
3512,fam:Windows,fam:Windows,fam:Windows,maj:Windows_10,maj:Windows_10,maj:Windows_10,leaf:Windows_10,leaf:Windows_10,leaf:Windows_10
3513,fam:Windows,fam:Windows,fam:Windows,maj:Windows_10,maj:Windows_10,maj:Windows_10,leaf:Windows_10,leaf:Windows_10,leaf:Windows_10
3516,fam:Windows,fam:Windows,fam:Windows,maj:Windows_10,maj:Windows_10,maj:Windows_10,leaf:Windows_10,leaf:Windows_10,leaf:Windows_10
3517,fam:Windows,fam:Windows,fam:Windows,maj:Windows_10,maj:Windows_10,maj:Windows_10,leaf:Windows_10,leaf:Windows_10,leaf:Windows_10
3524,fam:Windows,fam:Windows,fam:Windows,maj:Windows_10,maj:Windows_10,maj:Windows_10,leaf:Windows_10,leaf:Windows_10,leaf:Windows_10
3526,fam:Windows,fam:Windows,fam:Windows,maj:Windows_10,maj:Windows_10,maj:Windows_10,leaf:Windows_10,leaf:Windows_10,leaf:Windows_10
3528,fam:Windows,fam:Windows,fam:Windows,maj:Windows_10,maj:Windows_10,maj:Windows_10,leaf:Windows_10,leaf:Windows_10,leaf:Windows_10
3529,fam:Windows,fam:Windows,fam:Windows,maj:Windows_10,maj:Windows_10,maj:Windows_10,leaf:Windows_10,leaf:Windows_10,leaf:Windows_10
3531,fam:Windows,fam:Linux,fam:Android|fam:Linux|fam:Windows|fam:macOS,maj:Windows_10,maj:Linux_OTHER,maj:Android_4|maj:Android_7|maj:Android_8|maj:Android_9|maj:Linux_OTHER|maj:Windows_10|maj:macOS_10,leaf:Windows_10,leaf:Windows_10,leaf:Android_4_0.0|leaf:Android_7_0.0|leaf:Android_8_0.0|leaf:Android_8_1.0|leaf:Android_9|leaf:Linux_OTHER|leaf:Windows_10|leaf:macOS_10_11.0|leaf:macOS_10_14.0|leaf:macOS_10_15.0
3534,fam:Windows,fam:Windows,fam:Windows,maj:Windows_10,maj:Windows_10,maj:Windows_10,leaf:Windows_10,leaf:Windows_10,leaf:Windows_10
3536,fam:Windows,fam:Windows,fam:Windows,maj:Windows_10,maj:Windows_10,maj:Windows_10,leaf:Windows_10,leaf:Windows_10,leaf:Windows_10
3538,fam:Windows,fam:Windows,fam:Windows,maj:Windows_10,maj:Windows_10,maj:Windows_10,leaf:Windows_10,leaf:Windows_10,leaf:Windows_10
3539,fam:Windows,fam:Windows,fam:Windows,maj:Windows_10,maj:Windows_10,maj:Windows_10,leaf:Windows_10,leaf:Windows_10,leaf:Windows_10
3540,fam:Windows,fam:Windows,fam:Windows,maj:Windows_10,maj:Windows_10,maj:Windows_10,leaf:Windows_10,leaf:Windows_10,leaf:Windows_10
3541,fam:Windows,fam:Windows,fam:Windows,maj:Windows_10,maj:Windows_10,maj:Windows_10,leaf:Windows_10,leaf:Windows_10,leaf:Windows_10
3545,fam:Windows,fam:Windows,fam:Windows,maj:Windows_10,maj:Windows_10,maj:Windows_10,leaf:Windows_10,leaf:Windows_10,leaf:Windows_10
3546,fam:Windows,fam:Windows,fam:Windows,maj:Windows_10,maj:Windows_10,maj:Windows_10,leaf:Windows_10,leaf:Windows_10,leaf:Windows_10
3547,fam:Windows,fam:Android,fam:Android|fam:Linux|fam:Windows,maj:Windows_10,maj:Android_7,maj:Android_5|maj:Android_6|maj:Android_7|maj:Android_8|maj:Linux_OTHER|maj:Windows_10|maj:Windows_7,leaf:Windows_10,leaf:Android_5_1.0,leaf:Android_5_1.0|leaf:Android_6_0.0|leaf:Android_7_0.0|leaf:Android_7_1.0|leaf:Android_8_0.0|leaf:Android_8_1.0|leaf:Linux_OTHER|leaf:Windows_10|leaf:Windows_7
3548,fam:Windows,fam:Windows,fam:Android|fam:Windows,maj:Windows_10,maj:Windows_10,maj:Android_7|maj:Windows_10|maj:Windows_7,leaf:Windows_10,leaf:Windows_10,leaf:Android_7_1.0|leaf:Windows_10|leaf:Windows_7
3550,fam:Windows,fam:Windows,fam:Windows,maj:Windows_10,maj:Windows_10,maj:Windows_10,leaf:Windows_10,leaf:Windows_10,leaf:Windows_10
3557,fam:Windows,fam:Windows,fam:Windows,maj:Windows_10,maj:Windows_10,maj:Windows_10,leaf:Windows_10,leaf:Windows_10,leaf:Windows_10
3558,fam:Windows,fam:Windows,fam:Windows,maj:Windows_10,maj:Windows_10,maj:Windows_10,leaf:Windows_10,leaf:Windows_10,leaf:Windows_10
3559,fam:Windows,fam:Windows,fam:Linux|fam:Windows|fam:macOS,maj:Windows_10,maj:Windows_10,maj:Linux_OTHER|maj:Windows_10|maj:Windows_7|maj:Windows_8|maj:macOS_10,leaf:Windows_10,leaf:Windows_10,leaf:Linux_OTHER|leaf:Windows_10|leaf:Windows_7|leaf:Windows_8_1.0|leaf:macOS_10_10.0|leaf:macOS_10_11.0|leaf:macOS_10_12.0|leaf:macOS_10_13.0|leaf:macOS_10_8.0
3560,fam:Windows,fam:Windows,fam:Windows,maj:Windows_10,maj:Windows_10,maj:Windows_10,leaf:Windows_10,leaf:Windows_10,leaf:Windows_10
3561,fam:Windows,fam:Windows,fam:Windows,maj:Windows_10,maj:Windows_10,maj:Windows_10,leaf:Windows_10,leaf:Windows_10,leaf:Windows_10
3562,fam:Windows,fam:Windows,fam:Windows,maj:Windows_10,maj:Windows_10,maj:Windows_10,leaf:Windows_10,leaf:Windows_10,leaf:Windows_10
3563,fam:Windows,fam:Windows,fam:Windows,maj:Windows_10,maj:Windows_10,maj:Windows_10,leaf:Windows_10,leaf:Windows_10,leaf:Windows_10
3564,fam:Windows,fam:Windows,fam:Windows,maj:Windows_10,maj:Windows_10,maj:Windows_10,leaf:Windows_10,leaf:Windows_10,leaf:Windows_10
3568,fam:Windows,fam:Windows,fam:Windows,maj:Windows_10,maj:Windows_10,maj:Windows_10,leaf:Windows_10,leaf:Windows_10,leaf:Windows_10
3570,fam:Windows,fam:Windows,fam:Windows,maj:Windows_10,maj:Windows_10,maj:Windows_10,leaf:Windows_10,leaf:Windows_10,leaf:Windows_10
3571,fam:Windows,fam:Windows,fam:Windows,maj:Windows_10,maj:Windows_10,maj:Windows_10,leaf:Windows_10,leaf:Windows_10,leaf:Windows_10
3572,fam:Windows,fam:Windows,fam:Windows,maj:Windows_10,maj:Windows_10,maj:Windows_10,leaf:Windows_10,leaf:Windows_10,leaf:Windows_10
3574,fam:Windows,fam:Windows,fam:Windows,maj:Windows_10,maj:Windows_10,maj:Windows_10|maj:Windows_7|maj:Windows_8,leaf:Windows_10,leaf:Windows_8_1.0,leaf:Windows_10|leaf:Windows_7|leaf:Windows_8_1.0|leaf:Windows_8_OTHER
3576,fam:Windows,fam:Windows,fam:Windows,maj:Windows_10,maj:Windows_10,maj:Windows_10,leaf:Windows_10,leaf:Windows_10,leaf:Windows_10
3579,fam:Windows,fam:Windows,fam:Windows,maj:Windows_10,maj:Windows_10,maj:Windows_10,leaf:Windows_10,leaf:Windows_10,leaf:Windows_10
3581,fam:Windows,fam:Windows,fam:Windows,maj:Windows_10,maj:Windows_10,maj:Windows_10,leaf:Windows_10,leaf:Windows_10,leaf:Windows_10
3585,fam:Windows,fam:Windows,fam:Windows,maj:Windows_10,maj:Windows_10,maj:Windows_10,leaf:Windows_10,leaf:Windows_10,leaf:Windows_10
3586,fam:Windows,fam:Windows,fam:Windows,maj:Windows_10,maj:Windows_10,maj:Windows_10,leaf:Windows_10,leaf:Windows_10,leaf:Windows_10
3587,fam:Windows,fam:Windows,fam:Windows,maj:Windows_10,maj:Windows_10,maj:Windows_10|maj:Windows_8,leaf:Windows_10,leaf:Windows_10,leaf:Windows_10|leaf:Windows_8_1.0
3594,fam:Windows,fam:Windows,fam:Windows,maj:Windows_10,maj:Windows_10,maj:Windows_10,leaf:Windows_10,leaf:Windows_10,leaf:Windows_10
3595,fam:Windows,fam:Windows,fam:Windows,maj:Windows_10,maj:Windows_10,maj:Windows_10,leaf:Windows_10,leaf:Windows_10,leaf:Windows_10
3596,fam:Windows,fam:Windows,fam:Windows,maj:Windows_10,maj:Windows_10,maj:Windows_10,leaf:Windows_10,leaf:Windows_10,leaf:Windows_10
3598,fam:Windows,fam:Android,fam:Android|fam:Linux,maj:Windows_10,maj:Android_8,maj:Android_10|maj:Android_7|maj:Android_8|maj:Android_9|maj:Linux_OTHER,leaf:Windows_10,leaf:Android_8_0.0,leaf:Android_10|leaf:Android_7_0.0|leaf:Android_8_0.0|leaf:Android_8_1.0|leaf:Android_9|leaf:Linux_OTHER
3600,fam:Windows,fam:Windows,fam:Windows,maj:Windows_10,maj:Windows_10,maj:Windows_10,leaf:Windows_10,leaf:Windows_10,leaf:Windows_10
3607,fam:Windows,fam:Windows,fam:Windows,maj:Windows_10,maj:Windows_10,maj:Windows_10,leaf:Windows_10,leaf:Windows_10,leaf:Windows_10
3608,fam:Windows,fam:Windows,fam:Windows,maj:Windows_10,maj:Windows_10,maj:Windows_10,leaf:Windows_10,leaf:Windows_10,leaf:Windows_10
3610,fam:Windows,fam:Windows,fam:Windows,maj:Windows_10,maj:Windows_10,maj:Windows_10,leaf:Windows_10,leaf:Windows_10,leaf:Windows_10
3615,fam:Windows,fam:Windows,fam:Windows,maj:Windows_10,maj:Windows_10,maj:Windows_10,leaf:Windows_10,leaf:Windows_10,leaf:Windows_10
3616,fam:Windows,fam:Windows,fam:Windows,maj:Windows_10,maj:Windows_10,maj:Windows_10,leaf:Windows_10,leaf:Windows_10,leaf:Windows_10
3618,fam:Windows,fam:Windows,fam:Windows,maj:Windows_10,maj:Windows_10,maj:Windows_10|maj:Windows_8,leaf:Windows_10,leaf:Windows_10,leaf:Windows_10|leaf:Windows_8_OTHER
3620,fam:Windows,fam:Windows,fam:Windows,maj:Windows_10,maj:Windows_10,maj:Windows_10,leaf:Windows_10,leaf:Windows_10,leaf:Windows_10
3623,fam:Windows,fam:Windows,fam:Windows,maj:Windows_10,maj:Windows_10,maj:Windows_10,leaf:Windows_10,leaf:Windows_10,leaf:Windows_10
3626,fam:Windows,fam:Windows,fam:Windows,maj:Windows_10,maj:Windows_10,maj:Windows_10,leaf:Windows_10,leaf:Windows_10,leaf:Windows_10
3627,fam:Windows,fam:Windows,fam:Windows,maj:Windows_10,maj:Windows_10,maj:Windows_10,leaf:Windows_10,leaf:Windows_10,leaf:Windows_10
3629,fam:Windows,fam:Windows,fam:Windows,maj:Windows_10,maj:Windows_10,maj:Windows_10|maj:Windows_8,leaf:Windows_10,leaf:Windows_10,leaf:Windows_10|leaf:Windows_8_OTHER
3633,fam:Windows,fam:Windows,fam:Windows,maj:Windows_10,maj:Windows_10,maj:Windows_10,leaf:Windows_10,leaf:Windows_10,leaf:Windows_10
3634,fam:Windows,fam:Windows,fam:Windows,maj:Windows_10,maj:Windows_10,maj:Windows_10,leaf:Windows_10,leaf:Windows_10,leaf:Windows_10
3636,fam:Windows,fam:Windows,fam:Windows,maj:Windows_10,maj:Windows_10,maj:Windows_10,leaf:Windows_10,leaf:Windows_10,leaf:Windows_10
3638,fam:Windows,fam:Windows,fam:Windows,maj:Windows_10,maj:Windows_10,maj:Windows_10,leaf:Windows_10,leaf:Windows_10,leaf:Windows_10
3639,fam:Windows,fam:Windows,fam:Windows,maj:Windows_10,maj:Windows_10,maj:Windows_10|maj:Windows_7,leaf:Windows_10,leaf:Windows_7,leaf:Windows_10|leaf:Windows_7
3642,fam:Windows,fam:Windows,fam:Windows,maj:Windows_10,maj:Windows_10,maj:Windows_10,leaf:Windows_10,leaf:Windows_10,leaf:Windows_10
3643,fam:Windows,fam:Windows,fam:Windows,maj:Windows_10,maj:Windows_10,maj:Windows_10,leaf:Windows_10,leaf:Windows_10,leaf:Windows_10
3644,fam:Windows,fam:Windows,fam:Windows,maj:Windows_10,maj:Windows_10,maj:Windows_10,leaf:Windows_10,leaf:Windows_10,leaf:Windows_10
3646,fam:Windows,fam:Windows,fam:Linux|fam:Windows|fam:macOS,maj:Windows_10,maj:Windows_8,maj:Linux_OTHER|maj:Windows_10|maj:Windows_7|maj:Windows_8|maj:Windows_XP|maj:macOS_10,leaf:Windows_10,leaf:Windows_XP,leaf:Linux_OTHER|leaf:Windows_10|leaf:Windows_7|leaf:Windows_8_OTHER|leaf:Windows_XP|leaf:macOS_10_8.0
3650,fam:Windows,fam:Windows,fam:Windows,maj:Windows_10,maj:Windows_10,maj:Windows_10,leaf:Windows_10,leaf:Windows_10,leaf:Windows_10
3652,fam:Windows,fam:Windows,fam:Windows,maj:Windows_10,maj:Windows_10,maj:Windows_10,leaf:Windows_10,leaf:Windows_10,leaf:Windows_10
3656,fam:Windows,fam:Windows,fam:Windows|fam:macOS,maj:Windows_10,maj:Windows_10,maj:Windows_10|maj:macOS_10,leaf:Windows_10,leaf:Windows_10,leaf:Windows_10|leaf:macOS_10_12.0
3660,fam:Windows,fam:Windows,fam:Windows,maj:Windows_10,maj:Windows_8,maj:Windows_10|maj:Windows_8,leaf:Windows_10,leaf:Windows_8_OTHER,leaf:Windows_10|leaf:Windows_8_OTHER
3661,fam:Windows,fam:Windows,fam:Windows,maj:Windows_10,maj:Windows_10,maj:Windows_10,leaf:Windows_10,leaf:Windows_10,leaf:Windows_10
3662,fam:Windows,fam:Windows,fam:Android|fam:Linux|fam:Windows|fam:macOS,maj:Windows_10,maj:Windows_10,maj:Android_6|maj:Linux_OTHER|maj:Windows_10|maj:Windows_8|maj:Windows_XP|maj:macOS_10,leaf:Windows_10,leaf:Windows_10,leaf:Android_6_0.0|leaf:Linux_OTHER|leaf:Windows_10|leaf:Windows_8_OTHER|leaf:Windows_XP|leaf:macOS_10_8.0
3665,fam:Windows,fam:Windows,fam:Android|fam:Windows,maj:Windows_10,maj:Windows_10,maj:Android_10|maj:Android_7|maj:Android_8|maj:Android_9|maj:Windows_10,leaf:Windows_10,leaf:Windows_10,leaf:Android_10|leaf:Android_7_1.0|leaf:Android_8_0.0|leaf:Android_8_1.0|leaf:Android_9|leaf:Windows_10
3666,fam:Windows,fam:Windows,fam:Windows,maj:Windows_10,maj:Windows_10,maj:Windows_10,leaf:Windows_10,leaf:Windows_10,leaf:Windows_10
3667,fam:Windows,fam:Windows,fam:Windows,maj:Windows_10,maj:Windows_10,maj:Windows_10,leaf:Windows_10,leaf:Windows_10,leaf:Windows_10
3671,fam:Windows,fam:Windows,fam:Windows,maj:Windows_10,maj:Windows_10,maj:Windows_10|maj:Windows_8,leaf:Windows_10,leaf:Windows_10,leaf:Windows_10|leaf:Windows_8_OTHER
3676,fam:Windows,fam:Windows,fam:Windows,maj:Windows_10,maj:Windows_10,maj:Windows_10,leaf:Windows_10,leaf:Windows_10,leaf:Windows_10
3677,fam:Windows,fam:Windows,fam:Windows,maj:Windows_10,maj:Windows_10,maj:Windows_10,leaf:Windows_10,leaf:Windows_10,leaf:Windows_10
3678,fam:Windows,fam:Windows,fam:Windows,maj:Windows_10,maj:Windows_10,maj:Windows_10,leaf:Windows_10,leaf:Windows_10,leaf:Windows_10
3680,fam:Windows,fam:Windows,fam:Windows,maj:Windows_10,maj:Windows_10,maj:Windows_10,leaf:Windows_10,leaf:Windows_10,leaf:Windows_10
3681,fam:Windows,fam:Windows,fam:Windows,maj:Windows_10,maj:Windows_10,maj:Windows_10,leaf:Windows_10,leaf:Windows_10,leaf:Windows_10
3684,fam:Windows,fam:Windows,fam:Windows,maj:Windows_10,maj:Windows_10,maj:Windows_10,leaf:Windows_10,leaf:Windows_10,leaf:Windows_10
3688,fam:Windows,fam:Windows,fam:Windows,maj:Windows_10,maj:Windows_8,maj:Windows_10|maj:Windows_7|maj:Windows_8,leaf:Windows_10,leaf:Windows_8_1.0,leaf:Windows_10|leaf:Windows_7|leaf:Windows_8_1.0|leaf:Windows_8_OTHER
3690,fam:Windows,fam:Windows,fam:Windows,maj:Windows_10,maj:Windows_10,maj:Windows_10,leaf:Windows_10,leaf:Windows_10,leaf:Windows_10
3691,fam:Windows,fam:Windows,fam:Windows,maj:Windows_10,maj:Windows_10,maj:Windows_10,leaf:Windows_10,leaf:Windows_10,leaf:Windows_10
3694,fam:Windows,fam:Windows,fam:Windows,maj:Windows_10,maj:Windows_10,maj:Windows_10,leaf:Windows_10,leaf:Windows_10,leaf:Windows_10
3695,fam:Windows,fam:Windows,fam:Windows,maj:Windows_10,maj:Windows_8,maj:Windows_10|maj:Windows_7|maj:Windows_8,leaf:Windows_10,leaf:Windows_8_1.0,leaf:Windows_10|leaf:Windows_7|leaf:Windows_8_1.0|leaf:Windows_8_OTHER
3698,fam:Windows,fam:Windows,fam:Windows,maj:Windows_10,maj:Windows_10,maj:Windows_10,leaf:Windows_10,leaf:Windows_10,leaf:Windows_10
3699,fam:Windows,fam:Windows,fam:Windows,maj:Windows_10,maj:Windows_10,maj:Windows_10,leaf:Windows_10,leaf:Windows_10,leaf:Windows_10
3700,fam:Windows,fam:Windows,fam:Windows,maj:Windows_10,maj:Windows_10,maj:Windows_10,leaf:Windows_10,leaf:Windows_10,leaf:Windows_10
3701,fam:Windows,fam:Windows,fam:Windows,maj:Windows_10,maj:Windows_10,maj:Windows_10,leaf:Windows_10,leaf:Windows_10,leaf:Windows_10
3703,fam:Windows,fam:Windows,fam:Windows,maj:Windows_10,maj:Windows_10,maj:Windows_10,leaf:Windows_10,leaf:Windows_10,leaf:Windows_10
3705,fam:Windows,fam:Windows,fam:Windows,maj:Windows_10,maj:Windows_10,maj:Windows_10,leaf:Windows_10,leaf:Windows_10,leaf:Windows_10
3707,fam:Windows,fam:Windows,fam:Windows,maj:Windows_10,maj:Windows_10,maj:Windows_10,leaf:Windows_10,leaf:Windows_10,leaf:Windows_10
3708,fam:Windows,fam:Windows,fam:Windows,maj:Windows_10,maj:Windows_10,maj:Windows_10,leaf:Windows_10,leaf:Windows_10,leaf:Windows_10
3709,fam:Windows,fam:Windows,fam:Windows,maj:Windows_10,maj:Windows_8,maj:Windows_7|maj:Windows_8,leaf:Windows_10,leaf:Windows_8_1.0,leaf:Windows_7|leaf:Windows_8_1.0
3711,fam:Windows,fam:Windows,fam:Windows,maj:Windows_10,maj:Windows_10,maj:Windows_10,leaf:Windows_10,leaf:Windows_10,leaf:Windows_10
3712,fam:Windows,fam:Windows,fam:Windows,maj:Windows_10,maj:Windows_10,maj:Windows_10,leaf:Windows_10,leaf:Windows_10,leaf:Windows_10
3713,fam:Windows,fam:Windows,fam:Android|fam:Linux|fam:Windows|fam:macOS,maj:Windows_10,maj:Windows_7,maj:Android_5|maj:Android_7|maj:Linux_OTHER|maj:Windows_10|maj:Windows_7|maj:Windows_8|maj:macOS_10,leaf:Windows_10,leaf:Windows_10,leaf:Android_5_1.0|leaf:Android_7_1.0|leaf:Linux_OTHER|leaf:Windows_10|leaf:Windows_7|leaf:Windows_8_1.0|leaf:macOS_10_10.0|leaf:macOS_10_11.0|leaf:macOS_10_12.0|leaf:macOS_10_13.0|leaf:macOS_10_8.0
3714,fam:Windows,fam:Windows,fam:Windows,maj:Windows_10,maj:Windows_10,maj:Windows_10,leaf:Windows_10,leaf:Windows_10,leaf:Windows_10
3716,fam:Windows,fam:Windows,fam:Windows,maj:Windows_10,maj:Windows_10,maj:Windows_10,leaf:Windows_10,leaf:Windows_10,leaf:Windows_10
3719,fam:Windows,fam:Windows,fam:Windows,maj:Windows_10,maj:Windows_10,maj:Windows_10,leaf:Windows_10,leaf:Windows_10,leaf:Windows_10
3722,fam:Windows,fam:Windows,fam:Windows,maj:Windows_10,maj:Windows_10,maj:Windows_10,leaf:Windows_10,leaf:Windows_10,leaf:Windows_10
3727,fam:Windows,fam:Windows,fam:Windows,maj:Windows_10,maj:Windows_10,maj:Windows_10|maj:Windows_7,leaf:Windows_10,leaf:Windows_10,leaf:Windows_10|leaf:Windows_7
3728,fam:Windows,fam:Windows,fam:Windows,maj:Windows_10,maj:Windows_10,maj:Windows_10,leaf:Windows_10,leaf:Windows_10,leaf:Windows_10
3730,fam:Windows,fam:Windows,fam:Windows,maj:Windows_10,maj:Windows_10,maj:Windows_10,leaf:Windows_10,leaf:Windows_10,leaf:Windows_10
3733,fam:Windows,fam:Windows,fam:Windows,maj:Windows_10,maj:Windows_10,maj:Windows_10,leaf:Windows_10,leaf:Windows_10,leaf:Windows_10
3734,fam:Windows,fam:Windows,fam:Windows,maj:Windows_10,maj:Windows_10,maj:Windows_10,leaf:Windows_10,leaf:Windows_10,leaf:Windows_10
3736,fam:Windows,fam:Windows,fam:Windows,maj:Windows_10,maj:Windows_10,maj:Windows_10|maj:Windows_7|maj:Windows_8,leaf:Windows_10,leaf:Windows_10,leaf:Windows_10|leaf:Windows_7|leaf:Windows_8_1.0
3739,fam:Windows,fam:Windows,fam:Windows,maj:Windows_10,maj:Windows_10,maj:Windows_10,leaf:Windows_10,leaf:Windows_10,leaf:Windows_10
3740,fam:Windows,fam:Windows,fam:Windows,maj:Windows_10,maj:Windows_10,maj:Windows_10,leaf:Windows_10,leaf:Windows_10,leaf:Windows_10
3741,fam:Windows,fam:Windows,fam:Windows,maj:Windows_10,maj:Windows_10,maj:Windows_10,leaf:Windows_10,leaf:Windows_10,leaf:Windows_10
3742,fam:Windows,fam:Windows,fam:Windows,maj:Windows_10,maj:Windows_10,maj:Windows_10,leaf:Windows_10,leaf:Windows_10,leaf:Windows_10
3743,fam:Windows,fam:Windows,fam:Android|fam:Linux|fam:Windows,maj:Windows_10,maj:Windows_10,maj:Android_10|maj:Android_5|maj:Android_6|maj:Android_7|maj:Android_8|maj:Android_9|maj:Linux_OTHER|maj:Windows_10,leaf:Windows_10,leaf:Windows_10,leaf:Android_10|leaf:Android_5_1.0|leaf:Android_6_0.0|leaf:Android_7_0.0|leaf:Android_8_0.0|leaf:Android_8_1.0|leaf:Android_9|leaf:Linux_OTHER|leaf:Windows_10
3744,fam:Windows,fam:Windows,fam:Windows,maj:Windows_10,maj:Windows_10,maj:Windows_10,leaf:Windows_10,leaf:Windows_10,leaf:Windows_10
3745,fam:Windows,fam:Windows,fam:Windows,maj:Windows_10,maj:Windows_10,maj:Windows_10,leaf:Windows_10,leaf:Windows_10,leaf:Windows_10
3747,fam:Windows,fam:Windows,fam:Windows,maj:Windows_10,maj:Windows_8,maj:Windows_10|maj:Windows_8,leaf:Windows_10,leaf:Windows_8_1.0,leaf:Windows_10|leaf:Windows_8_1.0
3748,fam:Windows,fam:Windows,fam:Windows,maj:Windows_10,maj:Windows_10,maj:Windows_10,leaf:Windows_10,leaf:Windows_10,leaf:Windows_10
3749,fam:Windows,fam:Windows,fam:Windows,maj:Windows_10,maj:Windows_10,maj:Windows_10,leaf:Windows_10,leaf:Windows_10,leaf:Windows_10
3750,fam:Windows,fam:Windows,fam:Windows,maj:Windows_10,maj:Windows_10,maj:Windows_10,leaf:Windows_10,leaf:Windows_10,leaf:Windows_10
3752,fam:Windows,fam:Windows,fam:Windows,maj:Windows_10,maj:Windows_10,maj:Windows_10,leaf:Windows_10,leaf:Windows_10,leaf:Windows_10
3753,fam:Windows,fam:Windows,fam:Windows,maj:Windows_10,maj:Windows_10,maj:Windows_10,leaf:Windows_10,leaf:Windows_10,leaf:Windows_10
3754,fam:Windows,fam:Windows,fam:Windows,maj:Windows_10,maj:Windows_10,maj:Windows_10,leaf:Windows_10,leaf:Windows_10,leaf:Windows_10
3756,fam:Windows,fam:Windows,fam:Windows,maj:Windows_10,maj:Windows_10,maj:Windows_10,leaf:Windows_10,leaf:Windows_10,leaf:Windows_10
3757,fam:Windows,fam:Windows,fam:Windows,maj:Windows_10,maj:Windows_10,maj:Windows_10,leaf:Windows_10,leaf:Windows_10,leaf:Windows_10
3763,fam:Windows,fam:Windows,fam:Windows,maj:Windows_10,maj:Windows_10,maj:Windows_10,leaf:Windows_10,leaf:Windows_10,leaf:Windows_10
3764,fam:Windows,fam:Windows,fam:Windows,maj:Windows_10,maj:Windows_10,maj:Windows_10,leaf:Windows_10,leaf:Windows_10,leaf:Windows_10
3765,fam:Windows,fam:Windows,fam:Windows,maj:Windows_10,maj:Windows_10,maj:Windows_10,leaf:Windows_10,leaf:Windows_10,leaf:Windows_10
3768,fam:Windows,fam:Windows,fam:Windows,maj:Windows_10,maj:Windows_10,maj:Windows_10,leaf:Windows_10,leaf:Windows_10,leaf:Windows_10
3769,fam:Windows,fam:Windows,fam:Windows,maj:Windows_10,maj:Windows_10,maj:Windows_10,leaf:Windows_10,leaf:Windows_10,leaf:Windows_10
3771,fam:Windows,fam:Windows,fam:Windows,maj:Windows_10,maj:Windows_10,maj:Windows_10,leaf:Windows_10,leaf:Windows_10,leaf:Windows_10
3772,fam:Windows,fam:Windows,fam:Windows,maj:Windows_10,maj:Windows_10,maj:Windows_10,leaf:Windows_10,leaf:Windows_10,leaf:Windows_10
3775,fam:Windows,fam:Windows,fam:Windows,maj:Windows_10,maj:Windows_10,maj:Windows_10|maj:Windows_8,leaf:Windows_10,leaf:Windows_10,leaf:Windows_10|leaf:Windows_8_1.0
3780,fam:Windows,fam:Windows,fam:Windows,maj:Windows_10,maj:Windows_10,maj:Windows_10,leaf:Windows_10,leaf:Windows_10,leaf:Windows_10
3781,fam:Windows,fam:Windows,fam:Windows,maj:Windows_10,maj:Windows_10,maj:Windows_10|maj:Windows_8,leaf:Windows_10,leaf:Windows_10,leaf:Windows_10|leaf:Windows_8_OTHER
3784,fam:Windows,fam:Windows,fam:Linux|fam:Windows|fam:macOS,maj:Windows_10,maj:Windows_10,maj:Linux_OTHER|maj:Windows_10|maj:macOS_10,leaf:Windows_10,leaf:Windows_10,leaf:Linux_OTHER|leaf:Windows_10|leaf:macOS_10_12.0
3786,fam:Windows,fam:Windows,fam:Windows,maj:Windows_10,maj:Windows_10,maj:Windows_10|maj:Windows_8,leaf:Windows_10,leaf:Windows_10,leaf:Windows_10|leaf:Windows_8_OTHER
3787,fam:Windows,fam:Windows,fam:Windows,maj:Windows_10,maj:Windows_10,maj:Windows_10,leaf:Windows_10,leaf:Windows_10,leaf:Windows_10
3789,fam:Windows,fam:Windows,fam:Windows,maj:Windows_10,maj:Windows_10,maj:Windows_10,leaf:Windows_10,leaf:Windows_10,leaf:Windows_10
3790,fam:Windows,fam:Windows,fam:Windows,maj:Windows_10,maj:Windows_10,maj:Windows_10,leaf:Windows_10,leaf:Windows_10,leaf:Windows_10
3791,fam:Windows,fam:Windows,fam:Windows,maj:Windows_10,maj:Windows_10,maj:Windows_10,leaf:Windows_10,leaf:Windows_10,leaf:Windows_10
3792,fam:Windows,fam:Windows,fam:Windows,maj:Windows_10,maj:Windows_10,maj:Windows_10|maj:Windows_8,leaf:Windows_10,leaf:Windows_10,leaf:Windows_10|leaf:Windows_8_OTHER
3793,fam:Windows,fam:Windows,fam:Windows,maj:Windows_10,maj:Windows_10,maj:Windows_10,leaf:Windows_10,leaf:Windows_10,leaf:Windows_10
3794,fam:Windows,fam:Windows,fam:Windows,maj:Windows_10,maj:Windows_10,maj:Windows_10,leaf:Windows_10,leaf:Windows_10,leaf:Windows_10
3801,fam:Windows,fam:Windows,fam:Windows,maj:Windows_10,maj:Windows_10,maj:Windows_10,leaf:Windows_10,leaf:Windows_10,leaf:Windows_10
3802,fam:Windows,fam:Windows,fam:Android|fam:Windows,maj:Windows_10,maj:Windows_10,maj:Android_6|maj:Windows_10|maj:Windows_XP,leaf:Windows_10,leaf:Windows_10,leaf:Android_6_0.0|leaf:Windows_10|leaf:Windows_XP
3803,fam:Windows,fam:Windows,fam:Windows,maj:Windows_10,maj:Windows_10,maj:Windows_10,leaf:Windows_10,leaf:Windows_10,leaf:Windows_10
3807,fam:Windows,fam:Windows,fam:Windows,maj:Windows_10,maj:Windows_10,maj:Windows_10,leaf:Windows_10,leaf:Windows_10,leaf:Windows_10
3810,fam:Windows,fam:Windows,fam:Windows,maj:Windows_10,maj:Windows_10,maj:Windows_10,leaf:Windows_10,leaf:Windows_10,leaf:Windows_10
3811,fam:Windows,fam:Windows,fam:Windows,maj:Windows_10,maj:Windows_10,maj:Windows_10,leaf:Windows_10,leaf:Windows_10,leaf:Windows_10
3813,fam:Windows,fam:Windows,fam:Windows,maj:Windows_10,maj:Windows_10,maj:Windows_10,leaf:Windows_10,leaf:Windows_10,leaf:Windows_10
3816,fam:Windows,fam:Windows,fam:Windows,maj:Windows_10,maj:Windows_10,maj:Windows_10,leaf:Windows_10,leaf:Windows_10,leaf:Windows_10
3819,fam:Windows,fam:Windows,fam:Windows,maj:Windows_10,maj:Windows_10,maj:Windows_10,leaf:Windows_10,leaf:Windows_10,leaf:Windows_10
3820,fam:Windows,fam:Windows,fam:Windows,maj:Windows_10,maj:Windows_10,maj:Windows_10,leaf:Windows_10,leaf:Windows_10,leaf:Windows_10
3821,fam:Windows,fam:Windows,fam:Windows,maj:Windows_10,maj:Windows_10,maj:Windows_10,leaf:Windows_10,leaf:Windows_10,leaf:Windows_10
3822,fam:Windows,fam:Windows,fam:Linux|fam:Windows|fam:macOS,maj:Windows_10,maj:Windows_10,maj:Linux_OTHER|maj:Windows_10|maj:Windows_7|maj:Windows_8|maj:Windows_XP|maj:macOS_10,leaf:Windows_10,leaf:Windows_10,leaf:Linux_OTHER|leaf:Windows_10|leaf:Windows_7|leaf:Windows_8_1.0|leaf:Windows_8_OTHER|leaf:Windows_XP|leaf:macOS_10_10.0|leaf:macOS_10_11.0|leaf:macOS_10_13.0|leaf:macOS_10_8.0|leaf:macOS_10_9.0
3824,fam:Windows,fam:Windows,fam:Windows,maj:Windows_10,maj:Windows_10,maj:Windows_10,leaf:Windows_10,leaf:Windows_10,leaf:Windows_10
3826,fam:Windows,fam:Windows,fam:Android|fam:Linux|fam:Windows,maj:Windows_10,maj:Windows_10,maj:Android_5|maj:Android_6|maj:Linux_OTHER|maj:Windows_10,leaf:Windows_10,leaf:Windows_10,leaf:Android_5_1.0|leaf:Android_6_0.0|leaf:Linux_OTHER|leaf:Windows_10
3829,fam:Windows,fam:Windows,fam:Windows,maj:Windows_10,maj:Windows_10,maj:Windows_10,leaf:Windows_10,leaf:Windows_10,leaf:Windows_10
3830,fam:Windows,fam:Windows,fam:Windows,maj:Windows_10,maj:Windows_10,maj:Windows_10,leaf:Windows_10,leaf:Windows_10,leaf:Windows_10
3831,fam:Windows,fam:Windows,fam:Android|fam:Linux|fam:Windows|fam:macOS,maj:Windows_10,maj:Linux_OTHER,maj:Android_4|maj:Android_8|maj:Android_9|maj:Linux_OTHER|maj:Linux_Ubuntu|maj:Windows_10|maj:Windows_7|maj:macOS_10,leaf:Windows_10,leaf:Windows_10,leaf:Android_4_0.0|leaf:Android_8_0.0|leaf:Android_8_1.0|leaf:Android_9|leaf:Linux_OTHER|leaf:Linux_Ubuntu|leaf:Windows_10|leaf:Windows_7|leaf:macOS_10_11.0|leaf:macOS_10_14.0
3832,fam:Windows,fam:Windows,fam:Windows,maj:Windows_10,maj:Windows_10,maj:Windows_10,leaf:Windows_10,leaf:Windows_10,leaf:Windows_10
3834,fam:Windows,fam:Windows,fam:Windows,maj:Windows_10,maj:Windows_10,maj:Windows_10,leaf:Windows_10,leaf:Windows_10,leaf:Windows_10
3838,fam:Windows,fam:Windows,fam:Windows,maj:Windows_10,maj:Windows_10,maj:Windows_10,leaf:Windows_10,leaf:Windows_10,leaf:Windows_10
3840,fam:Windows,fam:Windows,fam:Windows,maj:Windows_10,maj:Windows_10,maj:Windows_10|maj:Windows_8,leaf:Windows_10,leaf:Windows_10,leaf:Windows_10|leaf:Windows_8_OTHER
3841,fam:Windows,fam:Windows,fam:Windows,maj:Windows_10,maj:Windows_10,maj:Windows_10,leaf:Windows_10,leaf:Windows_10,leaf:Windows_10
3845,fam:Windows,fam:Windows,fam:Windows,maj:Windows_10,maj:Windows_10,maj:Windows_10|maj:Windows_8,leaf:Windows_10,leaf:Windows_10,leaf:Windows_10|leaf:Windows_8_OTHER
3846,fam:Windows,fam:Windows,fam:Windows,maj:Windows_10,maj:Windows_10,maj:Windows_10,leaf:Windows_10,leaf:Windows_10,leaf:Windows_10
3847,fam:Windows,fam:Windows,fam:Windows,maj:Windows_10,maj:Windows_10,maj:Windows_10,leaf:Windows_10,leaf:Windows_10,leaf:Windows_10
3848,fam:Windows,fam:Windows,fam:Android|fam:Linux|fam:Windows|fam:macOS,maj:Windows_10,maj:Windows_10,maj:Android_6|maj:Android_7|maj:Android_8|maj:Android_9|maj:Linux_OTHER|maj:Windows_10|maj:Windows_7|maj:macOS_10,leaf:Windows_10,leaf:Android_9,leaf:Android_6_0.0|leaf:Android_7_0.0|leaf:Android_8_0.0|leaf:Android_8_1.0|leaf:Android_9|leaf:Linux_OTHER|leaf:Windows_10|leaf:Windows_7|leaf:macOS_10_12.0
3849,fam:Windows,fam:Windows,fam:Windows,maj:Windows_10,maj:Windows_10,maj:Windows_10,leaf:Windows_10,leaf:Windows_10,leaf:Windows_10
3852,fam:Windows,fam:Windows,fam:Windows,maj:Windows_10,maj:Windows_10,maj:Windows_10|maj:Windows_8,leaf:Windows_10,leaf:Windows_10,leaf:Windows_10|leaf:Windows_8_1.0
3853,fam:Windows,fam:Windows,fam:Windows,maj:Windows_10,maj:Windows_10,maj:Windows_10|maj:Windows_7|maj:Windows_8,leaf:Windows_10,leaf:Windows_10,leaf:Windows_10|leaf:Windows_7|leaf:Windows_8_1.0
3856,fam:Windows,fam:Windows,fam:Windows,maj:Windows_10,maj:Windows_10,maj:Windows_10,leaf:Windows_10,leaf:Windows_10,leaf:Windows_10
3857,fam:Windows,fam:Windows,fam:Windows,maj:Windows_10,maj:Windows_10,maj:Windows_10|maj:Windows_8,leaf:Windows_10,leaf:Windows_10,leaf:Windows_10|leaf:Windows_8_1.0
3858,fam:Windows,fam:Windows,fam:Windows,maj:Windows_10,maj:Windows_10,maj:Windows_10,leaf:Windows_10,leaf:Windows_10,leaf:Windows_10
3859,fam:Windows,fam:Windows,fam:Windows,maj:Windows_10,maj:Windows_10,maj:Windows_10,leaf:Windows_10,leaf:Windows_10,leaf:Windows_10
3860,fam:Windows,fam:Windows,fam:Windows,maj:Windows_10,maj:Windows_10,maj:Windows_10,leaf:Windows_10,leaf:Windows_10,leaf:Windows_10
3861,fam:Windows,fam:Windows,fam:Windows,maj:Windows_10,maj:Windows_10,maj:Windows_10,leaf:Windows_10,leaf:Windows_10,leaf:Windows_10
3862,fam:Windows,fam:Windows,fam:Windows,maj:Windows_10,maj:Windows_10,maj:Windows_10,leaf:Windows_10,leaf:Windows_10,leaf:Windows_10
3864,fam:Windows,fam:Windows,fam:Windows,maj:Windows_10,maj:Windows_10,maj:Windows_10,leaf:Windows_10,leaf:Windows_10,leaf:Windows_10
3865,fam:Windows,fam:Windows,fam:Windows,maj:Windows_10,maj:Windows_10,maj:Windows_10,leaf:Windows_10,leaf:Windows_10,leaf:Windows_10
3866,fam:Windows,fam:Windows,fam:Windows,maj:Windows_10,maj:Windows_10,maj:Windows_10,leaf:Windows_10,leaf:Windows_10,leaf:Windows_10
3867,fam:Windows,fam:Windows,fam:Windows,maj:Windows_10,maj:Windows_10,maj:Windows_10,leaf:Windows_10,leaf:Windows_10,leaf:Windows_10
3875,fam:Windows,fam:Windows,fam:Windows,maj:Windows_10,maj:Windows_10,maj:Windows_10,leaf:Windows_10,leaf:Windows_10,leaf:Windows_10
3877,fam:Windows,fam:Windows,fam:Windows,maj:Windows_10,maj:Windows_10,maj:Windows_10,leaf:Windows_10,leaf:Windows_10,leaf:Windows_10
3878,fam:Windows,fam:Windows,fam:Windows,maj:Windows_10,maj:Windows_10,maj:Windows_10,leaf:Windows_10,leaf:Windows_10,leaf:Windows_10
3879,fam:Windows,fam:Windows,fam:Android|fam:Linux|fam:Windows,maj:Windows_10,maj:Windows_10,maj:Android_4|maj:Linux_OTHER|maj:Windows_10|maj:Windows_7,leaf:Windows_10,leaf:Android_4_4.0,leaf:Android_4_4.0|leaf:Linux_OTHER|leaf:Windows_10|leaf:Windows_7
3882,fam:Windows,fam:Windows,fam:Windows,maj:Windows_10,maj:Windows_10,maj:Windows_10,leaf:Windows_10,leaf:Windows_10,leaf:Windows_10
3884,fam:Windows,fam:Windows,fam:Android|fam:Windows,maj:Windows_10,maj:Windows_8,maj:Android_OTHER|maj:Windows_10|maj:Windows_7|maj:Windows_8,leaf:Windows_10,leaf:Windows_10,leaf:Android_OTHER|leaf:Windows_10|leaf:Windows_7|leaf:Windows_8_1.0|leaf:Windows_8_OTHER
3885,fam:Windows,fam:Windows,fam:Windows,maj:Windows_10,maj:Windows_10,maj:Windows_10,leaf:Windows_10,leaf:Windows_10,leaf:Windows_10
3890,fam:Windows,fam:Windows,fam:Windows,maj:Windows_10,maj:Windows_10,maj:Windows_10|maj:Windows_8,leaf:Windows_10,leaf:Windows_10,leaf:Windows_10|leaf:Windows_8_1.0
3892,fam:Windows,fam:Windows,fam:Windows,maj:Windows_10,maj:Windows_10,maj:Windows_10,leaf:Windows_10,leaf:Windows_10,leaf:Windows_10
3895,fam:Windows,fam:Windows,fam:Windows,maj:Windows_10,maj:Windows_10,maj:Windows_10,leaf:Windows_10,leaf:Windows_10,leaf:Windows_10
3897,fam:Windows,fam:Windows,fam:Windows,maj:Windows_10,maj:Windows_10,maj:Windows_10,leaf:Windows_10,leaf:Windows_10,leaf:Windows_10
3898,fam:Windows,fam:Windows,fam:Windows,maj:Windows_10,maj:Windows_10,maj:Windows_10,leaf:Windows_10,leaf:Windows_10,leaf:Windows_10
3899,fam:Windows,fam:Windows,fam:Windows,maj:Windows_10,maj:Windows_10,maj:Windows_10,leaf:Windows_10,leaf:Windows_10,leaf:Windows_10
3902,fam:Windows,fam:Windows,fam:Windows,maj:Windows_10,maj:Windows_8,maj:Windows_7|maj:Windows_8,leaf:Windows_10,leaf:Windows_8_1.0,leaf:Windows_7|leaf:Windows_8_1.0|leaf:Windows_8_OTHER
3903,fam:Windows,fam:Windows,fam:Windows,maj:Windows_10,maj:Windows_10,maj:Windows_10|maj:Windows_8,leaf:Windows_10,leaf:Windows_10,leaf:Windows_10|leaf:Windows_8_OTHER
3904,fam:Windows,fam:Windows,fam:Windows,maj:Windows_10,maj:Windows_10,maj:Windows_10,leaf:Windows_10,leaf:Windows_10,leaf:Windows_10
3905,fam:Windows,fam:Windows,fam:Windows,maj:Windows_10,maj:Windows_10,maj:Windows_10,leaf:Windows_10,leaf:Windows_10,leaf:Windows_10
3906,fam:Windows,fam:Windows,fam:Windows,maj:Windows_10,maj:Windows_10,maj:Windows_10,leaf:Windows_10,leaf:Windows_10,leaf:Windows_10
3909,fam:Windows,fam:Windows,fam:Windows,maj:Windows_10,maj:Windows_10,maj:Windows_10,leaf:Windows_10,leaf:Windows_10,leaf:Windows_10
3910,fam:Windows,fam:Windows,fam:Windows,maj:Windows_10,maj:Windows_10,maj:Windows_10,leaf:Windows_10,leaf:Windows_10,leaf:Windows_10
3911,fam:Windows,fam:Windows,fam:Windows,maj:Windows_10,maj:Windows_10,maj:Windows_10|maj:Windows_8,leaf:Windows_10,leaf:Windows_10,leaf:Windows_10|leaf:Windows_8_OTHER
3913,fam:Windows,fam:Windows,fam:Windows,maj:Windows_10,maj:Windows_10,maj:Windows_10,leaf:Windows_10,leaf:Windows_10,leaf:Windows_10
3917,fam:Windows,fam:Windows,fam:Windows,maj:Windows_10,maj:Windows_10,maj:Windows_10|maj:Windows_8,leaf:Windows_10,leaf:Windows_10,leaf:Windows_10|leaf:Windows_8_OTHER
3921,fam:Windows,fam:Windows,fam:Windows,maj:Windows_10,maj:Windows_10,maj:Windows_10,leaf:Windows_10,leaf:Windows_10,leaf:Windows_10
3923,fam:Windows,fam:Windows,fam:Android|fam:Windows,maj:Windows_10,maj:Windows_10,maj:Android_7|maj:Android_8|maj:Windows_10|maj:Windows_7,leaf:Windows_10,leaf:Windows_10,leaf:Android_7_1.0|leaf:Android_8_0.0|leaf:Windows_10|leaf:Windows_7
3924,fam:Windows,fam:Windows,fam:Windows,maj:Windows_10,maj:Windows_7,maj:Windows_7|maj:Windows_8,leaf:Windows_10,leaf:Windows_7,leaf:Windows_7|leaf:Windows_8_1.0
3925,fam:Windows,fam:Windows,fam:Windows,maj:Windows_10,maj:Windows_10,maj:Windows_10,leaf:Windows_10,leaf:Windows_10,leaf:Windows_10
3928,fam:Windows,fam:Windows,fam:Windows,maj:Windows_10,maj:Windows_10,maj:Windows_10,leaf:Windows_10,leaf:Windows_10,leaf:Windows_10
3929,fam:Windows,fam:Windows,fam:Windows,maj:Windows_10,maj:Windows_10,maj:Windows_10,leaf:Windows_10,leaf:Windows_10,leaf:Windows_10
3931,fam:Windows,fam:Windows,fam:Windows,maj:Windows_10,maj:Windows_10,maj:Windows_10,leaf:Windows_10,leaf:Windows_10,leaf:Windows_10
3932,fam:Windows,fam:Windows,fam:Windows,maj:Windows_10,maj:Windows_10,maj:Windows_10,leaf:Windows_10,leaf:Windows_10,leaf:Windows_10
3934,fam:Windows,fam:Windows,fam:Windows,maj:Windows_10,maj:Windows_10,maj:Windows_10,leaf:Windows_10,leaf:Windows_10,leaf:Windows_10
3936,fam:Windows,fam:Windows,fam:Windows,maj:Windows_10,maj:Windows_10,maj:Windows_10,leaf:Windows_10,leaf:Windows_10,leaf:Windows_10
3940,fam:Windows,fam:Windows,fam:Windows,maj:Windows_10,maj:Windows_10,maj:Windows_10,leaf:Windows_10,leaf:Windows_10,leaf:Windows_10
3941,fam:Windows,fam:Windows,fam:Windows,maj:Windows_10,maj:Windows_10,maj:Windows_10,leaf:Windows_10,leaf:Windows_10,leaf:Windows_10
3948,fam:Windows,fam:Windows,fam:Android|fam:Linux|fam:Windows,maj:Windows_10,maj:Windows_10,maj:Android_6|maj:Linux_OTHER|maj:Windows_10|maj:Windows_XP,leaf:Windows_10,leaf:Windows_10,leaf:Android_6_0.0|leaf:Linux_OTHER|leaf:Windows_10|leaf:Windows_XP
3953,fam:Windows,fam:Windows,fam:Windows,maj:Windows_10,maj:Windows_10,maj:Windows_10,leaf:Windows_10,leaf:Windows_10,leaf:Windows_10
3955,fam:Windows,fam:Windows,fam:Windows,maj:Windows_10,maj:Windows_10,maj:Windows_10,leaf:Windows_10,leaf:Windows_10,leaf:Windows_10
3957,fam:Windows,fam:Windows,fam:Windows,maj:Windows_10,maj:Windows_10,maj:Windows_10,leaf:Windows_10,leaf:Windows_10,leaf:Windows_10
3958,fam:Windows,fam:Windows,fam:Linux|fam:Windows,maj:Windows_10,maj:Windows_10,maj:Linux_OTHER|maj:Windows_10|maj:Windows_7|maj:Windows_XP,leaf:Windows_10,leaf:Windows_XP,leaf:Linux_OTHER|leaf:Windows_10|leaf:Windows_7|leaf:Windows_XP
3959,fam:Windows,fam:Windows,fam:Windows,maj:Windows_10,maj:Windows_10,maj:Windows_10|maj:Windows_8,leaf:Windows_10,leaf:Windows_10,leaf:Windows_10|leaf:Windows_8_OTHER
3960,fam:Windows,fam:Windows,fam:Windows,maj:Windows_10,maj:Windows_10,maj:Windows_10,leaf:Windows_10,leaf:Windows_10,leaf:Windows_10
3961,fam:Windows,fam:Windows,fam:Windows,maj:Windows_10,maj:Windows_10,maj:Windows_10,leaf:Windows_10,leaf:Windows_10,leaf:Windows_10
3963,fam:Windows,fam:Windows,fam:Windows,maj:Windows_10,maj:Windows_10,maj:Windows_10,leaf:Windows_10,leaf:Windows_10,leaf:Windows_10
3966,fam:Windows,fam:Windows,fam:Windows,maj:Windows_10,maj:Windows_10,maj:Windows_10,leaf:Windows_10,leaf:Windows_10,leaf:Windows_10
3967,fam:Windows,fam:Windows,fam:Windows,maj:Windows_10,maj:Windows_10,maj:Windows_10,leaf:Windows_10,leaf:Windows_10,leaf:Windows_10
3969,fam:Windows,fam:Windows,fam:Windows,maj:Windows_10,maj:Windows_10,maj:Windows_10,leaf:Windows_10,leaf:Windows_10,leaf:Windows_10
3970,fam:Windows,fam:Windows,fam:Windows,maj:Windows_10,maj:Windows_10,maj:Windows_10,leaf:Windows_10,leaf:Windows_10,leaf:Windows_10
3973,fam:Windows,fam:Windows,fam:Windows,maj:Windows_10,maj:Windows_8,maj:Windows_10|maj:Windows_7|maj:Windows_8,leaf:Windows_10,leaf:Windows_8_1.0,leaf:Windows_10|leaf:Windows_7|leaf:Windows_8_1.0|leaf:Windows_8_OTHER
3975,fam:Windows,fam:Windows,fam:Windows,maj:Windows_10,maj:Windows_10,maj:Windows_10|maj:Windows_8,leaf:Windows_10,leaf:Windows_10,leaf:Windows_10|leaf:Windows_8_OTHER
3978,fam:Windows,fam:Windows,fam:Windows,maj:Windows_10,maj:Windows_10,maj:Windows_10,leaf:Windows_10,leaf:Windows_10,leaf:Windows_10
3979,fam:Windows,fam:Windows,fam:Windows,maj:Windows_10,maj:Windows_10,maj:Windows_10,leaf:Windows_10,leaf:Windows_10,leaf:Windows_10
3982,fam:Windows,fam:Windows,fam:Windows,maj:Windows_10,maj:Windows_10,maj:Windows_10,leaf:Windows_10,leaf:Windows_10,leaf:Windows_10
3983,fam:Windows,fam:Windows,fam:Windows,maj:Windows_10,maj:Windows_10,maj:Windows_10,leaf:Windows_10,leaf:Windows_10,leaf:Windows_10
3984,fam:Windows,fam:Windows,fam:Windows,maj:Windows_10,maj:Windows_10,maj:Windows_10,leaf:Windows_10,leaf:Windows_10,leaf:Windows_10
3985,fam:Windows,fam:Windows,fam:Windows,maj:Windows_10,maj:Windows_10,maj:Windows_10,leaf:Windows_10,leaf:Windows_10,leaf:Windows_10
3987,fam:Windows,fam:Windows,fam:Windows,maj:Windows_10,maj:Windows_10,maj:Windows_10,leaf:Windows_10,leaf:Windows_10,leaf:Windows_10
3990,fam:Windows,fam:Windows,fam:Windows,maj:Windows_10,maj:Windows_8,maj:Windows_10|maj:Windows_8,leaf:Windows_10,leaf:Windows_8_OTHER,leaf:Windows_10|leaf:Windows_8_OTHER
3994,fam:Windows,fam:Windows,fam:Windows,maj:Windows_10,maj:Windows_10,maj:Windows_10,leaf:Windows_10,leaf:Windows_10,leaf:Windows_10
3995,fam:Windows,fam:Windows,fam:Windows,maj:Windows_10,maj:Windows_10,maj:Windows_10|maj:Windows_8,leaf:Windows_10,leaf:Windows_10,leaf:Windows_10|leaf:Windows_8_OTHER
3996,fam:Windows,fam:Windows,fam:Windows,maj:Windows_10,maj:Windows_10,maj:Windows_10,leaf:Windows_10,leaf:Windows_10,leaf:Windows_10
3997,fam:Windows,fam:Windows,fam:Android|fam:Windows,maj:Windows_10,maj:Windows_10,maj:Android_6|maj:Windows_10|maj:Windows_7,leaf:Windows_10,leaf:Windows_10,leaf:Android_6_0.0|leaf:Windows_10|leaf:Windows_7
3998,fam:Windows,fam:Windows,fam:Windows,maj:Windows_10,maj:Windows_10,maj:Windows_10,leaf:Windows_10,leaf:Windows_10,leaf:Windows_10
4003,fam:Windows,fam:Windows,fam:Windows,maj:Windows_10,maj:Windows_10,maj:Windows_10,leaf:Windows_10,leaf:Windows_10,leaf:Windows_10
4004,fam:Windows,fam:Windows,fam:Android|fam:Windows,maj:Windows_10,maj:Windows_10,maj:Android_10|maj:Android_8|maj:Android_9|maj:Windows_10,leaf:Windows_10,leaf:Windows_10,leaf:Android_10|leaf:Android_8_0.0|leaf:Android_8_1.0|leaf:Android_9|leaf:Windows_10
4005,fam:Windows,fam:Windows,fam:Windows,maj:Windows_10,maj:Windows_10,maj:Windows_10,leaf:Windows_10,leaf:Windows_10,leaf:Windows_10
4007,fam:Windows,fam:Windows,fam:Windows,maj:Windows_10,maj:Windows_10,maj:Windows_10|maj:Windows_8,leaf:Windows_10,leaf:Windows_10,leaf:Windows_10|leaf:Windows_8_1.0|leaf:Windows_8_OTHER
4008,fam:Windows,fam:Windows,fam:Windows|fam:macOS,maj:Windows_10,maj:Windows_10,maj:Windows_10|maj:macOS_10,leaf:Windows_10,leaf:Windows_10,leaf:Windows_10|leaf:macOS_10_12.0
4011,fam:Windows,fam:Windows,fam:Windows,maj:Windows_10,maj:Windows_10,maj:Windows_10,leaf:Windows_10,leaf:Windows_10,leaf:Windows_10
4016,fam:Windows,fam:Windows,fam:Windows|fam:macOS,maj:Windows_10,maj:Windows_10,maj:Windows_10|maj:macOS_10,leaf:Windows_10,leaf:Windows_10,leaf:Windows_10|leaf:macOS_10_12.0
4019,fam:Windows,fam:Windows,fam:Windows,maj:Windows_10,maj:Windows_10,maj:Windows_10,leaf:Windows_10,leaf:Windows_10,leaf:Windows_10
4020,fam:Windows,fam:Windows,fam:Windows,maj:Windows_10,maj:Windows_10,maj:Windows_10,leaf:Windows_10,leaf:Windows_10,leaf:Windows_10
4021,fam:Windows,fam:Windows,fam:Windows,maj:Windows_10,maj:Windows_10,maj:Windows_10,leaf:Windows_10,leaf:Windows_10,leaf:Windows_10
4026,fam:Windows,fam:Windows,fam:Windows,maj:Windows_10,maj:Windows_10,maj:Windows_10,leaf:Windows_10,leaf:Windows_10,leaf:Windows_10
4028,fam:Windows,fam:Windows,fam:Windows,maj:Windows_10,maj:Windows_10,maj:Windows_10,leaf:Windows_10,leaf:Windows_10,leaf:Windows_10
4029,fam:Windows,fam:Windows,fam:Windows,maj:Windows_10,maj:Windows_10,maj:Windows_10,leaf:Windows_10,leaf:Windows_10,leaf:Windows_10
4032,fam:Windows,fam:Windows,fam:Windows,maj:Windows_10,maj:Windows_10,maj:Windows_10,leaf:Windows_10,leaf:Windows_10,leaf:Windows_10
4034,fam:Windows,fam:Windows,fam:Windows,maj:Windows_10,maj:Windows_10,maj:Windows_10,leaf:Windows_10,leaf:Windows_10,leaf:Windows_10
4036,fam:Windows,fam:Windows,fam:Windows,maj:Windows_10,maj:Windows_10,maj:Windows_10|maj:Windows_8,leaf:Windows_10,leaf:Windows_10,leaf:Windows_10|leaf:Windows_8_OTHER
4037,fam:Windows,fam:Windows,fam:Windows,maj:Windows_10,maj:Windows_10,maj:Windows_10,leaf:Windows_10,leaf:Windows_10,leaf:Windows_10
4038,fam:Windows,fam:Windows,fam:Windows,maj:Windows_10,maj:Windows_10,maj:Windows_10,leaf:Windows_10,leaf:Windows_10,leaf:Windows_10
4041,fam:Windows,fam:Windows,fam:Windows,maj:Windows_10,maj:Windows_10,maj:Windows_10,leaf:Windows_10,leaf:Windows_10,leaf:Windows_10
4042,fam:Windows,fam:Windows,fam:Windows,maj:Windows_10,maj:Windows_10,maj:Windows_10,leaf:Windows_10,leaf:Windows_10,leaf:Windows_10
4044,fam:Windows,fam:Windows,fam:Windows,maj:Windows_10,maj:Windows_10,maj:Windows_10,leaf:Windows_10,leaf:Windows_10,leaf:Windows_10
4046,fam:Windows,fam:Windows,fam:Windows,maj:Windows_10,maj:Windows_10,maj:Windows_10,leaf:Windows_10,leaf:Windows_10,leaf:Windows_10
4047,fam:Windows,fam:Windows,fam:Windows,maj:Windows_10,maj:Windows_10,maj:Windows_10,leaf:Windows_10,leaf:Windows_10,leaf:Windows_10
4048,fam:Windows,fam:Windows,fam:Windows,maj:Windows_10,maj:Windows_10,maj:Windows_10|maj:Windows_8,leaf:Windows_10,leaf:Windows_10,leaf:Windows_10|leaf:Windows_8_OTHER
4049,fam:Windows,fam:Windows,fam:Windows,maj:Windows_10,maj:Windows_10,maj:Windows_10,leaf:Windows_10,leaf:Windows_10,leaf:Windows_10
4050,fam:Windows,fam:Windows,fam:Windows,maj:Windows_10,maj:Windows_10,maj:Windows_10,leaf:Windows_10,leaf:Windows_10,leaf:Windows_10
4053,fam:Windows,fam:Windows,fam:Windows,maj:Windows_10,maj:Windows_10,maj:Windows_10,leaf:Windows_10,leaf:Windows_10,leaf:Windows_10
4056,fam:Windows,fam:Windows,fam:Windows,maj:Windows_10,maj:Windows_10,maj:Windows_10,leaf:Windows_10,leaf:Windows_10,leaf:Windows_10
4060,fam:Windows,fam:Windows,fam:Windows,maj:Windows_10,maj:Windows_10,maj:Windows_10,leaf:Windows_10,leaf:Windows_10,leaf:Windows_10
4062,fam:Windows,fam:Windows,fam:Windows,maj:Windows_10,maj:Windows_10,maj:Windows_10|maj:Windows_8,leaf:Windows_10,leaf:Windows_10,leaf:Windows_10|leaf:Windows_8_1.0
4064,fam:Windows,fam:Windows,fam:Windows,maj:Windows_10,maj:Windows_10,maj:Windows_10,leaf:Windows_10,leaf:Windows_10,leaf:Windows_10
4065,fam:Windows,fam:Windows,fam:Windows,maj:Windows_10,maj:Windows_10,maj:Windows_10,leaf:Windows_10,leaf:Windows_10,leaf:Windows_10
4069,fam:Windows,fam:Windows,fam:Windows,maj:Windows_10,maj:Windows_10,maj:Windows_10,leaf:Windows_10,leaf:Windows_10,leaf:Windows_10
4070,fam:Windows,fam:Linux,fam:Linux|fam:iOS|fam:macOS,maj:Windows_10,maj:Linux_OTHER,maj:Linux_OTHER|maj:Linux_Ubuntu|maj:iOS_12|maj:iOS_13|maj:macOS_10,leaf:Windows_10,leaf:Linux_OTHER,leaf:Linux_OTHER|leaf:Linux_Ubuntu|leaf:iOS_12_1.0|leaf:iOS_13_5.0|leaf:macOS_10_11.0
4071,fam:Windows,fam:Windows,fam:Windows,maj:Windows_10,maj:Windows_10,maj:Windows_10,leaf:Windows_10,leaf:Windows_10,leaf:Windows_10
4072,fam:Windows,fam:Windows,fam:Windows,maj:Windows_10,maj:Windows_10,maj:Windows_10|maj:Windows_8,leaf:Windows_10,leaf:Windows_10,leaf:Windows_10|leaf:Windows_8_1.0
4074,fam:Windows,fam:Windows,fam:Windows,maj:Windows_10,maj:Windows_10,maj:Windows_10,leaf:Windows_10,leaf:Windows_10,leaf:Windows_10
4075,fam:Windows,fam:Windows,fam:Windows,maj:Windows_10,maj:Windows_10,maj:Windows_10|maj:Windows_7|maj:Windows_8,leaf:Windows_10,leaf:Windows_10,leaf:Windows_10|leaf:Windows_7|leaf:Windows_8_1.0
4076,fam:Windows,fam:Windows,fam:Windows,maj:Windows_10,maj:Windows_10,maj:Windows_10,leaf:Windows_10,leaf:Windows_10,leaf:Windows_10
4080,fam:Windows,fam:Windows,fam:Android|fam:Windows|fam:macOS,maj:Windows_10,maj:Windows_7,maj:Android_4|maj:Windows_10|maj:Windows_7|maj:macOS_10,leaf:Windows_10,leaf:Android_4_4.0,leaf:Android_4_4.0|leaf:Windows_10|leaf:Windows_7|leaf:macOS_10_15.0
4081,fam:Windows,fam:Android,fam:Android,maj:Windows_10,maj:Android_6,maj:Android_5|maj:Android_6|maj:Android_7|maj:Android_8,leaf:Windows_10,leaf:Android_7_0.0,leaf:Android_5_1.0|leaf:Android_6_0.0|leaf:Android_7_0.0|leaf:Android_8_0.0|leaf:Android_8_1.0
4082,fam:Windows,fam:Windows,fam:Windows,maj:Windows_10,maj:Windows_10,maj:Windows_10,leaf:Windows_10,leaf:Windows_10,leaf:Windows_10
4085,fam:Windows,fam:Windows,fam:Windows,maj:Windows_10,maj:Windows_10,maj:Windows_10,leaf:Windows_10,leaf:Windows_10,leaf:Windows_10
4088,fam:Windows,fam:Windows,fam:Windows,maj:Windows_10,maj:Windows_10,maj:Windows_10|maj:Windows_8,leaf:Windows_10,leaf:Windows_10,leaf:Windows_10|leaf:Windows_8_OTHER
4089,fam:Windows,fam:Windows,fam:Windows,maj:Windows_10,maj:Windows_10,maj:Windows_10|maj:Windows_7,leaf:Windows_10,leaf:Windows_10,leaf:Windows_10|leaf:Windows_7
4090,fam:Windows,fam:Windows,fam:Windows,maj:Windows_10,maj:Windows_10,maj:Windows_10,leaf:Windows_10,leaf:Windows_10,leaf:Windows_10
4096,fam:Windows,fam:Windows,fam:Windows,maj:Windows_10,maj:Windows_10,maj:Windows_10|maj:Windows_8,leaf:Windows_10,leaf:Windows_10,leaf:Windows_10|leaf:Windows_8_OTHER
4097,fam:Windows,fam:Windows,fam:Windows,maj:Windows_10,maj:Windows_10,maj:Windows_10,leaf:Windows_10,leaf:Windows_10,leaf:Windows_10
4098,fam:Windows,fam:Windows,fam:Windows,maj:Windows_10,maj:Windows_10,maj:Windows_10,leaf:Windows_10,leaf:Windows_10,leaf:Windows_10
4099,fam:Windows,fam:Windows,fam:Windows,maj:Windows_10,maj:Windows_10,maj:Windows_10|maj:Windows_8,leaf:Windows_10,leaf:Windows_10,leaf:Windows_10|leaf:Windows_8_OTHER
4102,fam:Windows,fam:Windows,fam:Windows,maj:Windows_10,maj:Windows_10,maj:Windows_10,leaf:Windows_10,leaf:Windows_10,leaf:Windows_10
4103,fam:Windows,fam:Windows,fam:Windows,maj:Windows_10,maj:Windows_10,maj:Windows_10,leaf:Windows_10,leaf:Windows_10,leaf:Windows_10
4107,fam:Windows,fam:Windows,fam:Windows,maj:Windows_10,maj:Windows_10,maj:Windows_10,leaf:Windows_10,leaf:Windows_10,leaf:Windows_10
4109,fam:Windows,fam:Windows,fam:Linux|fam:Windows,maj:Windows_10,maj:Windows_10,maj:Linux_OTHER|maj:Windows_10|maj:Windows_7|maj:Windows_8,leaf:Windows_10,leaf:Windows_7,leaf:Linux_OTHER|leaf:Windows_10|leaf:Windows_7|leaf:Windows_8_1.0
4110,fam:Windows,fam:Windows,fam:Windows,maj:Windows_10,maj:Windows_10,maj:Windows_10,leaf:Windows_10,leaf:Windows_10,leaf:Windows_10
4111,fam:Windows,fam:Windows,fam:Android|fam:Windows,maj:Windows_10,maj:Windows_10,maj:Android_OTHER|maj:Windows_10|maj:Windows_8,leaf:Windows_10,leaf:Windows_10,leaf:Android_OTHER|leaf:Windows_10|leaf:Windows_8_1.0
4112,fam:Windows,fam:Windows,fam:Windows,maj:Windows_10,maj:Windows_10,maj:Windows_10,leaf:Windows_10,leaf:Windows_10,leaf:Windows_10
4114,fam:Windows,fam:Windows,fam:Linux|fam:Windows|fam:macOS,maj:Windows_10,maj:Windows_10,maj:Linux_OTHER|maj:Windows_10|maj:macOS_10,leaf:Windows_10,leaf:Windows_10,leaf:Linux_OTHER|leaf:Windows_10|leaf:macOS_10_12.0
4116,fam:Windows,fam:Windows,fam:Windows,maj:Windows_10,maj:Windows_10,maj:Windows_10,leaf:Windows_10,leaf:Windows_10,leaf:Windows_10
4117,fam:Windows,fam:Windows,fam:Windows,maj:Windows_10,maj:Windows_8,maj:Windows_10|maj:Windows_7|maj:Windows_8,leaf:Windows_10,leaf:Windows_8_1.0,leaf:Windows_10|leaf:Windows_7|leaf:Windows_8_1.0|leaf:Windows_8_OTHER
4120,fam:Windows,fam:Windows,fam:Windows,maj:Windows_10,maj:Windows_10,maj:Windows_10,leaf:Windows_10,leaf:Windows_10,leaf:Windows_10
4123,fam:Windows,fam:Windows,fam:Linux|fam:Windows|fam:macOS,maj:Windows_10,maj:Windows_10,maj:Linux_OTHER|maj:Windows_10|maj:Windows_7|maj:Windows_8|maj:Windows_XP|maj:macOS_10,leaf:Windows_10,leaf:Windows_XP,leaf:Linux_OTHER|leaf:Windows_10|leaf:Windows_7|leaf:Windows_8_1.0|leaf:Windows_8_OTHER|leaf:Windows_XP|leaf:macOS_10_10.0|leaf:macOS_10_11.0|leaf:macOS_10_8.0
4125,fam:Windows,fam:Windows,fam:Windows,maj:Windows_10,maj:Windows_10,maj:Windows_10,leaf:Windows_10,leaf:Windows_10,leaf:Windows_10
4130,fam:Windows,fam:Windows,fam:Windows,maj:Windows_10,maj:Windows_10,maj:Windows_10,leaf:Windows_10,leaf:Windows_10,leaf:Windows_10
4131,fam:Windows,fam:Windows,fam:Linux|fam:Windows,maj:Windows_10,maj:Windows_10,maj:Linux_OTHER|maj:Windows_10,leaf:Windows_10,leaf:Windows_10,leaf:Linux_OTHER|leaf:Windows_10
4132,fam:Windows,fam:Windows,fam:Windows,maj:Windows_10,maj:Windows_10,maj:Windows_10,leaf:Windows_10,leaf:Windows_10,leaf:Windows_10
4136,fam:Windows,fam:Windows,fam:Windows,maj:Windows_10,maj:Windows_10,maj:Windows_10,leaf:Windows_10,leaf:Windows_10,leaf:Windows_10
4137,fam:Windows,fam:Windows,fam:Windows,maj:Windows_10,maj:Windows_10,maj:Windows_10,leaf:Windows_10,leaf:Windows_10,leaf:Windows_10
4138,fam:Windows,fam:Windows,fam:Windows,maj:Windows_10,maj:Windows_10,maj:Windows_10,leaf:Windows_10,leaf:Windows_10,leaf:Windows_10
4140,fam:Windows,fam:Windows,fam:Windows,maj:Windows_10,maj:Windows_10,maj:Windows_10,leaf:Windows_10,leaf:Windows_10,leaf:Windows_10
4141,fam:Windows,fam:Windows,fam:Windows,maj:Windows_10,maj:Windows_10,maj:Windows_10,leaf:Windows_10,leaf:Windows_10,leaf:Windows_10
4142,fam:Windows,fam:Windows,fam:Windows,maj:Windows_10,maj:Windows_10,maj:Windows_10|maj:Windows_8,leaf:Windows_10,leaf:Windows_8_OTHER,leaf:Windows_10|leaf:Windows_8_OTHER
4143,fam:Windows,fam:Windows,fam:Windows,maj:Windows_10,maj:Windows_10,maj:Windows_10,leaf:Windows_10,leaf:Windows_10,leaf:Windows_10
4145,fam:Windows,fam:Windows,fam:Windows,maj:Windows_10,maj:Windows_10,maj:Windows_10,leaf:Windows_10,leaf:Windows_10,leaf:Windows_10
4147,fam:Windows,fam:Windows,fam:Windows,maj:Windows_10,maj:Windows_8,maj:Windows_10|maj:Windows_7|maj:Windows_8,leaf:Windows_10,leaf:Windows_8_1.0,leaf:Windows_10|leaf:Windows_7|leaf:Windows_8_1.0|leaf:Windows_8_OTHER
4151,fam:Windows,fam:Windows,fam:Windows,maj:Windows_10,maj:Windows_10,maj:Windows_10,leaf:Windows_10,leaf:Windows_10,leaf:Windows_10
4152,fam:Windows,fam:Windows,fam:Windows,maj:Windows_10,maj:Windows_10,maj:Windows_10|maj:Windows_8,leaf:Windows_10,leaf:Windows_10,leaf:Windows_10|leaf:Windows_8_OTHER
4153,fam:Windows,fam:Windows,fam:Windows,maj:Windows_10,maj:Windows_10,maj:Windows_10,leaf:Windows_10,leaf:Windows_10,leaf:Windows_10
4154,fam:Windows,fam:Windows,fam:Windows|fam:macOS,maj:Windows_10,maj:Windows_10,maj:Windows_10|maj:macOS_10,leaf:Windows_10,leaf:Windows_10,leaf:Windows_10|leaf:macOS_10_12.0
4155,fam:Windows,fam:Windows,fam:Windows,maj:Windows_10,maj:Windows_10,maj:Windows_10,leaf:Windows_10,leaf:Windows_10,leaf:Windows_10
4158,fam:Windows,fam:Windows,fam:Windows,maj:Windows_10,maj:Windows_10,maj:Windows_10,leaf:Windows_10,leaf:Windows_10,leaf:Windows_10
4160,fam:Windows,fam:Windows,fam:Windows,maj:Windows_10,maj:Windows_10,maj:Windows_10,leaf:Windows_10,leaf:Windows_10,leaf:Windows_10
4161,fam:Windows,fam:Windows,fam:Windows,maj:Windows_10,maj:Windows_10,maj:Windows_10,leaf:Windows_10,leaf:Windows_10,leaf:Windows_10
4163,fam:Windows,fam:Windows,fam:Windows,maj:Windows_10,maj:Windows_10,maj:Windows_10|maj:Windows_8|maj:Windows_XP,leaf:Windows_10,leaf:Windows_10,leaf:Windows_10|leaf:Windows_8_OTHER|leaf:Windows_XP
4167,fam:Windows,fam:Windows,fam:Windows,maj:Windows_10,maj:Windows_10,maj:Windows_10,leaf:Windows_10,leaf:Windows_10,leaf:Windows_10
4168,fam:Windows,fam:Windows,fam:Windows,maj:Windows_10,maj:Windows_10,maj:Windows_10,leaf:Windows_10,leaf:Windows_10,leaf:Windows_10
4169,fam:Windows,fam:Windows,fam:Windows,maj:Windows_10,maj:Windows_10,maj:Windows_10,leaf:Windows_10,leaf:Windows_10,leaf:Windows_10
4170,fam:Windows,fam:Windows,fam:Windows,maj:Windows_10,maj:Windows_10,maj:Windows_10,leaf:Windows_10,leaf:Windows_10,leaf:Windows_10
4171,fam:Windows,fam:Windows,fam:Windows,maj:Windows_10,maj:Windows_10,maj:Windows_10,leaf:Windows_10,leaf:Windows_10,leaf:Windows_10
4174,fam:Windows,fam:Windows,fam:Linux|fam:Windows,maj:Windows_10,maj:Windows_10,maj:Linux_OTHER|maj:Windows_10|maj:Windows_7|maj:Windows_8,leaf:Windows_10,leaf:Windows_10,leaf:Linux_OTHER|leaf:Windows_10|leaf:Windows_7|leaf:Windows_8_1.0|leaf:Windows_8_OTHER
4176,fam:Windows,fam:Windows,fam:Windows,maj:Windows_10,maj:Windows_10,maj:Windows_10,leaf:Windows_10,leaf:Windows_10,leaf:Windows_10
4180,fam:Windows,fam:Windows,fam:Android|fam:Windows,maj:Windows_10,maj:Windows_10,maj:Android_10|maj:Windows_10,leaf:Windows_10,leaf:Windows_10,leaf:Android_10|leaf:Windows_10
4181,fam:Windows,fam:Windows,fam:Windows,maj:Windows_10,maj:Windows_10,maj:Windows_10,leaf:Windows_10,leaf:Windows_10,leaf:Windows_10
4182,fam:Windows,fam:Windows,fam:Windows,maj:Windows_10,maj:Windows_10,maj:Windows_10|maj:Windows_8,leaf:Windows_10,leaf:Windows_10,leaf:Windows_10|leaf:Windows_8_OTHER
4183,fam:Windows,fam:Windows,fam:Windows,maj:Windows_10,maj:Windows_10,maj:Windows_10,leaf:Windows_10,leaf:Windows_10,leaf:Windows_10
4186,fam:Windows,fam:Windows,fam:Windows,maj:Windows_10,maj:Windows_10,maj:Windows_10|maj:Windows_8,leaf:Windows_10,leaf:Windows_10,leaf:Windows_10|leaf:Windows_8_OTHER
4187,fam:Windows,fam:Windows,fam:Android|fam:Linux|fam:Windows|fam:macOS,maj:Windows_10,maj:Windows_10,maj:Android_4|maj:Android_7|maj:Android_8|maj:Android_9|maj:Linux_OTHER|maj:Linux_Ubuntu|maj:Windows_10|maj:Windows_7|maj:macOS_10,leaf:Windows_10,leaf:Linux_OTHER,leaf:Android_4_0.0|leaf:Android_7_0.0|leaf:Android_7_1.0|leaf:Android_8_0.0|leaf:Android_8_1.0|leaf:Android_9|leaf:Linux_OTHER|leaf:Linux_Ubuntu|leaf:Windows_10|leaf:Windows_7|leaf:macOS_10_11.0|leaf:macOS_10_14.0|leaf:macOS_10_15.0
4190,fam:Windows,fam:Windows,fam:Windows,maj:Windows_10,maj:Windows_10,maj:Windows_10,leaf:Windows_10,leaf:Windows_10,leaf:Windows_10
4193,fam:Windows,fam:Android,fam:Android|fam:Windows,maj:Windows_10,maj:Windows_7,maj:Android_6|maj:Android_7|maj:Android_8|maj:Android_9|maj:Windows_10|maj:Windows_7,leaf:Windows_10,leaf:Android_7_0.0,leaf:Android_6_0.0|leaf:Android_7_0.0|leaf:Android_8_0.0|leaf:Android_9|leaf:Windows_10|leaf:Windows_7
4195,fam:Windows,fam:Windows,fam:Windows,maj:Windows_10,maj:Windows_10,maj:Windows_10|maj:Windows_7|maj:Windows_8,leaf:Windows_10,leaf:Windows_10,leaf:Windows_10|leaf:Windows_7|leaf:Windows_8_1.0
4196,fam:Windows,fam:Windows,fam:Windows,maj:Windows_10,maj:Windows_10,maj:Windows_10,leaf:Windows_10,leaf:Windows_10,leaf:Windows_10
4197,fam:Windows,fam:Windows,fam:Windows,maj:Windows_10,maj:Windows_10,maj:Windows_10|maj:Windows_8,leaf:Windows_10,leaf:Windows_10,leaf:Windows_10|leaf:Windows_8_OTHER
4198,fam:Windows,fam:Windows,fam:Windows,maj:Windows_10,maj:Windows_7,maj:Windows_10|maj:Windows_7,leaf:Windows_10,leaf:Windows_10,leaf:Windows_10|leaf:Windows_7
4199,fam:Windows,fam:Windows,fam:Windows|fam:macOS,maj:Windows_10,maj:Windows_10,maj:Windows_10|maj:Windows_7|maj:Windows_8|maj:macOS_10,leaf:Windows_10,leaf:Windows_7,leaf:Windows_10|leaf:Windows_7|leaf:Windows_8_1.0|leaf:Windows_8_OTHER|leaf:macOS_10_12.0|leaf:macOS_10_13.0|leaf:macOS_10_15.0
4200,fam:Windows,fam:Windows,fam:Windows,maj:Windows_10,maj:Windows_10,maj:Windows_10,leaf:Windows_10,leaf:Windows_10,leaf:Windows_10
4202,fam:Windows,fam:Windows,fam:Windows,maj:Windows_10,maj:Windows_10,maj:Windows_10,leaf:Windows_10,leaf:Windows_10,leaf:Windows_10
4203,fam:Windows,fam:Windows,fam:Windows,maj:Windows_10,maj:Windows_10,maj:Windows_10,leaf:Windows_10,leaf:Windows_10,leaf:Windows_10
4205,fam:Windows,fam:Windows,fam:Android|fam:Windows,maj:Windows_10,maj:Windows_7,maj:Android_4|maj:Android_5|maj:Android_6|maj:Android_7|maj:Windows_10|maj:Windows_7,leaf:Windows_10,leaf:Android_4_4.0,leaf:Android_4_2.0|leaf:Android_4_4.0|leaf:Android_5_1.0|leaf:Android_6_0.0|leaf:Android_7_1.0|leaf:Windows_10|leaf:Windows_7
4206,fam:Windows,fam:Windows,fam:Windows,maj:Windows_10,maj:Windows_10,maj:Windows_10,leaf:Windows_10,leaf:Windows_10,leaf:Windows_10
4212,fam:Windows,fam:Windows,fam:Windows,maj:Windows_10,maj:Windows_10,maj:Windows_10,leaf:Windows_10,leaf:Windows_10,leaf:Windows_10
4213,fam:Windows,fam:Windows,fam:Windows,maj:Windows_10,maj:Windows_10,maj:Windows_10,leaf:Windows_10,leaf:Windows_10,leaf:Windows_10
4214,fam:Windows,fam:Windows,fam:Windows,maj:Windows_10,maj:Windows_10,maj:Windows_10,leaf:Windows_10,leaf:Windows_10,leaf:Windows_10
4216,fam:Windows,fam:Windows,fam:Android|fam:Windows,maj:Windows_10,maj:Windows_10,maj:Android_10|maj:Android_8|maj:Android_9|maj:Windows_10,leaf:Windows_10,leaf:Windows_10,leaf:Android_10|leaf:Android_8_0.0|leaf:Android_8_1.0|leaf:Android_9|leaf:Windows_10
4218,fam:Windows,fam:Windows,fam:Windows,maj:Windows_10,maj:Windows_10,maj:Windows_10,leaf:Windows_10,leaf:Windows_10,leaf:Windows_10
4220,fam:Windows,fam:Windows,fam:Windows,maj:Windows_10,maj:Windows_10,maj:Windows_10|maj:Windows_8,leaf:Windows_10,leaf:Windows_10,leaf:Windows_10|leaf:Windows_8_OTHER
4221,fam:Windows,fam:Windows,fam:Windows,maj:Windows_10,maj:Windows_10,maj:Windows_10|maj:Windows_8,leaf:Windows_10,leaf:Windows_10,leaf:Windows_10|leaf:Windows_8_OTHER
4222,fam:Windows,fam:Windows,fam:Windows,maj:Windows_10,maj:Windows_10,maj:Windows_10,leaf:Windows_10,leaf:Windows_10,leaf:Windows_10
4224,fam:Windows,fam:Windows,fam:Windows,maj:Windows_10,maj:Windows_10,maj:Windows_10,leaf:Windows_10,leaf:Windows_10,leaf:Windows_10
4225,fam:Windows,fam:Windows,fam:Windows,maj:Windows_10,maj:Windows_10,maj:Windows_10,leaf:Windows_10,leaf:Windows_10,leaf:Windows_10
4229,fam:Windows,fam:Windows,fam:Windows,maj:Windows_10,maj:Windows_10,maj:Windows_10,leaf:Windows_10,leaf:Windows_10,leaf:Windows_10
4230,fam:Windows,fam:Windows,fam:Windows,maj:Windows_10,maj:Windows_10,maj:Windows_10,leaf:Windows_10,leaf:Windows_10,leaf:Windows_10
4231,fam:Windows,fam:Windows,fam:Windows,maj:Windows_10,maj:Windows_10,maj:Windows_10|maj:Windows_8,leaf:Windows_10,leaf:Windows_10,leaf:Windows_10|leaf:Windows_8_OTHER
4232,fam:Windows,fam:Windows,fam:Windows,maj:Windows_10,maj:Windows_10,maj:Windows_10,leaf:Windows_10,leaf:Windows_10,leaf:Windows_10
4237,fam:Windows,fam:Windows,fam:Windows,maj:Windows_10,maj:Windows_10,maj:Windows_10,leaf:Windows_10,leaf:Windows_10,leaf:Windows_10
4238,fam:Windows,fam:Windows,fam:Windows,maj:Windows_10,maj:Windows_10,maj:Windows_10,leaf:Windows_10,leaf:Windows_10,leaf:Windows_10
4239,fam:Windows,fam:Windows,fam:Windows,maj:Windows_10,maj:Windows_10,maj:Windows_10,leaf:Windows_10,leaf:Windows_10,leaf:Windows_10
4241,fam:Windows,fam:Windows,fam:Windows,maj:Windows_10,maj:Windows_10,maj:Windows_10,leaf:Windows_10,leaf:Windows_10,leaf:Windows_10
4247,fam:Windows,fam:Windows,fam:Android|fam:Windows,maj:Windows_10,maj:Windows_10,maj:Android_7|maj:Windows_10|maj:Windows_7,leaf:Windows_10,leaf:Windows_10,leaf:Android_7_1.0|leaf:Windows_10|leaf:Windows_7
4250,fam:Windows,fam:Windows,fam:Android|fam:Windows,maj:Windows_10,maj:Windows_10,maj:Android_5|maj:Windows_10,leaf:Windows_10,leaf:Windows_10,leaf:Android_5_1.0|leaf:Windows_10
4251,fam:Windows,fam:Windows,fam:Windows,maj:Windows_10,maj:Windows_10,maj:Windows_10,leaf:Windows_10,leaf:Windows_10,leaf:Windows_10
4254,fam:Windows,fam:Windows,fam:Windows,maj:Windows_10,maj:Windows_10,maj:Windows_10,leaf:Windows_10,leaf:Windows_10,leaf:Windows_10
4255,fam:Windows,fam:Windows,fam:Windows,maj:Windows_10,maj:Windows_10,maj:Windows_10|maj:Windows_7|maj:Windows_8,leaf:Windows_10,leaf:Windows_10,leaf:Windows_10|leaf:Windows_7|leaf:Windows_8_1.0
4256,fam:Windows,fam:Windows,fam:Windows,maj:Windows_10,maj:Windows_10,maj:Windows_10,leaf:Windows_10,leaf:Windows_10,leaf:Windows_10
4257,fam:Windows,fam:Windows,fam:Android|fam:Linux|fam:Windows|fam:macOS,maj:Windows_10,maj:Windows_10,maj:Android_4|maj:Android_6|maj:Android_7|maj:Linux_OTHER|maj:Windows_10|maj:Windows_7|maj:Windows_8|maj:Windows_XP|maj:macOS_10,leaf:Windows_10,leaf:Windows_10,leaf:Android_4_4.0|leaf:Android_6_0.0|leaf:Android_7_0.0|leaf:Linux_OTHER|leaf:Windows_10|leaf:Windows_7|leaf:Windows_8_1.0|leaf:Windows_8_OTHER|leaf:Windows_XP|leaf:macOS_10_14.0|leaf:macOS_10_15.0
4258,fam:Windows,fam:Windows,fam:Android|fam:Windows,maj:Windows_10,maj:Windows_10,maj:Android_6|maj:Windows_10,leaf:Windows_10,leaf:Windows_10,leaf:Android_6_0.0|leaf:Windows_10
4259,fam:Windows,fam:Windows,fam:Windows,maj:Windows_10,maj:Windows_10,maj:Windows_10,leaf:Windows_10,leaf:Windows_10,leaf:Windows_10
4262,fam:Windows,fam:Windows,fam:Android|fam:Linux|fam:Windows|fam:iOS|fam:macOS,maj:Windows_10,maj:Windows_10,maj:Android_4|maj:Android_7|maj:Android_8|maj:Android_9|maj:Linux_OTHER|maj:Linux_Ubuntu|maj:Windows_10|maj:Windows_7|maj:iOS_13|maj:macOS_10,leaf:Windows_10,leaf:Linux_OTHER,leaf:Android_4_0.0|leaf:Android_7_0.0|leaf:Android_7_1.0|leaf:Android_8_0.0|leaf:Android_8_1.0|leaf:Android_9|leaf:Linux_OTHER|leaf:Linux_Ubuntu|leaf:Windows_10|leaf:Windows_7|leaf:iOS_13_3.0|leaf:macOS_10_11.0|leaf:macOS_10_14.0|leaf:macOS_10_15.0
4263,fam:Windows,fam:Windows,fam:Windows,maj:Windows_10,maj:Windows_10,maj:Windows_10,leaf:Windows_10,leaf:Windows_10,leaf:Windows_10
4264,fam:Windows,fam:Windows,fam:Windows,maj:Windows_10,maj:Windows_10,maj:Windows_10,leaf:Windows_10,leaf:Windows_10,leaf:Windows_10
4265,fam:Windows,fam:Windows,fam:Windows,maj:Windows_10,maj:Windows_10,maj:Windows_10,leaf:Windows_10,leaf:Windows_10,leaf:Windows_10
4267,fam:Windows,fam:Windows,fam:Windows,maj:Windows_10,maj:Windows_8,maj:Windows_10|maj:Windows_8,leaf:Windows_10,leaf:Windows_8_OTHER,leaf:Windows_10|leaf:Windows_8_OTHER
4268,fam:Windows,fam:Windows,fam:Windows,maj:Windows_10,maj:Windows_10,maj:Windows_10|maj:Windows_7|maj:Windows_8,leaf:Windows_10,leaf:Windows_10,leaf:Windows_10|leaf:Windows_7|leaf:Windows_8_OTHER
4271,fam:Windows,fam:Windows,fam:Windows,maj:Windows_10,maj:Windows_10,maj:Windows_10,leaf:Windows_10,leaf:Windows_10,leaf:Windows_10
4272,fam:Windows,fam:Windows,fam:Android|fam:Windows,maj:Windows_10,maj:Windows_10,maj:Android_10|maj:Windows_10|maj:Windows_8,leaf:Windows_10,leaf:Windows_8_1.0,leaf:Android_10|leaf:Windows_10|leaf:Windows_8_1.0|leaf:Windows_8_OTHER
4274,fam:Windows,fam:Windows,fam:Windows,maj:Windows_10,maj:Windows_10,maj:Windows_10,leaf:Windows_10,leaf:Windows_10,leaf:Windows_10
4277,fam:Windows,fam:Windows,fam:Windows,maj:Windows_10,maj:Windows_10,maj:Windows_10,leaf:Windows_10,leaf:Windows_10,leaf:Windows_10
4280,fam:Windows,fam:Windows,fam:Windows,maj:Windows_10,maj:Windows_10,maj:Windows_10,leaf:Windows_10,leaf:Windows_10,leaf:Windows_10
4281,fam:Windows,fam:Windows,fam:Windows,maj:Windows_10,maj:Windows_10,maj:Windows_10,leaf:Windows_10,leaf:Windows_10,leaf:Windows_10
4282,fam:Windows,fam:Windows,fam:Android|fam:Windows,maj:Windows_10,maj:Windows_10,maj:Android_10|maj:Android_5|maj:Android_7|maj:Android_8|maj:Android_9|maj:Windows_10,leaf:Windows_10,leaf:Windows_10,leaf:Android_10|leaf:Android_5_1.0|leaf:Android_7_1.0|leaf:Android_8_0.0|leaf:Android_8_1.0|leaf:Android_9|leaf:Windows_10
4284,fam:Windows,fam:Windows,fam:Windows,maj:Windows_10,maj:Windows_10,maj:Windows_10,leaf:Windows_10,leaf:Windows_10,leaf:Windows_10
4286,fam:Windows,fam:Windows,fam:Windows,maj:Windows_10,maj:Windows_10,maj:Windows_10,leaf:Windows_10,leaf:Windows_10,leaf:Windows_10
4288,fam:Windows,fam:Windows,fam:Windows,maj:Windows_10,maj:Windows_10,maj:Windows_10,leaf:Windows_10,leaf:Windows_10,leaf:Windows_10
4290,fam:Windows,fam:Windows,fam:Windows,maj:Windows_10,maj:Windows_10,maj:Windows_10,leaf:Windows_10,leaf:Windows_10,leaf:Windows_10
4298,fam:Windows,fam:Windows,fam:Windows,maj:Windows_10,maj:Windows_10,maj:Windows_10,leaf:Windows_10,leaf:Windows_10,leaf:Windows_10
4299,fam:Windows,fam:Windows,fam:Windows,maj:Windows_10,maj:Windows_10,maj:Windows_10,leaf:Windows_10,leaf:Windows_10,leaf:Windows_10
4301,fam:Windows,fam:Windows,fam:Windows,maj:Windows_10,maj:Windows_10,maj:Windows_10|maj:Windows_8,leaf:Windows_10,leaf:Windows_10,leaf:Windows_10|leaf:Windows_8_OTHER
4302,fam:Windows,fam:Windows,fam:Android|fam:Windows|fam:macOS,maj:Windows_10,maj:Windows_7,maj:Android_5|maj:Windows_10|maj:Windows_7|maj:Windows_8|maj:macOS_10,leaf:Windows_10,leaf:Windows_10,leaf:Android_5_1.0|leaf:Windows_10|leaf:Windows_7|leaf:Windows_8_1.0|leaf:macOS_10_10.0|leaf:macOS_10_11.0|leaf:macOS_10_12.0|leaf:macOS_10_13.0|leaf:macOS_10_8.0
4303,fam:Windows,fam:Windows,fam:Windows,maj:Windows_10,maj:Windows_10,maj:Windows_10,leaf:Windows_10,leaf:Windows_10,leaf:Windows_10
4304,fam:Windows,fam:Windows,fam:Linux|fam:Windows|fam:macOS,maj:Windows_10,maj:Windows_10,maj:Linux_OTHER|maj:Linux_Ubuntu|maj:Windows_10|maj:Windows_7|maj:macOS_10,leaf:Windows_10,leaf:macOS_10_15.0,leaf:Linux_OTHER|leaf:Linux_Ubuntu|leaf:Windows_10|leaf:Windows_7|leaf:macOS_10_14.0|leaf:macOS_10_15.0
4305,fam:Windows,fam:Windows,fam:Windows,maj:Windows_10,maj:Windows_10,maj:Windows_10,leaf:Windows_10,leaf:Windows_10,leaf:Windows_10
4307,fam:Windows,fam:Windows,fam:Windows,maj:Windows_10,maj:Windows_10,maj:Windows_10,leaf:Windows_10,leaf:Windows_10,leaf:Windows_10
4308,fam:Windows,fam:Windows,fam:Windows,maj:Windows_10,maj:Windows_10,maj:Windows_10,leaf:Windows_10,leaf:Windows_10,leaf:Windows_10
4310,fam:Windows,fam:Windows,fam:Windows,maj:Windows_10,maj:Windows_10,maj:Windows_10,leaf:Windows_10,leaf:Windows_10,leaf:Windows_10
4311,fam:Windows,fam:Windows,fam:Windows,maj:Windows_10,maj:Windows_10,maj:Windows_10,leaf:Windows_10,leaf:Windows_10,leaf:Windows_10
4314,fam:Windows,fam:Windows,fam:Windows,maj:Windows_10,maj:Windows_10,maj:Windows_10,leaf:Windows_10,leaf:Windows_10,leaf:Windows_10
4318,fam:Windows,fam:Windows,fam:Windows,maj:Windows_10,maj:Windows_10,maj:Windows_10,leaf:Windows_10,leaf:Windows_10,leaf:Windows_10
4319,fam:Windows,fam:Windows,fam:Windows,maj:Windows_10,maj:Windows_7,maj:Windows_10|maj:Windows_7,leaf:Windows_10,leaf:Windows_7,leaf:Windows_10|leaf:Windows_7
4320,fam:Windows,fam:Windows,fam:Windows,maj:Windows_10,maj:Windows_10,maj:Windows_10,leaf:Windows_10,leaf:Windows_10,leaf:Windows_10
4322,fam:Windows,fam:Windows,fam:Windows,maj:Windows_10,maj:Windows_10,maj:Windows_10|maj:Windows_7,leaf:Windows_10,leaf:Windows_10,leaf:Windows_10|leaf:Windows_7
4323,fam:Windows,fam:Windows,fam:Windows,maj:Windows_10,maj:Windows_10,maj:Windows_10,leaf:Windows_10,leaf:Windows_10,leaf:Windows_10
4325,fam:Windows,fam:Windows,fam:Windows,maj:Windows_10,maj:Windows_10,maj:Windows_10|maj:Windows_8,leaf:Windows_10,leaf:Windows_10,leaf:Windows_10|leaf:Windows_8_1.0
4326,fam:Windows,fam:Windows,fam:Windows,maj:Windows_10,maj:Windows_10,maj:Windows_10,leaf:Windows_10,leaf:Windows_10,leaf:Windows_10
4328,fam:Windows,fam:Windows,fam:Windows,maj:Windows_10,maj:Windows_10,maj:Windows_10,leaf:Windows_10,leaf:Windows_10,leaf:Windows_10
4329,fam:Windows,fam:Windows,fam:Windows,maj:Windows_10,maj:Windows_10,maj:Windows_10,leaf:Windows_10,leaf:Windows_10,leaf:Windows_10
4330,fam:Windows,fam:Windows,fam:Windows,maj:Windows_10,maj:Windows_10,maj:Windows_10,leaf:Windows_10,leaf:Windows_10,leaf:Windows_10
4331,fam:Windows,fam:Windows,fam:Windows,maj:Windows_10,maj:Windows_10,maj:Windows_10|maj:Windows_8,leaf:Windows_10,leaf:Windows_10,leaf:Windows_10|leaf:Windows_8_OTHER
4332,fam:Windows,fam:Windows,fam:Windows,maj:Windows_10,maj:Windows_10,maj:Windows_10|maj:Windows_8,leaf:Windows_10,leaf:Windows_10,leaf:Windows_10|leaf:Windows_8_OTHER
4333,fam:Windows,fam:Windows,fam:Windows,maj:Windows_10,maj:Windows_10,maj:Windows_10,leaf:Windows_10,leaf:Windows_10,leaf:Windows_10
4334,fam:Windows,fam:Windows,fam:Android|fam:Windows,maj:Windows_10,maj:Windows_10,maj:Android_7|maj:Windows_10,leaf:Windows_10,leaf:Windows_10,leaf:Android_7_0.0|leaf:Windows_10
4336,fam:Windows,fam:Windows,fam:Windows,maj:Windows_10,maj:Windows_10,maj:Windows_10,leaf:Windows_10,leaf:Windows_10,leaf:Windows_10
4337,fam:Windows,fam:Windows,fam:Windows|fam:macOS,maj:Windows_10,maj:Windows_10,maj:Windows_10|maj:macOS_10,leaf:Windows_10,leaf:Windows_10,leaf:Windows_10|leaf:macOS_10_10.0|leaf:macOS_10_12.0
4339,fam:Windows,fam:Windows,fam:Windows,maj:Windows_10,maj:Windows_10,maj:Windows_10,leaf:Windows_10,leaf:Windows_10,leaf:Windows_10
4342,fam:Windows,fam:Windows,fam:Windows,maj:Windows_10,maj:Windows_10,maj:Windows_10,leaf:Windows_10,leaf:Windows_10,leaf:Windows_10
4344,fam:Windows,fam:Windows,fam:Windows,maj:Windows_10,maj:Windows_10,maj:Windows_10,leaf:Windows_10,leaf:Windows_10,leaf:Windows_10
4345,fam:Windows,fam:Windows,fam:Windows,maj:Windows_10,maj:Windows_10,maj:Windows_10|maj:Windows_7,leaf:Windows_10,leaf:Windows_10,leaf:Windows_10|leaf:Windows_7
4347,fam:Windows,fam:Windows,fam:Windows,maj:Windows_10,maj:Windows_10,maj:Windows_10,leaf:Windows_10,leaf:Windows_10,leaf:Windows_10
4349,fam:Windows,fam:Windows,fam:Windows,maj:Windows_10,maj:Windows_10,maj:Windows_10,leaf:Windows_10,leaf:Windows_10,leaf:Windows_10
4351,fam:Windows,fam:Windows,fam:Windows,maj:Windows_10,maj:Windows_10,maj:Windows_10,leaf:Windows_10,leaf:Windows_10,leaf:Windows_10
4353,fam:Windows,fam:Windows,fam:Windows,maj:Windows_10,maj:Windows_10,maj:Windows_10,leaf:Windows_10,leaf:Windows_10,leaf:Windows_10
4355,fam:Windows,fam:Windows,fam:Windows,maj:Windows_10,maj:Windows_10,maj:Windows_10|maj:Windows_8,leaf:Windows_10,leaf:Windows_10,leaf:Windows_10|leaf:Windows_8_OTHER
4356,fam:Windows,fam:Windows,fam:Windows|fam:macOS,maj:Windows_10,maj:Windows_10,maj:Windows_10|maj:macOS_10,leaf:Windows_10,leaf:Windows_10,leaf:Windows_10|leaf:macOS_10_12.0
4359,fam:Windows,fam:Windows,fam:Windows,maj:Windows_10,maj:Windows_10,maj:Windows_10|maj:Windows_7|maj:Windows_8|maj:Windows_XP,leaf:Windows_10,leaf:Windows_7,leaf:Windows_10|leaf:Windows_7|leaf:Windows_8_1.0|leaf:Windows_8_OTHER|leaf:Windows_XP
4360,fam:Windows,fam:Windows,fam:Windows,maj:Windows_10,maj:Windows_10,maj:Windows_10,leaf:Windows_10,leaf:Windows_10,leaf:Windows_10
4361,fam:Windows,fam:Windows,fam:Windows,maj:Windows_10,maj:Windows_10,maj:Windows_10,leaf:Windows_10,leaf:Windows_10,leaf:Windows_10
4362,fam:Windows,fam:Windows,fam:Windows,maj:Windows_10,maj:Windows_10,maj:Windows_10,leaf:Windows_10,leaf:Windows_10,leaf:Windows_10
4364,fam:Windows,fam:Windows,fam:Windows,maj:Windows_10,maj:Windows_10,maj:Windows_10,leaf:Windows_10,leaf:Windows_10,leaf:Windows_10
4366,fam:Windows,fam:Windows,fam:Windows,maj:Windows_10,maj:Windows_10,maj:Windows_10,leaf:Windows_10,leaf:Windows_10,leaf:Windows_10
4367,fam:Windows,fam:Windows,fam:Windows,maj:Windows_10,maj:Windows_10,maj:Windows_10,leaf:Windows_10,leaf:Windows_10,leaf:Windows_10
4370,fam:Windows,fam:Windows,fam:Windows,maj:Windows_10,maj:Windows_10,maj:Windows_10,leaf:Windows_10,leaf:Windows_10,leaf:Windows_10
4376,fam:Windows,fam:Windows,fam:Windows,maj:Windows_10,maj:Windows_10,maj:Windows_10,leaf:Windows_10,leaf:Windows_10,leaf:Windows_10
4378,fam:Windows,fam:Windows,fam:Windows,maj:Windows_10,maj:Windows_10,maj:Windows_10,leaf:Windows_10,leaf:Windows_10,leaf:Windows_10
4380,fam:Windows,fam:Windows,fam:Windows,maj:Windows_10,maj:Windows_10,maj:Windows_10|maj:Windows_8,leaf:Windows_10,leaf:Windows_10,leaf:Windows_10|leaf:Windows_8_OTHER
4383,fam:Windows,fam:Windows,fam:Windows,maj:Windows_10,maj:Windows_10,maj:Windows_10|maj:Windows_7,leaf:Windows_10,leaf:Windows_10,leaf:Windows_10|leaf:Windows_7
4387,fam:Windows,fam:Windows,fam:Windows,maj:Windows_10,maj:Windows_10,maj:Windows_10,leaf:Windows_10,leaf:Windows_10,leaf:Windows_10
4388,fam:Windows,fam:Windows,fam:Windows,maj:Windows_10,maj:Windows_10,maj:Windows_10|maj:Windows_8,leaf:Windows_10,leaf:Windows_10,leaf:Windows_10|leaf:Windows_8_OTHER
4389,fam:Windows,fam:Windows,fam:Windows,maj:Windows_10,maj:Windows_10,maj:Windows_10,leaf:Windows_10,leaf:Windows_10,leaf:Windows_10
4390,fam:Windows,fam:Windows,fam:Windows,maj:Windows_10,maj:Windows_10,maj:Windows_10,leaf:Windows_10,leaf:Windows_10,leaf:Windows_10
4394,fam:Windows,fam:Windows,fam:Windows,maj:Windows_10,maj:Windows_10,maj:Windows_10,leaf:Windows_10,leaf:Windows_10,leaf:Windows_10
4395,fam:Windows,fam:Windows,fam:Windows,maj:Windows_10,maj:Windows_10,maj:Windows_10,leaf:Windows_10,leaf:Windows_10,leaf:Windows_10
4396,fam:Windows,fam:Windows,fam:Windows,maj:Windows_10,maj:Windows_10,maj:Windows_10,leaf:Windows_10,leaf:Windows_10,leaf:Windows_10
4399,fam:Windows,fam:Windows,fam:Windows,maj:Windows_10,maj:Windows_10,maj:Windows_10,leaf:Windows_10,leaf:Windows_10,leaf:Windows_10
4402,fam:Windows,fam:Windows,fam:Linux|fam:Windows,maj:Windows_10,maj:Windows_10,maj:Linux_OTHER|maj:Windows_10,leaf:Windows_10,leaf:Windows_10,leaf:Linux_OTHER|leaf:Windows_10
4408,fam:Windows,fam:Windows,fam:Windows,maj:Windows_10,maj:Windows_10,maj:Windows_10,leaf:Windows_10,leaf:Windows_10,leaf:Windows_10
4409,fam:Windows,fam:Windows,fam:Android|fam:Windows,maj:Windows_10,maj:Windows_10,maj:Android_7|maj:Windows_10,leaf:Windows_10,leaf:Windows_10,leaf:Android_7_0.0|leaf:Windows_10
4410,fam:Windows,fam:Windows,fam:Windows,maj:Windows_10,maj:Windows_10,maj:Windows_10,leaf:Windows_10,leaf:Windows_10,leaf:Windows_10
4415,fam:Windows,fam:Windows,fam:Windows,maj:Windows_10,maj:Windows_10,maj:Windows_10,leaf:Windows_10,leaf:Windows_10,leaf:Windows_10
4417,fam:Windows,fam:Windows,fam:Windows,maj:Windows_10,maj:Windows_10,maj:Windows_10,leaf:Windows_10,leaf:Windows_10,leaf:Windows_10
4418,fam:Windows,fam:Windows,fam:Windows,maj:Windows_10,maj:Windows_10,maj:Windows_10,leaf:Windows_10,leaf:Windows_10,leaf:Windows_10
4420,fam:Windows,fam:Windows,fam:Windows,maj:Windows_10,maj:Windows_10,maj:Windows_10,leaf:Windows_10,leaf:Windows_10,leaf:Windows_10
4422,fam:Windows,fam:Windows,fam:Windows,maj:Windows_10,maj:Windows_10,maj:Windows_10,leaf:Windows_10,leaf:Windows_10,leaf:Windows_10
4424,fam:Windows,fam:Windows,fam:Windows,maj:Windows_10,maj:Windows_10,maj:Windows_10,leaf:Windows_10,leaf:Windows_10,leaf:Windows_10
4425,fam:Windows,fam:Windows,fam:Windows,maj:Windows_10,maj:Windows_10,maj:Windows_10,leaf:Windows_10,leaf:Windows_10,leaf:Windows_10
4427,fam:Windows,fam:Windows,fam:Windows,maj:Windows_10,maj:Windows_8,maj:Windows_10|maj:Windows_7|maj:Windows_8,leaf:Windows_10,leaf:Windows_8_1.0,leaf:Windows_10|leaf:Windows_7|leaf:Windows_8_1.0|leaf:Windows_8_OTHER
4429,fam:Windows,fam:Windows,fam:Windows,maj:Windows_10,maj:Windows_10,maj:Windows_10|maj:Windows_8,leaf:Windows_10,leaf:Windows_10,leaf:Windows_10|leaf:Windows_8_OTHER
4430,fam:Windows,fam:Windows,fam:Windows,maj:Windows_10,maj:Windows_10,maj:Windows_10,leaf:Windows_10,leaf:Windows_10,leaf:Windows_10
4434,fam:Windows,fam:Windows,fam:Windows,maj:Windows_10,maj:Windows_10,maj:Windows_10,leaf:Windows_10,leaf:Windows_10,leaf:Windows_10
4436,fam:Windows,fam:Windows,fam:Windows,maj:Windows_10,maj:Windows_10,maj:Windows_10,leaf:Windows_10,leaf:Windows_10,leaf:Windows_10
4439,fam:Windows,fam:Windows,fam:Windows,maj:Windows_10,maj:Windows_10,maj:Windows_10,leaf:Windows_10,leaf:Windows_10,leaf:Windows_10
4440,fam:Windows,fam:Windows,fam:Windows,maj:Windows_10,maj:Windows_10,maj:Windows_10|maj:Windows_8,leaf:Windows_10,leaf:Windows_10,leaf:Windows_10|leaf:Windows_8_OTHER
4441,fam:Windows,fam:Windows,fam:Windows,maj:Windows_10,maj:Windows_10,maj:Windows_10,leaf:Windows_10,leaf:Windows_10,leaf:Windows_10
4443,fam:Windows,fam:Windows,fam:Windows,maj:Windows_10,maj:Windows_8,maj:Windows_10|maj:Windows_8,leaf:Windows_10,leaf:Windows_8_OTHER,leaf:Windows_10|leaf:Windows_8_OTHER
4444,fam:Windows,fam:Windows,fam:Windows,maj:Windows_10,maj:Windows_10,maj:Windows_10,leaf:Windows_10,leaf:Windows_10,leaf:Windows_10
4445,fam:Windows,fam:Windows,fam:Windows,maj:Windows_10,maj:Windows_10,maj:Windows_10,leaf:Windows_10,leaf:Windows_10,leaf:Windows_10
4447,fam:Windows,fam:Windows,fam:Windows,maj:Windows_10,maj:Windows_10,maj:Windows_10,leaf:Windows_10,leaf:Windows_10,leaf:Windows_10
4449,fam:Windows,fam:Windows,fam:Windows,maj:Windows_10,maj:Windows_10,maj:Windows_10,leaf:Windows_10,leaf:Windows_10,leaf:Windows_10
4451,fam:Windows,fam:Windows,fam:Windows,maj:Windows_10,maj:Windows_10,maj:Windows_10,leaf:Windows_10,leaf:Windows_10,leaf:Windows_10
4453,fam:Windows,fam:Windows,fam:Windows,maj:Windows_10,maj:Windows_10,maj:Windows_10,leaf:Windows_10,leaf:Windows_10,leaf:Windows_10
4454,fam:Windows,fam:Windows,fam:Windows,maj:Windows_10,maj:Windows_10,maj:Windows_10,leaf:Windows_10,leaf:Windows_10,leaf:Windows_10
4455,fam:Windows,fam:Windows,fam:Windows,maj:Windows_10,maj:Windows_10,maj:Windows_10|maj:Windows_8,leaf:Windows_10,leaf:Windows_10,leaf:Windows_10|leaf:Windows_8_OTHER
4456,fam:Windows,fam:Windows,fam:Windows,maj:Windows_10,maj:Windows_10,maj:Windows_10,leaf:Windows_10,leaf:Windows_10,leaf:Windows_10
4458,fam:Windows,fam:Windows,fam:Android|fam:Windows,maj:Windows_10,maj:Windows_10,maj:Android_OTHER|maj:Windows_10|maj:Windows_8,leaf:Windows_10,leaf:Windows_10,leaf:Android_OTHER|leaf:Windows_10|leaf:Windows_8_1.0
4460,fam:Windows,fam:Windows,fam:Windows,maj:Windows_10,maj:Windows_10,maj:Windows_10,leaf:Windows_10,leaf:Windows_10,leaf:Windows_10
4462,fam:Windows,fam:Windows,fam:Windows,maj:Windows_10,maj:Windows_10,maj:Windows_10|maj:Windows_8,leaf:Windows_10,leaf:Windows_10,leaf:Windows_10|leaf:Windows_8_OTHER
4464,fam:Windows,fam:Windows,fam:Windows,maj:Windows_10,maj:Windows_10,maj:Windows_10,leaf:Windows_10,leaf:Windows_10,leaf:Windows_10
4465,fam:Windows,fam:Windows,fam:Windows,maj:Windows_10,maj:Windows_10,maj:Windows_10,leaf:Windows_10,leaf:Windows_10,leaf:Windows_10
4467,fam:Windows,fam:Windows,fam:Windows|fam:macOS,maj:Windows_10,maj:Windows_10,maj:Windows_10|maj:macOS_10,leaf:Windows_10,leaf:Windows_10,leaf:Windows_10|leaf:macOS_10_12.0
4468,fam:Windows,fam:Windows,fam:Windows,maj:Windows_10,maj:Windows_10,maj:Windows_10,leaf:Windows_10,leaf:Windows_10,leaf:Windows_10
4470,fam:Windows,fam:Windows,fam:Android,maj:Windows_10,maj:Windows_10,maj:Android_4,leaf:Windows_10,leaf:Android_4_4.0,leaf:Android_4_4.0
4472,fam:Windows,fam:Windows,fam:Windows,maj:Windows_10,maj:Windows_10,maj:Windows_10|maj:Windows_7,leaf:Windows_10,leaf:Windows_10,leaf:Windows_10|leaf:Windows_7
4475,fam:Windows,fam:Windows,fam:Windows,maj:Windows_10,maj:Windows_10,maj:Windows_10,leaf:Windows_10,leaf:Windows_10,leaf:Windows_10
4476,fam:Windows,fam:Android,fam:Android|fam:Windows,maj:Windows_10,maj:Windows_7,maj:Android_5|maj:Android_6|maj:Android_7|maj:Android_8|maj:Android_9|maj:Windows_10,leaf:Windows_10,leaf:Android_7_0.0,leaf:Android_5_1.0|leaf:Android_6_0.0|leaf:Android_7_0.0|leaf:Android_8_0.0|leaf:Android_9|leaf:Windows_10
4478,fam:Windows,fam:Windows,fam:Windows,maj:Windows_10,maj:Windows_10,maj:Windows_10,leaf:Windows_10,leaf:Windows_10,leaf:Windows_10
4483,fam:Windows,fam:Windows,fam:Windows,maj:Windows_10,maj:Windows_10,maj:Windows_10,leaf:Windows_10,leaf:Windows_10,leaf:Windows_10
4484,fam:Windows,fam:Windows,fam:Android|fam:Windows|fam:macOS,maj:Windows_10,maj:Windows_10,maj:Android_10|maj:Android_4|maj:Windows_10|maj:Windows_7|maj:Windows_8|maj:macOS_10,leaf:Windows_10,leaf:Windows_10,leaf:Android_10|leaf:Android_4_1.0|leaf:Windows_10|leaf:Windows_7|leaf:Windows_8_1.0|leaf:Windows_8_OTHER|leaf:macOS_10_11.0
4485,fam:Windows,fam:Windows,fam:Windows,maj:Windows_10,maj:Windows_10,maj:Windows_10,leaf:Windows_10,leaf:Windows_10,leaf:Windows_10
4486,fam:Windows,fam:Windows,fam:Windows,maj:Windows_10,maj:Windows_10,maj:Windows_10,leaf:Windows_10,leaf:Windows_10,leaf:Windows_10
4487,fam:Windows,fam:Windows,fam:Windows,maj:Windows_10,maj:Windows_10,maj:Windows_10,leaf:Windows_10,leaf:Windows_10,leaf:Windows_10
4488,fam:Windows,fam:Windows,fam:Windows,maj:Windows_10,maj:Windows_10,maj:Windows_10|maj:Windows_7,leaf:Windows_10,leaf:Windows_10,leaf:Windows_10|leaf:Windows_7
4492,fam:Windows,fam:Windows,fam:Windows,maj:Windows_10,maj:Windows_10,maj:Windows_10,leaf:Windows_10,leaf:Windows_10,leaf:Windows_10
4496,fam:Windows,fam:Windows,fam:Windows,maj:Windows_10,maj:Windows_10,maj:Windows_10,leaf:Windows_10,leaf:Windows_10,leaf:Windows_10
4497,fam:Windows,fam:Windows,fam:Android|fam:Windows,maj:Windows_10,maj:Windows_10,maj:Android_7|maj:Windows_10,leaf:Windows_10,leaf:Windows_10,leaf:Android_7_0.0|leaf:Windows_10
4498,fam:Windows,fam:Windows,fam:Windows,maj:Windows_10,maj:Windows_10,maj:Windows_10,leaf:Windows_10,leaf:Windows_10,leaf:Windows_10
4500,fam:Windows,fam:Windows,fam:Windows,maj:Windows_10,maj:Windows_10,maj:Windows_10,leaf:Windows_10,leaf:Windows_10,leaf:Windows_10
4501,fam:Windows,fam:Windows,fam:Windows,maj:Windows_10,maj:Windows_10,maj:Windows_10,leaf:Windows_10,leaf:Windows_10,leaf:Windows_10
4502,fam:Windows,fam:Windows,fam:Windows,maj:Windows_10,maj:Windows_10,maj:Windows_10,leaf:Windows_10,leaf:Windows_10,leaf:Windows_10
4504,fam:Windows,fam:Windows,fam:Windows,maj:Windows_10,maj:Windows_10,maj:Windows_10,leaf:Windows_10,leaf:Windows_10,leaf:Windows_10
4505,fam:Windows,fam:Windows,fam:Windows,maj:Windows_10,maj:Windows_10,maj:Windows_10,leaf:Windows_10,leaf:Windows_10,leaf:Windows_10
4506,fam:Windows,fam:Windows,fam:Windows,maj:Windows_10,maj:Windows_10,maj:Windows_10,leaf:Windows_10,leaf:Windows_10,leaf:Windows_10
4508,fam:Windows,fam:Windows,fam:Windows,maj:Windows_10,maj:Windows_10,maj:Windows_10,leaf:Windows_10,leaf:Windows_10,leaf:Windows_10
4509,fam:Windows,fam:Windows,fam:Windows,maj:Windows_10,maj:Windows_10,maj:Windows_10|maj:Windows_8|maj:Windows_XP,leaf:Windows_10,leaf:Windows_10,leaf:Windows_10|leaf:Windows_8_OTHER|leaf:Windows_XP
4510,fam:Windows,fam:Windows,fam:Windows,maj:Windows_10,maj:Windows_10,maj:Windows_10,leaf:Windows_10,leaf:Windows_10,leaf:Windows_10
4512,fam:Windows,fam:Windows,fam:Windows,maj:Windows_10,maj:Windows_10,maj:Windows_10|maj:Windows_8,leaf:Windows_10,leaf:Windows_10,leaf:Windows_10|leaf:Windows_8_OTHER
4513,fam:Windows,fam:Windows,fam:Windows|fam:macOS,maj:Windows_10,maj:Windows_10,maj:Windows_10|maj:Windows_7|maj:Windows_XP|maj:macOS_10,leaf:Windows_10,leaf:Windows_10,leaf:Windows_10|leaf:Windows_7|leaf:Windows_XP|leaf:macOS_10_10.0
4515,fam:Windows,fam:Windows,fam:Windows,maj:Windows_10,maj:Windows_10,maj:Windows_10|maj:Windows_8,leaf:Windows_10,leaf:Windows_10,leaf:Windows_10|leaf:Windows_8_OTHER
4517,fam:Windows,fam:Windows,fam:Windows,maj:Windows_10,maj:Windows_10,maj:Windows_10,leaf:Windows_10,leaf:Windows_10,leaf:Windows_10
4520,fam:Windows,fam:Windows,fam:Android,maj:Windows_10,maj:Android_4,maj:Android_4,leaf:Windows_10,leaf:Android_4_1.0,leaf:Android_4_1.0
4523,fam:Windows,fam:Windows,fam:Windows,maj:Windows_10,maj:Windows_10,maj:Windows_10,leaf:Windows_10,leaf:Windows_10,leaf:Windows_10
4525,fam:Windows,fam:Windows,fam:Windows,maj:Windows_10,maj:Windows_10,maj:Windows_10,leaf:Windows_10,leaf:Windows_10,leaf:Windows_10
4527,fam:Windows,fam:Windows,fam:Windows,maj:Windows_10,maj:Windows_10,maj:Windows_10,leaf:Windows_10,leaf:Windows_10,leaf:Windows_10
4529,fam:Windows,fam:Windows,fam:Windows,maj:Windows_10,maj:Windows_10,maj:Windows_10,leaf:Windows_10,leaf:Windows_10,leaf:Windows_10
4531,fam:Windows,fam:Windows,fam:Windows,maj:Windows_10,maj:Windows_10,maj:Windows_10,leaf:Windows_10,leaf:Windows_10,leaf:Windows_10
4534,fam:Windows,fam:Windows,fam:Windows,maj:Windows_10,maj:Windows_10,maj:Windows_10,leaf:Windows_10,leaf:Windows_10,leaf:Windows_10
4536,fam:Windows,fam:Windows,fam:Windows,maj:Windows_10,maj:Windows_10,maj:Windows_10,leaf:Windows_10,leaf:Windows_10,leaf:Windows_10
4537,fam:Windows,fam:Windows,fam:Windows|fam:macOS,maj:Windows_10,maj:Windows_10,maj:Windows_10|maj:macOS_10,leaf:Windows_10,leaf:Windows_10,leaf:Windows_10|leaf:macOS_10_12.0
4540,fam:Windows,fam:Windows,fam:Android|fam:Windows,maj:Windows_10,maj:Windows_10,maj:Android_6|maj:Windows_10|maj:Windows_7|maj:Windows_8,leaf:Windows_10,leaf:Windows_10,leaf:Android_6_0.0|leaf:Windows_10|leaf:Windows_7|leaf:Windows_8_1.0
4541,fam:Windows,fam:Windows,fam:Windows,maj:Windows_10,maj:Windows_10,maj:Windows_10|maj:Windows_8,leaf:Windows_10,leaf:Windows_10,leaf:Windows_10|leaf:Windows_8_OTHER
4542,fam:Windows,fam:Windows,fam:Windows,maj:Windows_10,maj:Windows_10,maj:Windows_10,leaf:Windows_10,leaf:Windows_10,leaf:Windows_10
4543,fam:Windows,fam:Windows,fam:Windows,maj:Windows_10,maj:Windows_10,maj:Windows_10,leaf:Windows_10,leaf:Windows_10,leaf:Windows_10
4544,fam:Windows,fam:Windows,fam:Windows,maj:Windows_10,maj:Windows_10,maj:Windows_10,leaf:Windows_10,leaf:Windows_10,leaf:Windows_10
4545,fam:Windows,fam:Windows,fam:Windows,maj:Windows_10,maj:Windows_10,maj:Windows_10,leaf:Windows_10,leaf:Windows_10,leaf:Windows_10
4548,fam:Windows,fam:Windows,fam:Windows,maj:Windows_10,maj:Windows_10,maj:Windows_10,leaf:Windows_10,leaf:Windows_10,leaf:Windows_10
4549,fam:Windows,fam:Windows,fam:Windows,maj:Windows_10,maj:Windows_10,maj:Windows_10,leaf:Windows_10,leaf:Windows_10,leaf:Windows_10
4551,fam:Windows,fam:Windows,fam:Android|fam:Linux|fam:Windows,maj:Windows_10,maj:Windows_10,maj:Android_8|maj:Linux_OTHER|maj:Windows_10,leaf:Windows_10,leaf:Windows_10,leaf:Android_8_1.0|leaf:Linux_OTHER|leaf:Windows_10
4553,fam:Windows,fam:Windows,fam:Windows,maj:Windows_10,maj:Windows_10,maj:Windows_10|maj:Windows_8,leaf:Windows_10,leaf:Windows_10,leaf:Windows_10|leaf:Windows_8_OTHER
4554,fam:Windows,fam:Windows,fam:Windows,maj:Windows_10,maj:Windows_10,maj:Windows_10,leaf:Windows_10,leaf:Windows_10,leaf:Windows_10
4555,fam:Windows,fam:Windows,fam:Windows,maj:Windows_10,maj:Windows_10,maj:Windows_10,leaf:Windows_10,leaf:Windows_10,leaf:Windows_10
4557,fam:Windows,fam:Windows,fam:Windows,maj:Windows_10,maj:Windows_10,maj:Windows_10,leaf:Windows_10,leaf:Windows_10,leaf:Windows_10
4558,fam:Windows,fam:Windows,fam:Windows,maj:Windows_10,maj:Windows_10,maj:Windows_10,leaf:Windows_10,leaf:Windows_10,leaf:Windows_10
4561,fam:Windows,fam:Windows,fam:Linux|fam:Windows,maj:Windows_10,maj:Windows_7,maj:Linux_OTHER|maj:Linux_Ubuntu|maj:Windows_10|maj:Windows_7|maj:Windows_8,leaf:Windows_10,leaf:Linux_OTHER,leaf:Linux_OTHER|leaf:Linux_Ubuntu|leaf:Windows_10|leaf:Windows_7|leaf:Windows_8_1.0
4562,fam:Windows,fam:Windows,fam:Windows,maj:Windows_10,maj:Windows_10,maj:Windows_10,leaf:Windows_10,leaf:Windows_10,leaf:Windows_10
4563,fam:Windows,fam:Windows,fam:Windows,maj:Windows_10,maj:Windows_10,maj:Windows_10,leaf:Windows_10,leaf:Windows_10,leaf:Windows_10
4564,fam:Windows,fam:Windows,fam:Windows,maj:Windows_10,maj:Windows_10,maj:Windows_10,leaf:Windows_10,leaf:Windows_10,leaf:Windows_10
4565,fam:Windows,fam:Windows,fam:Windows,maj:Windows_10,maj:Windows_10,maj:Windows_10,leaf:Windows_10,leaf:Windows_10,leaf:Windows_10
4566,fam:Windows,fam:Windows,fam:Windows,maj:Windows_10,maj:Windows_10,maj:Windows_10,leaf:Windows_10,leaf:Windows_10,leaf:Windows_10
4569,fam:Windows,fam:Windows,fam:Windows,maj:Windows_10,maj:Windows_10,maj:Windows_10,leaf:Windows_10,leaf:Windows_10,leaf:Windows_10
4570,fam:Windows,fam:Windows,fam:Windows,maj:Windows_10,maj:Windows_10,maj:Windows_10,leaf:Windows_10,leaf:Windows_10,leaf:Windows_10
4571,fam:Windows,fam:Windows,fam:Windows,maj:Windows_10,maj:Windows_10,maj:Windows_10,leaf:Windows_10,leaf:Windows_10,leaf:Windows_10
4572,fam:Windows,fam:Windows,fam:Android|fam:Windows,maj:Windows_10,maj:Windows_10,maj:Android_10|maj:Android_5|maj:Android_6|maj:Android_7|maj:Android_8|maj:Android_9|maj:Windows_10,leaf:Windows_10,leaf:Android_9,leaf:Android_10|leaf:Android_5_1.0|leaf:Android_6_0.0|leaf:Android_7_0.0|leaf:Android_7_1.0|leaf:Android_8_0.0|leaf:Android_8_1.0|leaf:Android_9|leaf:Windows_10
4575,fam:Windows,fam:Windows,fam:Windows|fam:macOS,maj:Windows_10,maj:Windows_10,maj:Windows_10|maj:Windows_7|maj:Windows_8|maj:Windows_XP|maj:macOS_10,leaf:Windows_10,leaf:Windows_7,leaf:Windows_10|leaf:Windows_7|leaf:Windows_8_1.0|leaf:Windows_8_OTHER|leaf:Windows_XP|leaf:macOS_10_9.0
4576,fam:Windows,fam:Windows,fam:Android|fam:Windows|fam:macOS,maj:Windows_10,maj:Windows_10,maj:Android_4|maj:Windows_10|maj:Windows_7|maj:Windows_8|maj:macOS_10,leaf:Windows_10,leaf:Windows_8_1.0,leaf:Android_4_4.0|leaf:Windows_10|leaf:Windows_7|leaf:Windows_8_1.0|leaf:Windows_8_OTHER|leaf:macOS_10_11.0
4579,fam:Windows,fam:Windows,fam:Windows,maj:Windows_10,maj:Windows_10,maj:Windows_10,leaf:Windows_10,leaf:Windows_10,leaf:Windows_10
4582,fam:Windows,fam:Windows,fam:Windows,maj:Windows_10,maj:Windows_10,maj:Windows_10,leaf:Windows_10,leaf:Windows_10,leaf:Windows_10
4583,fam:Windows,fam:Windows,fam:Windows,maj:Windows_10,maj:Windows_10,maj:Windows_10,leaf:Windows_10,leaf:Windows_10,leaf:Windows_10
4584,fam:Windows,fam:Windows,fam:Windows,maj:Windows_10,maj:Windows_10,maj:Windows_10|maj:Windows_8,leaf:Windows_10,leaf:Windows_10,leaf:Windows_10|leaf:Windows_8_OTHER
4587,fam:Windows,fam:Windows,fam:Windows,maj:Windows_10,maj:Windows_10,maj:Windows_10,leaf:Windows_10,leaf:Windows_10,leaf:Windows_10
4588,fam:Windows,fam:Windows,fam:Windows,maj:Windows_10,maj:Windows_10,maj:Windows_10,leaf:Windows_10,leaf:Windows_10,leaf:Windows_10
4589,fam:Windows,fam:Windows,fam:Windows,maj:Windows_10,maj:Windows_10,maj:Windows_10,leaf:Windows_10,leaf:Windows_10,leaf:Windows_10
4592,fam:Windows,fam:Windows,fam:Windows,maj:Windows_10,maj:Windows_10,maj:Windows_10,leaf:Windows_10,leaf:Windows_10,leaf:Windows_10
4593,fam:Windows,fam:Windows,fam:Windows,maj:Windows_10,maj:Windows_10,maj:Windows_10,leaf:Windows_10,leaf:Windows_10,leaf:Windows_10
4594,fam:Windows,fam:Windows,fam:Windows,maj:Windows_10,maj:Windows_10,maj:Windows_10,leaf:Windows_10,leaf:Windows_10,leaf:Windows_10
4597,fam:Windows,fam:Windows,fam:Linux|fam:Windows|fam:macOS,maj:Windows_10,maj:Windows_10,maj:Linux_OTHER|maj:Windows_10|maj:Windows_7|maj:Windows_8|maj:macOS_10,leaf:Windows_10,leaf:Windows_10,leaf:Linux_OTHER|leaf:Windows_10|leaf:Windows_7|leaf:Windows_8_1.0|leaf:macOS_10_13.0|leaf:macOS_10_8.0
4602,fam:Windows,fam:Windows,fam:Windows,maj:Windows_10,maj:Windows_10,maj:Windows_10,leaf:Windows_10,leaf:Windows_10,leaf:Windows_10
4603,fam:Windows,fam:Windows,fam:Windows,maj:Windows_10,maj:Windows_10,maj:Windows_10,leaf:Windows_10,leaf:Windows_10,leaf:Windows_10
4604,fam:Windows,fam:Windows,fam:Windows,maj:Windows_10,maj:Windows_10,maj:Windows_10,leaf:Windows_10,leaf:Windows_10,leaf:Windows_10
4608,fam:Windows,fam:Windows,fam:Windows,maj:Windows_10,maj:Windows_10,maj:Windows_10,leaf:Windows_10,leaf:Windows_10,leaf:Windows_10
4609,fam:Windows,fam:Windows,fam:Windows,maj:Windows_10,maj:Windows_10,maj:Windows_10,leaf:Windows_10,leaf:Windows_10,leaf:Windows_10
4612,fam:Windows,fam:Windows,fam:Windows|fam:macOS,maj:Windows_10,maj:Windows_10,maj:Windows_7|maj:macOS_10,leaf:Windows_10,leaf:Windows_7,leaf:Windows_7|leaf:macOS_10_12.0
4617,fam:Windows,fam:Windows,fam:Windows,maj:Windows_10,maj:Windows_10,maj:Windows_10,leaf:Windows_10,leaf:Windows_10,leaf:Windows_10
4620,fam:Windows,fam:Windows,fam:Windows,maj:Windows_10,maj:Windows_10,maj:Windows_10,leaf:Windows_10,leaf:Windows_10,leaf:Windows_10
4621,fam:Windows,fam:Windows,fam:Windows,maj:Windows_10,maj:Windows_10,maj:Windows_10,leaf:Windows_10,leaf:Windows_10,leaf:Windows_10
4623,fam:Windows,fam:Windows,fam:Windows,maj:Windows_10,maj:Windows_10,maj:Windows_10,leaf:Windows_10,leaf:Windows_10,leaf:Windows_10
4624,fam:Windows,fam:Windows,fam:Windows,maj:Windows_10,maj:Windows_10,maj:Windows_10,leaf:Windows_10,leaf:Windows_10,leaf:Windows_10
4626,fam:Windows,fam:Windows,fam:Windows,maj:Windows_10,maj:Windows_10,maj:Windows_10|maj:Windows_8,leaf:Windows_10,leaf:Windows_10,leaf:Windows_10|leaf:Windows_8_OTHER
4628,fam:Windows,fam:Windows,fam:Windows,maj:Windows_10,maj:Windows_10,maj:Windows_10|maj:Windows_8,leaf:Windows_10,leaf:Windows_10,leaf:Windows_10|leaf:Windows_8_OTHER
4629,fam:Windows,fam:Windows,fam:Windows,maj:Windows_10,maj:Windows_10,maj:Windows_10,leaf:Windows_10,leaf:Windows_10,leaf:Windows_10
4630,fam:Windows,fam:Windows,fam:Windows,maj:Windows_10,maj:Windows_10,maj:Windows_10|maj:Windows_7|maj:Windows_8,leaf:Windows_10,leaf:Windows_10,leaf:Windows_10|leaf:Windows_7|leaf:Windows_8_1.0|leaf:Windows_8_OTHER
4635,fam:Windows,fam:Windows,fam:Windows,maj:Windows_10,maj:Windows_10,maj:Windows_10,leaf:Windows_10,leaf:Windows_10,leaf:Windows_10
4637,fam:Windows,fam:Windows,fam:Windows,maj:Windows_10,maj:Windows_10,maj:Windows_10,leaf:Windows_10,leaf:Windows_10,leaf:Windows_10
4638,fam:Windows,fam:Windows,fam:Windows,maj:Windows_10,maj:Windows_10,maj:Windows_10,leaf:Windows_10,leaf:Windows_10,leaf:Windows_10
4639,fam:Windows,fam:Windows,fam:Windows,maj:Windows_10,maj:Windows_10,maj:Windows_10|maj:Windows_8,leaf:Windows_10,leaf:Windows_10,leaf:Windows_10|leaf:Windows_8_OTHER
4642,fam:Windows,fam:Windows,fam:Windows,maj:Windows_10,maj:Windows_10,maj:Windows_10,leaf:Windows_10,leaf:Windows_10,leaf:Windows_10
4643,fam:Windows,fam:Windows,fam:Windows,maj:Windows_10,maj:Windows_10,maj:Windows_10,leaf:Windows_10,leaf:Windows_10,leaf:Windows_10
4645,fam:Windows,fam:Windows,fam:Windows,maj:Windows_10,maj:Windows_10,maj:Windows_10,leaf:Windows_10,leaf:Windows_10,leaf:Windows_10
4647,fam:Windows,fam:Windows,fam:Windows,maj:Windows_10,maj:Windows_10,maj:Windows_10,leaf:Windows_10,leaf:Windows_10,leaf:Windows_10
4648,fam:Windows,fam:Windows,fam:Windows,maj:Windows_10,maj:Windows_10,maj:Windows_10,leaf:Windows_10,leaf:Windows_10,leaf:Windows_10
4651,fam:Windows,fam:Windows,fam:Windows,maj:Windows_10,maj:Windows_10,maj:Windows_10,leaf:Windows_10,leaf:Windows_10,leaf:Windows_10
4654,fam:Windows,fam:Windows,fam:Windows,maj:Windows_10,maj:Windows_10,maj:Windows_10,leaf:Windows_10,leaf:Windows_10,leaf:Windows_10
4655,fam:Windows,fam:Windows,fam:Windows,maj:Windows_10,maj:Windows_10,maj:Windows_10,leaf:Windows_10,leaf:Windows_10,leaf:Windows_10
4656,fam:Windows,fam:Windows,fam:Windows|fam:macOS,maj:Windows_10,maj:Windows_10,maj:Windows_10|maj:Windows_8|maj:macOS_10,leaf:Windows_10,leaf:Windows_10,leaf:Windows_10|leaf:Windows_8_1.0|leaf:macOS_10_11.0
4660,fam:Windows,fam:Windows,fam:Windows,maj:Windows_10,maj:Windows_10,maj:Windows_10,leaf:Windows_10,leaf:Windows_10,leaf:Windows_10
4661,fam:Windows,fam:Windows,fam:Windows|fam:macOS,maj:Windows_10,maj:Windows_10,maj:Windows_10|maj:Windows_7|maj:Windows_XP|maj:macOS_10,leaf:Windows_10,leaf:Windows_10,leaf:Windows_10|leaf:Windows_7|leaf:Windows_XP|leaf:macOS_10_11.0
4662,fam:Windows,fam:Windows,fam:Windows,maj:Windows_10,maj:Windows_10,maj:Windows_10,leaf:Windows_10,leaf:Windows_10,leaf:Windows_10
4664,fam:Windows,fam:Windows,fam:Windows,maj:Windows_10,maj:Windows_10,maj:Windows_10,leaf:Windows_10,leaf:Windows_10,leaf:Windows_10
4665,fam:Windows,fam:Windows,fam:Windows,maj:Windows_10,maj:Windows_10,maj:Windows_10,leaf:Windows_10,leaf:Windows_10,leaf:Windows_10
4666,fam:Windows,fam:Windows,fam:Windows,maj:Windows_10,maj:Windows_10,maj:Windows_10|maj:Windows_8,leaf:Windows_10,leaf:Windows_10,leaf:Windows_10|leaf:Windows_8_OTHER
4669,fam:Windows,fam:Windows,fam:Windows,maj:Windows_10,maj:Windows_10,maj:Windows_10,leaf:Windows_10,leaf:Windows_10,leaf:Windows_10
4671,fam:Windows,fam:Windows,fam:Windows,maj:Windows_10,maj:Windows_10,maj:Windows_10,leaf:Windows_10,leaf:Windows_10,leaf:Windows_10
4672,fam:Windows,fam:Windows,fam:Windows,maj:Windows_10,maj:Windows_10,maj:Windows_10,leaf:Windows_10,leaf:Windows_10,leaf:Windows_10
4674,fam:Windows,fam:Windows,fam:Windows,maj:Windows_10,maj:Windows_10,maj:Windows_10,leaf:Windows_10,leaf:Windows_10,leaf:Windows_10
4678,fam:Windows,fam:Windows,fam:Windows,maj:Windows_10,maj:Windows_10,maj:Windows_10,leaf:Windows_10,leaf:Windows_10,leaf:Windows_10
4680,fam:Windows,fam:Windows,fam:Windows,maj:Windows_10,maj:Windows_10,maj:Windows_10,leaf:Windows_10,leaf:Windows_10,leaf:Windows_10
4683,fam:Windows,fam:Windows,fam:Windows|fam:macOS,maj:Windows_10,maj:Windows_10,maj:Windows_10|maj:macOS_10,leaf:Windows_10,leaf:Windows_10,leaf:Windows_10|leaf:macOS_10_10.0|leaf:macOS_10_12.0
4684,fam:Windows,fam:Windows,fam:Linux|fam:Windows|fam:macOS,maj:Windows_10,maj:Windows_10,maj:Linux_OTHER|maj:Windows_10|maj:Windows_7|maj:Windows_Vista|maj:macOS_10,leaf:Windows_10,leaf:Windows_10,leaf:Linux_OTHER|leaf:Windows_10|leaf:Windows_7|leaf:Windows_Vista|leaf:macOS_10_11.0
4687,fam:Windows,fam:Windows,fam:Windows,maj:Windows_10,maj:Windows_10,maj:Windows_10,leaf:Windows_10,leaf:Windows_10,leaf:Windows_10
4688,fam:Windows,fam:Windows,fam:Windows,maj:Windows_10,maj:Windows_10,maj:Windows_10,leaf:Windows_10,leaf:Windows_10,leaf:Windows_10
4689,fam:Windows,fam:Windows,fam:Windows,maj:Windows_10,maj:Windows_10,maj:Windows_10|maj:Windows_8,leaf:Windows_10,leaf:Windows_10,leaf:Windows_10|leaf:Windows_8_OTHER
4690,fam:Windows,fam:Windows,fam:Windows,maj:Windows_10,maj:Windows_10,maj:Windows_10,leaf:Windows_10,leaf:Windows_10,leaf:Windows_10
4691,fam:Windows,fam:Windows,fam:Windows,maj:Windows_10,maj:Windows_10,maj:Windows_10,leaf:Windows_10,leaf:Windows_10,leaf:Windows_10
4692,fam:Windows,fam:Windows,fam:Windows,maj:Windows_10,maj:Windows_10,maj:Windows_10,leaf:Windows_10,leaf:Windows_10,leaf:Windows_10
4693,fam:Windows,fam:Windows,fam:Windows,maj:Windows_10,maj:Windows_10,maj:Windows_10|maj:Windows_7|maj:Windows_8,leaf:Windows_10,leaf:Windows_10,leaf:Windows_10|leaf:Windows_7|leaf:Windows_8_1.0|leaf:Windows_8_OTHER
4694,fam:Windows,fam:Windows,fam:Windows,maj:Windows_10,maj:Windows_10,maj:Windows_10,leaf:Windows_10,leaf:Windows_10,leaf:Windows_10
4698,fam:Windows,fam:Windows,fam:Android|fam:Linux|fam:Windows|fam:macOS,maj:Windows_10,maj:Windows_10,maj:Android_10|maj:Android_7|maj:Android_8|maj:Android_9|maj:Linux_OTHER|maj:Windows_10|maj:Windows_7|maj:macOS_10,leaf:Windows_10,leaf:Linux_OTHER,leaf:Android_10|leaf:Android_7_0.0|leaf:Android_7_1.0|leaf:Android_8_0.0|leaf:Android_9|leaf:Linux_OTHER|leaf:Windows_10|leaf:Windows_7|leaf:macOS_10_9.0
4699,fam:Windows,fam:Windows,fam:Windows,maj:Windows_10,maj:Windows_10,maj:Windows_10,leaf:Windows_10,leaf:Windows_10,leaf:Windows_10
4701,fam:Windows,fam:Windows,fam:Linux|fam:Windows,maj:Windows_10,maj:Windows_10,maj:Linux_OTHER|maj:Windows_10,leaf:Windows_10,leaf:Windows_10,leaf:Linux_OTHER|leaf:Windows_10
4702,fam:Windows,fam:Windows,fam:Windows,maj:Windows_10,maj:Windows_10,maj:Windows_10,leaf:Windows_10,leaf:Windows_10,leaf:Windows_10
4709,fam:Windows,fam:Windows,fam:Android|fam:Windows,maj:Windows_10,maj:Windows_7,maj:Android_6|maj:Windows_10|maj:Windows_7,leaf:Windows_10,leaf:Windows_7,leaf:Android_6_0.0|leaf:Windows_10|leaf:Windows_7
4710,fam:Windows,fam:Windows,fam:Windows,maj:Windows_10,maj:Windows_10,maj:Windows_10,leaf:Windows_10,leaf:Windows_10,leaf:Windows_10
4711,fam:Windows,fam:Windows,fam:Windows,maj:Windows_10,maj:Windows_10,maj:Windows_10,leaf:Windows_10,leaf:Windows_10,leaf:Windows_10
4714,fam:Windows,fam:Windows,fam:Windows,maj:Windows_10,maj:Windows_8,maj:Windows_7|maj:Windows_8,leaf:Windows_10,leaf:Windows_8_1.0,leaf:Windows_7|leaf:Windows_8_1.0|leaf:Windows_8_OTHER
4715,fam:Windows,fam:Windows,fam:Windows,maj:Windows_10,maj:Windows_10,maj:Windows_10,leaf:Windows_10,leaf:Windows_10,leaf:Windows_10
4717,fam:Windows,fam:Windows,fam:Windows,maj:Windows_10,maj:Windows_10,maj:Windows_10,leaf:Windows_10,leaf:Windows_10,leaf:Windows_10
4718,fam:Windows,fam:Windows,fam:Windows,maj:Windows_10,maj:Windows_10,maj:Windows_10,leaf:Windows_10,leaf:Windows_10,leaf:Windows_10
4721,fam:Windows,fam:Windows,fam:Windows,maj:Windows_10,maj:Windows_10,maj:Windows_10,leaf:Windows_10,leaf:Windows_10,leaf:Windows_10
4723,fam:Windows,fam:Windows,fam:Windows,maj:Windows_10,maj:Windows_10,maj:Windows_10,leaf:Windows_10,leaf:Windows_10,leaf:Windows_10
4724,fam:Windows,fam:Windows,fam:Windows,maj:Windows_10,maj:Windows_10,maj:Windows_10,leaf:Windows_10,leaf:Windows_10,leaf:Windows_10
4728,fam:Windows,fam:Windows,fam:Android|fam:Linux|fam:Windows,maj:Windows_10,maj:Windows_10,maj:Android_5|maj:Android_6|maj:Android_7|maj:Android_8|maj:Android_9|maj:Linux_OTHER|maj:Linux_Ubuntu|maj:Windows_10|maj:Windows_7|maj:Windows_XP,leaf:Windows_10,leaf:Windows_10,leaf:Android_5_1.0|leaf:Android_6_0.0|leaf:Android_7_0.0|leaf:Android_8_0.0|leaf:Android_8_1.0|leaf:Android_9|leaf:Linux_OTHER|leaf:Linux_Ubuntu|leaf:Windows_10|leaf:Windows_7|leaf:Windows_XP
4729,fam:Windows,fam:Windows,fam:Windows,maj:Windows_10,maj:Windows_10,maj:Windows_10,leaf:Windows_10,leaf:Windows_10,leaf:Windows_10
4730,fam:Windows,fam:Windows,fam:Windows,maj:Windows_10,maj:Windows_10,maj:Windows_10,leaf:Windows_10,leaf:Windows_10,leaf:Windows_10
4732,fam:Windows,fam:Windows,fam:Windows,maj:Windows_10,maj:Windows_10,maj:Windows_10,leaf:Windows_10,leaf:Windows_10,leaf:Windows_10
4734,fam:Windows,fam:Windows,fam:Windows,maj:Windows_10,maj:Windows_10,maj:Windows_10|maj:Windows_8,leaf:Windows_10,leaf:Windows_10,leaf:Windows_10|leaf:Windows_8_OTHER
4736,fam:Windows,fam:Windows,fam:Windows,maj:Windows_10,maj:Windows_10,maj:Windows_10,leaf:Windows_10,leaf:Windows_10,leaf:Windows_10
4738,fam:Windows,fam:Windows,fam:Windows,maj:Windows_10,maj:Windows_10,maj:Windows_10,leaf:Windows_10,leaf:Windows_10,leaf:Windows_10
4739,fam:Windows,fam:Windows,fam:Windows,maj:Windows_10,maj:Windows_10,maj:Windows_10|maj:Windows_7|maj:Windows_8|maj:Windows_XP,leaf:Windows_10,leaf:Windows_7,leaf:Windows_10|leaf:Windows_7|leaf:Windows_8_OTHER|leaf:Windows_XP
4741,fam:Windows,fam:Windows,fam:Windows,maj:Windows_10,maj:Windows_8,maj:Windows_10|maj:Windows_8,leaf:Windows_10,leaf:Windows_8_1.0,leaf:Windows_10|leaf:Windows_8_1.0
4744,fam:Windows,fam:Windows,fam:Windows,maj:Windows_10,maj:Windows_10,maj:Windows_10|maj:Windows_8,leaf:Windows_10,leaf:Windows_10,leaf:Windows_10|leaf:Windows_8_OTHER
4745,fam:Windows,fam:Windows,fam:Windows,maj:Windows_10,maj:Windows_10,maj:Windows_10,leaf:Windows_10,leaf:Windows_10,leaf:Windows_10
4746,fam:Windows,fam:Windows,fam:Windows,maj:Windows_10,maj:Windows_10,maj:Windows_10|maj:Windows_8,leaf:Windows_10,leaf:Windows_10,leaf:Windows_10|leaf:Windows_8_1.0
4747,fam:Windows,fam:Windows,fam:Windows|fam:macOS,maj:Windows_10,maj:Windows_10,maj:Windows_10|maj:macOS_10,leaf:Windows_10,leaf:Windows_10,leaf:Windows_10|leaf:macOS_10_12.0
4753,fam:Windows,fam:Windows,fam:Windows,maj:Windows_10,maj:Windows_10,maj:Windows_10|maj:Windows_8,leaf:Windows_10,leaf:Windows_10,leaf:Windows_10|leaf:Windows_8_OTHER
4756,fam:Windows,fam:Windows,fam:Windows,maj:Windows_10,maj:Windows_10,maj:Windows_10,leaf:Windows_10,leaf:Windows_10,leaf:Windows_10
4762,fam:Windows,fam:Windows,fam:Windows,maj:Windows_10,maj:Windows_10,maj:Windows_10,leaf:Windows_10,leaf:Windows_10,leaf:Windows_10
4766,fam:Windows,fam:Windows,fam:Windows,maj:Windows_10,maj:Windows_10,maj:Windows_10,leaf:Windows_10,leaf:Windows_10,leaf:Windows_10
4767,fam:Windows,fam:Windows,fam:Windows,maj:Windows_10,maj:Windows_10,maj:Windows_10|maj:Windows_8,leaf:Windows_10,leaf:Windows_10,leaf:Windows_10|leaf:Windows_8_OTHER
4770,fam:Windows,fam:Windows,fam:Android|fam:Windows,maj:Windows_10,maj:Windows_10,maj:Android_6|maj:Windows_10|maj:Windows_7|maj:Windows_8|maj:Windows_XP,leaf:Windows_10,leaf:Windows_10,leaf:Android_6_0.0|leaf:Windows_10|leaf:Windows_7|leaf:Windows_8_OTHER|leaf:Windows_XP
4771,fam:Windows,fam:Windows,fam:Windows,maj:Windows_10,maj:Windows_10,maj:Windows_10,leaf:Windows_10,leaf:Windows_10,leaf:Windows_10
4772,fam:Windows,fam:Windows,fam:Windows,maj:Windows_10,maj:Windows_10,maj:Windows_10|maj:Windows_8,leaf:Windows_10,leaf:Windows_10,leaf:Windows_10|leaf:Windows_8_OTHER
4778,fam:Windows,fam:Windows,fam:Windows,maj:Windows_10,maj:Windows_10,maj:Windows_10|maj:Windows_8,leaf:Windows_10,leaf:Windows_10,leaf:Windows_10|leaf:Windows_8_OTHER
4780,fam:Windows,fam:Windows,fam:Windows,maj:Windows_10,maj:Windows_10,maj:Windows_10,leaf:Windows_10,leaf:Windows_10,leaf:Windows_10
4781,fam:Windows,fam:Windows,fam:Windows,maj:Windows_10,maj:Windows_10,maj:Windows_10,leaf:Windows_10,leaf:Windows_10,leaf:Windows_10
4782,fam:Windows,fam:Windows,fam:Windows,maj:Windows_10,maj:Windows_10,maj:Windows_10,leaf:Windows_10,leaf:Windows_10,leaf:Windows_10
4783,fam:Windows,fam:Windows,fam:Windows,maj:Windows_10,maj:Windows_10,maj:Windows_10,leaf:Windows_10,leaf:Windows_10,leaf:Windows_10
4784,fam:Windows,fam:Windows,fam:Windows|fam:macOS,maj:Windows_10,maj:Windows_10,maj:Windows_10|maj:macOS_10,leaf:Windows_10,leaf:Windows_10,leaf:Windows_10|leaf:macOS_10_12.0
4788,fam:Windows,fam:Windows,fam:Windows,maj:Windows_10,maj:Windows_10,maj:Windows_10,leaf:Windows_10,leaf:Windows_10,leaf:Windows_10
4791,fam:Windows,fam:Windows,fam:Windows,maj:Windows_10,maj:Windows_10,maj:Windows_10,leaf:Windows_10,leaf:Windows_10,leaf:Windows_10
4792,fam:Windows,fam:Windows,fam:Windows,maj:Windows_10,maj:Windows_10,maj:Windows_10,leaf:Windows_10,leaf:Windows_10,leaf:Windows_10
4795,fam:Windows,fam:Windows,fam:Windows,maj:Windows_10,maj:Windows_10,maj:Windows_10,leaf:Windows_10,leaf:Windows_10,leaf:Windows_10
4797,fam:Windows,fam:Windows,fam:Windows,maj:Windows_10,maj:Windows_10,maj:Windows_10,leaf:Windows_10,leaf:Windows_10,leaf:Windows_10
4798,fam:Windows,fam:Windows,fam:Windows,maj:Windows_10,maj:Windows_10,maj:Windows_10|maj:Windows_8,leaf:Windows_10,leaf:Windows_10,leaf:Windows_10|leaf:Windows_8_1.0
4799,fam:Windows,fam:Windows,fam:Windows,maj:Windows_10,maj:Windows_10,maj:Windows_10|maj:Windows_8,leaf:Windows_10,leaf:Windows_10,leaf:Windows_10|leaf:Windows_8_OTHER
4801,fam:Windows,fam:Windows,fam:Windows,maj:Windows_10,maj:Windows_10,maj:Windows_10,leaf:Windows_10,leaf:Windows_10,leaf:Windows_10
4803,fam:Windows,fam:Windows,fam:Windows,maj:Windows_10,maj:Windows_10,maj:Windows_10,leaf:Windows_10,leaf:Windows_10,leaf:Windows_10
4804,fam:Windows,fam:Windows,fam:Windows,maj:Windows_10,maj:Windows_10,maj:Windows_10,leaf:Windows_10,leaf:Windows_10,leaf:Windows_10
4805,fam:Windows,fam:Windows,fam:Windows,maj:Windows_10,maj:Windows_10,maj:Windows_10,leaf:Windows_10,leaf:Windows_10,leaf:Windows_10
4807,fam:Windows,fam:Windows,fam:Windows,maj:Windows_10,maj:Windows_8,maj:Windows_10|maj:Windows_8,leaf:Windows_10,leaf:Windows_8_OTHER,leaf:Windows_10|leaf:Windows_8_OTHER
4808,fam:Windows,fam:Windows,fam:Windows,maj:Windows_10,maj:Windows_10,maj:Windows_10|maj:Windows_8,leaf:Windows_10,leaf:Windows_10,leaf:Windows_10|leaf:Windows_8_OTHER
4811,fam:Windows,fam:Windows,fam:Windows,maj:Windows_10,maj:Windows_10,maj:Windows_10,leaf:Windows_10,leaf:Windows_10,leaf:Windows_10
4814,fam:Windows,fam:Windows,fam:Windows,maj:Windows_10,maj:Windows_10,maj:Windows_10,leaf:Windows_10,leaf:Windows_10,leaf:Windows_10
4815,fam:Windows,fam:Windows,fam:Windows,maj:Windows_10,maj:Windows_10,maj:Windows_10,leaf:Windows_10,leaf:Windows_10,leaf:Windows_10
4816,fam:Windows,fam:Windows,fam:Windows,maj:Windows_10,maj:Windows_10,maj:Windows_10,leaf:Windows_10,leaf:Windows_10,leaf:Windows_10
4819,fam:Windows,fam:Windows,fam:Windows,maj:Windows_10,maj:Windows_10,maj:Windows_10,leaf:Windows_10,leaf:Windows_10,leaf:Windows_10
4820,fam:Windows,fam:Windows,fam:Windows,maj:Windows_10,maj:Windows_10,maj:Windows_10,leaf:Windows_10,leaf:Windows_10,leaf:Windows_10
4821,fam:Windows,fam:Windows,fam:Windows,maj:Windows_10,maj:Windows_10,maj:Windows_10,leaf:Windows_10,leaf:Windows_10,leaf:Windows_10
4822,fam:Windows,fam:Windows,fam:Windows,maj:Windows_10,maj:Windows_10,maj:Windows_10,leaf:Windows_10,leaf:Windows_10,leaf:Windows_10
4823,fam:Windows,fam:Windows,fam:Windows,maj:Windows_10,maj:Windows_10,maj:Windows_10,leaf:Windows_10,leaf:Windows_10,leaf:Windows_10
4824,fam:Windows,fam:Windows,fam:Windows,maj:Windows_10,maj:Windows_10,maj:Windows_10,leaf:Windows_10,leaf:Windows_10,leaf:Windows_10
4826,fam:Windows,fam:Windows,fam:Windows,maj:Windows_10,maj:Windows_10,maj:Windows_10,leaf:Windows_10,leaf:Windows_10,leaf:Windows_10
4827,fam:Windows,fam:Windows,fam:Windows,maj:Windows_10,maj:Windows_10,maj:Windows_10|maj:Windows_7,leaf:Windows_10,leaf:Windows_10,leaf:Windows_10|leaf:Windows_7
4829,fam:Windows,fam:Windows,fam:Windows,maj:Windows_10,maj:Windows_10,maj:Windows_10,leaf:Windows_10,leaf:Windows_10,leaf:Windows_10
4830,fam:Windows,fam:Windows,fam:Windows,maj:Windows_10,maj:Windows_10,maj:Windows_10,leaf:Windows_10,leaf:Windows_10,leaf:Windows_10
4833,fam:Windows,fam:Windows,fam:Android|fam:Linux|fam:Windows|fam:macOS,maj:Windows_10,maj:Windows_10,maj:Android_4|maj:Android_6|maj:Android_7|maj:Linux_OTHER|maj:Windows_10|maj:Windows_7|maj:Windows_8|maj:macOS_10,leaf:Windows_10,leaf:Windows_10,leaf:Android_4_4.0|leaf:Android_6_0.0|leaf:Android_7_0.0|leaf:Linux_OTHER|leaf:Windows_10|leaf:Windows_7|leaf:Windows_8_1.0|leaf:macOS_10_14.0
4834,fam:Windows,fam:Windows,fam:Windows,maj:Windows_10,maj:Windows_10,maj:Windows_10,leaf:Windows_10,leaf:Windows_10,leaf:Windows_10
4835,fam:Windows,fam:Windows,fam:Windows,maj:Windows_10,maj:Windows_10,maj:Windows_10,leaf:Windows_10,leaf:Windows_10,leaf:Windows_10
4840,fam:Windows,fam:Windows,fam:Windows,maj:Windows_10,maj:Windows_10,maj:Windows_10,leaf:Windows_10,leaf:Windows_10,leaf:Windows_10
4841,fam:Windows,fam:Windows,fam:Linux|fam:Windows,maj:Windows_10,maj:Windows_10,maj:Linux_OTHER|maj:Windows_10|maj:Windows_7|maj:Windows_8,leaf:Windows_10,leaf:Windows_10,leaf:Linux_OTHER|leaf:Windows_10|leaf:Windows_7|leaf:Windows_8_1.0
4845,fam:Windows,fam:Windows,fam:Windows,maj:Windows_10,maj:Windows_10,maj:Windows_10,leaf:Windows_10,leaf:Windows_10,leaf:Windows_10
4846,fam:Windows,fam:Windows,fam:Windows,maj:Windows_10,maj:Windows_10,maj:Windows_10|maj:Windows_8,leaf:Windows_10,leaf:Windows_10,leaf:Windows_10|leaf:Windows_8_1.0
4847,fam:Windows,fam:Windows,fam:Windows,maj:Windows_10,maj:Windows_10,maj:Windows_10|maj:Windows_8,leaf:Windows_10,leaf:Windows_10,leaf:Windows_10|leaf:Windows_8_OTHER
4849,fam:Windows,fam:Windows,fam:Windows,maj:Windows_10,maj:Windows_10,maj:Windows_10,leaf:Windows_10,leaf:Windows_10,leaf:Windows_10
4851,fam:Windows,fam:Windows,fam:Windows,maj:Windows_10,maj:Windows_10,maj:Windows_10,leaf:Windows_10,leaf:Windows_10,leaf:Windows_10
4853,fam:Windows,fam:Windows,fam:Windows,maj:Windows_10,maj:Windows_10,maj:Windows_10,leaf:Windows_10,leaf:Windows_10,leaf:Windows_10
4856,fam:Windows,fam:Windows,fam:Windows,maj:Windows_10,maj:Windows_10,maj:Windows_10,leaf:Windows_10,leaf:Windows_10,leaf:Windows_10
4857,fam:Windows,fam:Windows,fam:Windows,maj:Windows_10,maj:Windows_10,maj:Windows_10,leaf:Windows_10,leaf:Windows_10,leaf:Windows_10
4863,fam:Windows,fam:Windows,fam:Windows,maj:Windows_10,maj:Windows_10,maj:Windows_10,leaf:Windows_10,leaf:Windows_10,leaf:Windows_10
4865,fam:Windows,fam:Windows,fam:Windows,maj:Windows_10,maj:Windows_10,maj:Windows_10|maj:Windows_7,leaf:Windows_10,leaf:Windows_7,leaf:Windows_10|leaf:Windows_7
4866,fam:Windows,fam:Windows,fam:Windows,maj:Windows_10,maj:Windows_10,maj:Windows_10,leaf:Windows_10,leaf:Windows_10,leaf:Windows_10
4869,fam:Windows,fam:Windows,fam:Windows,maj:Windows_10,maj:Windows_10,maj:Windows_10,leaf:Windows_10,leaf:Windows_10,leaf:Windows_10
4872,fam:Windows,fam:Windows,fam:Windows,maj:Windows_10,maj:Windows_10,maj:Windows_10|maj:Windows_7|maj:Windows_8,leaf:Windows_10,leaf:Windows_8_1.0,leaf:Windows_10|leaf:Windows_7|leaf:Windows_8_1.0|leaf:Windows_8_OTHER
4874,fam:Windows,fam:Windows,fam:Windows,maj:Windows_10,maj:Windows_10,maj:Windows_10,leaf:Windows_10,leaf:Windows_10,leaf:Windows_10
4879,fam:Windows,fam:Windows,fam:Windows,maj:Windows_10,maj:Windows_8,maj:Windows_7|maj:Windows_8,leaf:Windows_10,leaf:Windows_8_1.0,leaf:Windows_7|leaf:Windows_8_1.0|leaf:Windows_8_OTHER
4880,fam:Windows,fam:Windows,fam:Windows,maj:Windows_10,maj:Windows_10,maj:Windows_10,leaf:Windows_10,leaf:Windows_10,leaf:Windows_10
4883,fam:Windows,fam:Windows,fam:Windows,maj:Windows_10,maj:Windows_10,maj:Windows_10,leaf:Windows_10,leaf:Windows_10,leaf:Windows_10
4884,fam:Windows,fam:Windows,fam:Windows,maj:Windows_10,maj:Windows_10,maj:Windows_10|maj:Windows_7,leaf:Windows_10,leaf:Windows_10,leaf:Windows_10|leaf:Windows_7
4886,fam:Windows,fam:Windows,fam:Linux|fam:Windows|fam:macOS,maj:Windows_10,maj:Windows_10,maj:Linux_OTHER|maj:Windows_10|maj:Windows_7|maj:Windows_8|maj:Windows_XP|maj:macOS_10,leaf:Windows_10,leaf:Windows_7,leaf:Linux_OTHER|leaf:Windows_10|leaf:Windows_7|leaf:Windows_8_1.0|leaf:Windows_8_OTHER|leaf:Windows_XP|leaf:macOS_10_15.0|leaf:macOS_10_9.0
4887,fam:Windows,fam:Windows,fam:Windows,maj:Windows_10,maj:Windows_10,maj:Windows_10,leaf:Windows_10,leaf:Windows_10,leaf:Windows_10
4889,fam:Windows,fam:Windows,fam:Windows,maj:Windows_10,maj:Windows_10,maj:Windows_10,leaf:Windows_10,leaf:Windows_10,leaf:Windows_10
4890,fam:Windows,fam:Windows,fam:Windows,maj:Windows_10,maj:Windows_10,maj:Windows_10,leaf:Windows_10,leaf:Windows_10,leaf:Windows_10
4891,fam:Windows,fam:Android,fam:Android|fam:Linux|fam:Windows|fam:macOS,maj:Windows_10,maj:Android_6,maj:Android_10|maj:Android_6|maj:Android_7|maj:Android_8|maj:Android_9|maj:Linux_OTHER|maj:Windows_10|maj:macOS_10,leaf:Windows_10,leaf:Android_7_0.0,leaf:Android_10|leaf:Android_6_0.0|leaf:Android_7_0.0|leaf:Android_8_0.0|leaf:Android_9|leaf:Linux_OTHER|leaf:Windows_10|leaf:macOS_10_12.0
4893,fam:Windows,fam:Windows,fam:Windows,maj:Windows_10,maj:Windows_10,maj:Windows_10|maj:Windows_8,leaf:Windows_10,leaf:Windows_10,leaf:Windows_10|leaf:Windows_8_OTHER
4895,fam:Windows,fam:Windows,fam:Windows,maj:Windows_10,maj:Windows_10,maj:Windows_10,leaf:Windows_10,leaf:Windows_10,leaf:Windows_10
4896,fam:Windows,fam:Windows,fam:Windows,maj:Windows_10,maj:Windows_10,maj:Windows_10,leaf:Windows_10,leaf:Windows_10,leaf:Windows_10
4897,fam:Windows,fam:Windows,fam:Windows,maj:Windows_10,maj:Windows_10,maj:Windows_10,leaf:Windows_10,leaf:Windows_10,leaf:Windows_10
4901,fam:Windows,fam:Windows,fam:Windows,maj:Windows_10,maj:Windows_10,maj:Windows_10,leaf:Windows_10,leaf:Windows_10,leaf:Windows_10
4902,fam:Windows,fam:Windows,fam:Windows,maj:Windows_10,maj:Windows_10,maj:Windows_10,leaf:Windows_10,leaf:Windows_10,leaf:Windows_10
4905,fam:Windows,fam:Windows,fam:Windows,maj:Windows_10,maj:Windows_10,maj:Windows_10,leaf:Windows_10,leaf:Windows_10,leaf:Windows_10
4909,fam:Windows,fam:Windows,fam:Windows,maj:Windows_10,maj:Windows_10,maj:Windows_10,leaf:Windows_10,leaf:Windows_10,leaf:Windows_10
4911,fam:Windows,fam:Windows,fam:Windows,maj:Windows_10,maj:Windows_10,maj:Windows_10,leaf:Windows_10,leaf:Windows_10,leaf:Windows_10
4913,fam:Windows,fam:Windows,fam:Windows,maj:Windows_10,maj:Windows_10,maj:Windows_10,leaf:Windows_10,leaf:Windows_10,leaf:Windows_10
4916,fam:Windows,fam:Windows,fam:Windows,maj:Windows_10,maj:Windows_10,maj:Windows_10|maj:Windows_8,leaf:Windows_10,leaf:Windows_10,leaf:Windows_10|leaf:Windows_8_1.0|leaf:Windows_8_OTHER
4920,fam:Windows,fam:Windows,fam:Windows,maj:Windows_10,maj:Windows_10,maj:Windows_10,leaf:Windows_10,leaf:Windows_10,leaf:Windows_10
4921,fam:Windows,fam:Windows,fam:Windows,maj:Windows_10,maj:Windows_10,maj:Windows_10,leaf:Windows_10,leaf:Windows_10,leaf:Windows_10
4922,fam:Windows,fam:Windows,fam:Windows,maj:Windows_10,maj:Windows_10,maj:Windows_10,leaf:Windows_10,leaf:Windows_10,leaf:Windows_10
4924,fam:Windows,fam:Windows,fam:Windows,maj:Windows_10,maj:Windows_10,maj:Windows_10,leaf:Windows_10,leaf:Windows_10,leaf:Windows_10
4925,fam:Windows,fam:Windows,fam:Windows,maj:Windows_10,maj:Windows_10,maj:Windows_10,leaf:Windows_10,leaf:Windows_10,leaf:Windows_10
4926,fam:Windows,fam:Windows,fam:Windows,maj:Windows_10,maj:Windows_8,maj:Windows_10|maj:Windows_7|maj:Windows_8,leaf:Windows_10,leaf:Windows_8_1.0,leaf:Windows_10|leaf:Windows_7|leaf:Windows_8_1.0|leaf:Windows_8_OTHER
4927,fam:Windows,fam:Windows,fam:Windows,maj:Windows_10,maj:Windows_10,maj:Windows_10,leaf:Windows_10,leaf:Windows_10,leaf:Windows_10
4929,fam:Windows,fam:Windows,fam:Windows,maj:Windows_10,maj:Windows_10,maj:Windows_10,leaf:Windows_10,leaf:Windows_10,leaf:Windows_10
4931,fam:Windows,fam:Windows,fam:Windows,maj:Windows_10,maj:Windows_10,maj:Windows_10|maj:Windows_7,leaf:Windows_10,leaf:Windows_10,leaf:Windows_10|leaf:Windows_7
4932,fam:Windows,fam:Windows,fam:Windows,maj:Windows_10,maj:Windows_10,maj:Windows_10,leaf:Windows_10,leaf:Windows_10,leaf:Windows_10
4933,fam:Windows,fam:Windows,fam:Windows,maj:Windows_10,maj:Windows_10,maj:Windows_10,leaf:Windows_10,leaf:Windows_10,leaf:Windows_10
4937,fam:Windows,fam:Windows,fam:Windows,maj:Windows_10,maj:Windows_10,maj:Windows_10,leaf:Windows_10,leaf:Windows_10,leaf:Windows_10
4939,fam:Windows,fam:Windows,fam:Windows,maj:Windows_10,maj:Windows_10,maj:Windows_10,leaf:Windows_10,leaf:Windows_10,leaf:Windows_10
4940,fam:Windows,fam:Windows,fam:Windows|fam:macOS,maj:Windows_10,maj:Windows_10,maj:Windows_10|maj:Windows_7|maj:Windows_8|maj:macOS_10,leaf:Windows_10,leaf:Windows_10,leaf:Windows_10|leaf:Windows_7|leaf:Windows_8_OTHER|leaf:macOS_10_10.0
4941,fam:Windows,fam:Windows,fam:Windows,maj:Windows_10,maj:Windows_10,maj:Windows_10,leaf:Windows_10,leaf:Windows_10,leaf:Windows_10
4942,fam:Windows,fam:Windows,fam:Windows,maj:Windows_10,maj:Windows_10,maj:Windows_10,leaf:Windows_10,leaf:Windows_10,leaf:Windows_10
4944,fam:Windows,fam:Windows,fam:Windows,maj:Windows_10,maj:Windows_10,maj:Windows_10|maj:Windows_8,leaf:Windows_10,leaf:Windows_10,leaf:Windows_10|leaf:Windows_8_OTHER
4946,fam:Windows,fam:Windows,fam:Windows,maj:Windows_10,maj:Windows_10,maj:Windows_10,leaf:Windows_10,leaf:Windows_10,leaf:Windows_10
4948,fam:Windows,fam:Windows,fam:Windows,maj:Windows_10,maj:Windows_10,maj:Windows_10,leaf:Windows_10,leaf:Windows_10,leaf:Windows_10
4953,fam:Windows,fam:Windows,fam:Windows,maj:Windows_10,maj:Windows_10,maj:Windows_10|maj:Windows_8,leaf:Windows_10,leaf:Windows_10,leaf:Windows_10|leaf:Windows_8_OTHER
4955,fam:Windows,fam:Windows,fam:Windows,maj:Windows_10,maj:Windows_10,maj:Windows_10,leaf:Windows_10,leaf:Windows_10,leaf:Windows_10
4957,fam:Windows,fam:Windows,fam:Windows,maj:Windows_10,maj:Windows_10,maj:Windows_10|maj:Windows_7,leaf:Windows_10,leaf:Windows_10,leaf:Windows_10|leaf:Windows_7
4958,fam:Windows,fam:Windows,fam:Android|fam:Windows,maj:Windows_10,maj:Windows_10,maj:Android_8|maj:Windows_10,leaf:Windows_10,leaf:Windows_10,leaf:Android_8_1.0|leaf:Windows_10
4959,fam:Windows,fam:Linux,fam:Linux|fam:Windows,maj:Windows_10,maj:Linux_OTHER,maj:Linux_OTHER|maj:Linux_Ubuntu|maj:Windows_10|maj:Windows_7|maj:Windows_8,leaf:Windows_10,leaf:Linux_OTHER,leaf:Linux_OTHER|leaf:Linux_Ubuntu|leaf:Windows_10|leaf:Windows_7|leaf:Windows_8_1.0
4960,fam:Windows,fam:Windows,fam:Windows,maj:Windows_10,maj:Windows_10,maj:Windows_10,leaf:Windows_10,leaf:Windows_10,leaf:Windows_10
4961,fam:Windows,fam:Windows,fam:Windows,maj:Windows_10,maj:Windows_10,maj:Windows_10|maj:Windows_7,leaf:Windows_10,leaf:Windows_10,leaf:Windows_10|leaf:Windows_7
4967,fam:Windows,fam:Windows,fam:Windows,maj:Windows_10,maj:Windows_10,maj:Windows_10,leaf:Windows_10,leaf:Windows_10,leaf:Windows_10
4971,fam:Windows,fam:Windows,fam:Windows,maj:Windows_10,maj:Windows_10,maj:Windows_10,leaf:Windows_10,leaf:Windows_10,leaf:Windows_10
4975,fam:Windows,fam:Windows,fam:Windows,maj:Windows_10,maj:Windows_10,maj:Windows_10,leaf:Windows_10,leaf:Windows_10,leaf:Windows_10
4976,fam:Windows,fam:Windows,fam:Windows,maj:Windows_10,maj:Windows_10,maj:Windows_10,leaf:Windows_10,leaf:Windows_10,leaf:Windows_10
4981,fam:Windows,fam:Windows,fam:Windows,maj:Windows_10,maj:Windows_10,maj:Windows_10,leaf:Windows_10,leaf:Windows_10,leaf:Windows_10
4983,fam:Windows,fam:Windows,fam:Windows,maj:Windows_10,maj:Windows_10,maj:Windows_10|maj:Windows_7,leaf:Windows_10,leaf:Windows_10,leaf:Windows_10|leaf:Windows_7
4985,fam:Windows,fam:Windows,fam:Windows,maj:Windows_10,maj:Windows_10,maj:Windows_10|maj:Windows_7,leaf:Windows_10,leaf:Windows_10,leaf:Windows_10|leaf:Windows_7
4986,fam:Windows,fam:Windows,fam:Windows,maj:Windows_10,maj:Windows_8,maj:Windows_10|maj:Windows_8,leaf:Windows_10,leaf:Windows_8_OTHER,leaf:Windows_10|leaf:Windows_8_OTHER
4991,fam:Windows,fam:Windows,fam:Windows,maj:Windows_10,maj:Windows_7,maj:Windows_7|maj:Windows_8,leaf:Windows_10,leaf:Windows_7,leaf:Windows_7|leaf:Windows_8_1.0
4992,fam:Windows,fam:Windows,fam:Windows,maj:Windows_10,maj:Windows_10,maj:Windows_10,leaf:Windows_10,leaf:Windows_10,leaf:Windows_10
4997,fam:Windows,fam:Windows,fam:Windows,maj:Windows_10,maj:Windows_10,maj:Windows_10,leaf:Windows_10,leaf:Windows_10,leaf:Windows_10
5002,fam:Windows,fam:Windows,fam:Windows,maj:Windows_10,maj:Windows_10,maj:Windows_10,leaf:Windows_10,leaf:Windows_10,leaf:Windows_10
5004,fam:Windows,fam:Windows,fam:Windows,maj:Windows_10,maj:Windows_10,maj:Windows_10|maj:Windows_7,leaf:Windows_10,leaf:Windows_10,leaf:Windows_10|leaf:Windows_7
5006,fam:Windows,fam:Windows,fam:Android|fam:Linux|fam:Windows,maj:Windows_10,maj:Windows_10,maj:Android_6|maj:Android_9|maj:Linux_OTHER|maj:Windows_10|maj:Windows_7|maj:Windows_8|maj:Windows_XP,leaf:Windows_10,leaf:Windows_10,leaf:Android_6_0.0|leaf:Android_9|leaf:Linux_OTHER|leaf:Windows_10|leaf:Windows_7|leaf:Windows_8_OTHER|leaf:Windows_XP
5010,fam:Windows,fam:Windows,fam:Windows,maj:Windows_10,maj:Windows_10,maj:Windows_10,leaf:Windows_10,leaf:Windows_10,leaf:Windows_10
5014,fam:Windows,fam:Windows,fam:Android|fam:Windows,maj:Windows_10,maj:Windows_10,maj:Android_5|maj:Windows_10|maj:Windows_8,leaf:Windows_10,leaf:Windows_10,leaf:Android_5_1.0|leaf:Windows_10|leaf:Windows_8_1.0
5021,fam:Windows,fam:Windows,fam:Windows,maj:Windows_10,maj:Windows_10,maj:Windows_10,leaf:Windows_10,leaf:Windows_10,leaf:Windows_10
5022,fam:Windows,fam:Windows,fam:Windows,maj:Windows_10,maj:Windows_10,maj:Windows_10|maj:Windows_8,leaf:Windows_10,leaf:Windows_10,leaf:Windows_10|leaf:Windows_8_OTHER
5024,fam:Windows,fam:Windows,fam:Windows|fam:macOS,maj:Windows_10,maj:Windows_10,maj:Windows_10|maj:Windows_7|maj:Windows_8|maj:Windows_XP|maj:macOS_10,leaf:Windows_10,leaf:Windows_7,leaf:Windows_10|leaf:Windows_7|leaf:Windows_8_1.0|leaf:Windows_8_OTHER|leaf:Windows_XP|leaf:macOS_10_9.0
5026,fam:Windows,fam:Windows,fam:Windows,maj:Windows_10,maj:Windows_10,maj:Windows_10|maj:Windows_8,leaf:Windows_10,leaf:Windows_10,leaf:Windows_10|leaf:Windows_8_1.0
5030,fam:Windows,fam:Windows,fam:Windows,maj:Windows_10,maj:Windows_10,maj:Windows_10|maj:Windows_7,leaf:Windows_10,leaf:Windows_10,leaf:Windows_10|leaf:Windows_7
5036,fam:Windows,fam:Windows,fam:Windows,maj:Windows_10,maj:Windows_10,maj:Windows_10,leaf:Windows_10,leaf:Windows_10,leaf:Windows_10
5037,fam:Windows,fam:Windows,fam:Windows,maj:Windows_10,maj:Windows_10,maj:Windows_10,leaf:Windows_10,leaf:Windows_10,leaf:Windows_10
5041,fam:Windows,fam:Windows,fam:Windows,maj:Windows_10,maj:Windows_10,maj:Windows_10|maj:Windows_8,leaf:Windows_10,leaf:Windows_10,leaf:Windows_10|leaf:Windows_8_OTHER
5042,fam:Windows,fam:Windows,fam:Windows,maj:Windows_10,maj:Windows_10,maj:Windows_10,leaf:Windows_10,leaf:Windows_10,leaf:Windows_10
5045,fam:Windows,fam:Windows,fam:Windows,maj:Windows_10,maj:Windows_10,maj:Windows_10,leaf:Windows_10,leaf:Windows_10,leaf:Windows_10
5046,fam:Windows,fam:Windows,fam:Windows|fam:macOS,maj:Windows_10,maj:Windows_10,maj:Windows_10|maj:macOS_10,leaf:Windows_10,leaf:Windows_10,leaf:Windows_10|leaf:macOS_10_12.0|leaf:macOS_10_13.0
5047,fam:Windows,fam:Windows,fam:Windows,maj:Windows_10,maj:Windows_10,maj:Windows_10|maj:Windows_7,leaf:Windows_10,leaf:Windows_10,leaf:Windows_10|leaf:Windows_7
5048,fam:Windows,fam:Windows,fam:Windows,maj:Windows_10,maj:Windows_10,maj:Windows_10,leaf:Windows_10,leaf:Windows_10,leaf:Windows_10
5049,fam:Windows,fam:Windows,fam:Windows,maj:Windows_10,maj:Windows_10,maj:Windows_10,leaf:Windows_10,leaf:Windows_10,leaf:Windows_10
5051,fam:Windows,fam:Windows,fam:Windows,maj:Windows_10,maj:Windows_10,maj:Windows_10,leaf:Windows_10,leaf:Windows_10,leaf:Windows_10
5055,fam:Windows,fam:Windows,fam:Windows|fam:macOS,maj:Windows_10,maj:Windows_10,maj:Windows_10|maj:Windows_7|maj:macOS_10,leaf:Windows_10,leaf:Windows_7,leaf:Windows_10|leaf:Windows_7|leaf:macOS_10_12.0
5058,fam:Windows,fam:Windows,fam:Windows,maj:Windows_10,maj:Windows_10,maj:Windows_10,leaf:Windows_10,leaf:Windows_10,leaf:Windows_10
5059,fam:Windows,fam:Windows,fam:Windows,maj:Windows_10,maj:Windows_10,maj:Windows_10,leaf:Windows_10,leaf:Windows_10,leaf:Windows_10
5060,fam:Windows,fam:Windows,fam:Windows,maj:Windows_10,maj:Windows_10,maj:Windows_10,leaf:Windows_10,leaf:Windows_10,leaf:Windows_10
5067,fam:Windows,fam:Windows,fam:Windows,maj:Windows_10,maj:Windows_10,maj:Windows_10,leaf:Windows_10,leaf:Windows_10,leaf:Windows_10
5068,fam:Windows,fam:Windows,fam:Windows,maj:Windows_10,maj:Windows_10,maj:Windows_10,leaf:Windows_10,leaf:Windows_10,leaf:Windows_10
5069,fam:Windows,fam:Windows,fam:Windows,maj:Windows_10,maj:Windows_10,maj:Windows_10,leaf:Windows_10,leaf:Windows_10,leaf:Windows_10
5070,fam:Windows,fam:Windows,fam:Windows,maj:Windows_10,maj:Windows_10,maj:Windows_10,leaf:Windows_10,leaf:Windows_10,leaf:Windows_10
5072,fam:Windows,fam:Windows,fam:Windows,maj:Windows_10,maj:Windows_10,maj:Windows_10,leaf:Windows_10,leaf:Windows_10,leaf:Windows_10
5073,fam:Windows,fam:Windows,fam:Windows,maj:Windows_10,maj:Windows_10,maj:Windows_10,leaf:Windows_10,leaf:Windows_10,leaf:Windows_10
5076,fam:Windows,fam:Windows,fam:Windows,maj:Windows_10,maj:Windows_10,maj:Windows_10,leaf:Windows_10,leaf:Windows_10,leaf:Windows_10
5078,fam:Windows,fam:Windows,fam:Windows,maj:Windows_10,maj:Windows_10,maj:Windows_10,leaf:Windows_10,leaf:Windows_10,leaf:Windows_10
5080,fam:Windows,fam:Windows,fam:Windows,maj:Windows_10,maj:Windows_10,maj:Windows_10|maj:Windows_8,leaf:Windows_10,leaf:Windows_10,leaf:Windows_10|leaf:Windows_8_OTHER
5082,fam:Windows,fam:Windows,fam:Windows,maj:Windows_10,maj:Windows_10,maj:Windows_10,leaf:Windows_10,leaf:Windows_10,leaf:Windows_10
5083,fam:Windows,fam:Windows,fam:Windows,maj:Windows_10,maj:Windows_10,maj:Windows_10,leaf:Windows_10,leaf:Windows_10,leaf:Windows_10
5084,fam:Windows,fam:Windows,fam:Windows,maj:Windows_10,maj:Windows_10,maj:Windows_10,leaf:Windows_10,leaf:Windows_10,leaf:Windows_10
5086,fam:Windows,fam:Windows,fam:Windows,maj:Windows_10,maj:Windows_10,maj:Windows_10,leaf:Windows_10,leaf:Windows_10,leaf:Windows_10
5095,fam:Windows,fam:Windows,fam:Windows,maj:Windows_10,maj:Windows_10,maj:Windows_10,leaf:Windows_10,leaf:Windows_10,leaf:Windows_10
5096,fam:Windows,fam:Windows,fam:Windows,maj:Windows_10,maj:Windows_10,maj:Windows_10,leaf:Windows_10,leaf:Windows_10,leaf:Windows_10
5097,fam:Windows,fam:Windows,fam:Windows,maj:Windows_10,maj:Windows_10,maj:Windows_10,leaf:Windows_10,leaf:Windows_10,leaf:Windows_10
5099,fam:Windows,fam:Windows,fam:Windows,maj:Windows_10,maj:Windows_10,maj:Windows_10,leaf:Windows_10,leaf:Windows_10,leaf:Windows_10
5101,fam:Windows,fam:Windows,fam:Windows,maj:Windows_10,maj:Windows_10,maj:Windows_10,leaf:Windows_10,leaf:Windows_10,leaf:Windows_10
5103,fam:Windows,fam:Windows,fam:Windows,maj:Windows_10,maj:Windows_10,maj:Windows_10,leaf:Windows_10,leaf:Windows_10,leaf:Windows_10
5104,fam:Windows,fam:Windows,fam:Windows,maj:Windows_10,maj:Windows_10,maj:Windows_10|maj:Windows_8,leaf:Windows_10,leaf:Windows_10,leaf:Windows_10|leaf:Windows_8_OTHER
5108,fam:Windows,fam:Windows,fam:Windows,maj:Windows_10,maj:Windows_10,maj:Windows_10,leaf:Windows_10,leaf:Windows_10,leaf:Windows_10
5110,fam:Windows,fam:Windows,fam:Windows,maj:Windows_10,maj:Windows_10,maj:Windows_10,leaf:Windows_10,leaf:Windows_10,leaf:Windows_10
5112,fam:Windows,fam:Windows,fam:Windows,maj:Windows_10,maj:Windows_10,maj:Windows_10,leaf:Windows_10,leaf:Windows_10,leaf:Windows_10
5113,fam:Windows,fam:Windows,fam:Windows,maj:Windows_10,maj:Windows_7,maj:Windows_7|maj:Windows_8,leaf:Windows_10,leaf:Windows_7,leaf:Windows_7|leaf:Windows_8_1.0
5118,fam:Windows,fam:Windows,fam:Windows,maj:Windows_10,maj:Windows_10,maj:Windows_10,leaf:Windows_10,leaf:Windows_10,leaf:Windows_10
5119,fam:Windows,fam:Windows,fam:Windows,maj:Windows_10,maj:Windows_8,maj:Windows_10|maj:Windows_8,leaf:Windows_10,leaf:Windows_8_OTHER,leaf:Windows_10|leaf:Windows_8_OTHER
5120,fam:Windows,fam:Windows,fam:Linux|fam:Windows|fam:macOS,maj:Windows_10,maj:Linux_OTHER,maj:Linux_OTHER|maj:Linux_Ubuntu|maj:Windows_10|maj:Windows_7|maj:macOS_10,leaf:Windows_10,leaf:Linux_OTHER,leaf:Linux_OTHER|leaf:Linux_Ubuntu|leaf:Windows_10|leaf:Windows_7|leaf:macOS_10_10.0|leaf:macOS_10_11.0|leaf:macOS_10_12.0|leaf:macOS_10_13.0|leaf:macOS_10_15.0
5124,fam:Windows,fam:Windows,fam:Windows,maj:Windows_10,maj:Windows_10,maj:Windows_10,leaf:Windows_10,leaf:Windows_10,leaf:Windows_10
5125,fam:Windows,fam:Windows,fam:Windows,maj:Windows_10,maj:Windows_10,maj:Windows_10,leaf:Windows_10,leaf:Windows_10,leaf:Windows_10
5127,fam:Windows,fam:Windows,fam:Windows,maj:Windows_10,maj:Windows_10,maj:Windows_10,leaf:Windows_10,leaf:Windows_10,leaf:Windows_10
5132,fam:Windows,fam:Windows,fam:Windows,maj:Windows_10,maj:Windows_10,maj:Windows_10,leaf:Windows_10,leaf:Windows_10,leaf:Windows_10
5135,fam:Windows,fam:Windows,fam:Android|fam:Windows,maj:Windows_10,maj:Windows_10,maj:Android_7|maj:Windows_10,leaf:Windows_10,leaf:Windows_10,leaf:Android_7_0.0|leaf:Windows_10
5139,fam:Windows,fam:Windows,fam:Android|fam:Windows,maj:Windows_10,maj:Windows_10,maj:Android_7|maj:Android_8|maj:Windows_10|maj:Windows_7|maj:Windows_8,leaf:Windows_10,leaf:Windows_7,leaf:Android_7_0.0|leaf:Android_8_1.0|leaf:Windows_10|leaf:Windows_7|leaf:Windows_8_1.0
5145,fam:Windows,fam:Windows,fam:Windows,maj:Windows_10,maj:Windows_10,maj:Windows_10,leaf:Windows_10,leaf:Windows_10,leaf:Windows_10
5146,fam:Windows,fam:Windows,fam:Windows,maj:Windows_10,maj:Windows_10,maj:Windows_10,leaf:Windows_10,leaf:Windows_10,leaf:Windows_10
5147,fam:Windows,fam:Windows,fam:Windows|fam:macOS,maj:Windows_10,maj:Windows_10,maj:Windows_10|maj:macOS_10,leaf:Windows_10,leaf:Windows_10,leaf:Windows_10|leaf:macOS_10_12.0
5149,fam:Windows,fam:Windows,fam:Windows,maj:Windows_10,maj:Windows_10,maj:Windows_10,leaf:Windows_10,leaf:Windows_10,leaf:Windows_10
5152,fam:Windows,fam:Windows,fam:Windows,maj:Windows_10,maj:Windows_10,maj:Windows_10,leaf:Windows_10,leaf:Windows_10,leaf:Windows_10
5153,fam:Windows,fam:Windows,fam:Windows,maj:Windows_10,maj:Windows_10,maj:Windows_10,leaf:Windows_10,leaf:Windows_10,leaf:Windows_10
5156,fam:Windows,fam:Windows,fam:Windows,maj:Windows_10,maj:Windows_10,maj:Windows_10,leaf:Windows_10,leaf:Windows_10,leaf:Windows_10
5157,fam:Windows,fam:Windows,fam:Windows,maj:Windows_10,maj:Windows_10,maj:Windows_10,leaf:Windows_10,leaf:Windows_10,leaf:Windows_10
5158,fam:Windows,fam:Windows,fam:Windows,maj:Windows_10,maj:Windows_10,maj:Windows_10,leaf:Windows_10,leaf:Windows_10,leaf:Windows_10
5159,fam:Windows,fam:Windows,fam:Windows,maj:Windows_10,maj:Windows_10,maj:Windows_10,leaf:Windows_10,leaf:Windows_10,leaf:Windows_10
5163,fam:Windows,fam:Windows,fam:Windows,maj:Windows_10,maj:Windows_10,maj:Windows_10|maj:Windows_8,leaf:Windows_10,leaf:Windows_10,leaf:Windows_10|leaf:Windows_8_1.0
5164,fam:Windows,fam:Windows,fam:Windows,maj:Windows_10,maj:Windows_10,maj:Windows_10,leaf:Windows_10,leaf:Windows_10,leaf:Windows_10
5166,fam:Windows,fam:Windows,fam:Windows,maj:Windows_10,maj:Windows_10,maj:Windows_10|maj:Windows_8,leaf:Windows_10,leaf:Windows_10,leaf:Windows_10|leaf:Windows_8_1.0
5167,fam:Windows,fam:Windows,fam:Windows,maj:Windows_10,maj:Windows_10,maj:Windows_10,leaf:Windows_10,leaf:Windows_10,leaf:Windows_10
5168,fam:Windows,fam:Windows,fam:Windows,maj:Windows_10,maj:Windows_10,maj:Windows_10,leaf:Windows_10,leaf:Windows_10,leaf:Windows_10
5169,fam:Windows,fam:Windows,fam:Windows,maj:Windows_10,maj:Windows_10,maj:Windows_10|maj:Windows_8,leaf:Windows_10,leaf:Windows_10,leaf:Windows_10|leaf:Windows_8_OTHER
5171,fam:Windows,fam:Windows,fam:Windows,maj:Windows_10,maj:Windows_10,maj:Windows_10,leaf:Windows_10,leaf:Windows_10,leaf:Windows_10
5173,fam:Windows,fam:Windows,fam:Windows,maj:Windows_10,maj:Windows_10,maj:Windows_10|maj:Windows_8,leaf:Windows_10,leaf:Windows_10,leaf:Windows_10|leaf:Windows_8_OTHER
5175,fam:Windows,fam:Windows,fam:Windows,maj:Windows_10,maj:Windows_10,maj:Windows_10,leaf:Windows_10,leaf:Windows_10,leaf:Windows_10
5176,fam:Windows,fam:Windows,fam:Windows,maj:Windows_10,maj:Windows_10,maj:Windows_10,leaf:Windows_10,leaf:Windows_10,leaf:Windows_10
5178,fam:Windows,fam:Windows,fam:Windows,maj:Windows_10,maj:Windows_10,maj:Windows_10,leaf:Windows_10,leaf:Windows_10,leaf:Windows_10
5182,fam:Windows,fam:Windows,fam:Windows,maj:Windows_10,maj:Windows_10,maj:Windows_10,leaf:Windows_10,leaf:Windows_10,leaf:Windows_10
5191,fam:Windows,fam:Windows,fam:Windows,maj:Windows_10,maj:Windows_10,maj:Windows_10,leaf:Windows_10,leaf:Windows_10,leaf:Windows_10
5192,fam:Windows,fam:Windows,fam:Windows,maj:Windows_10,maj:Windows_10,maj:Windows_10,leaf:Windows_10,leaf:Windows_10,leaf:Windows_10
5193,fam:Windows,fam:Windows,fam:Windows,maj:Windows_10,maj:Windows_10,maj:Windows_10,leaf:Windows_10,leaf:Windows_10,leaf:Windows_10
5194,fam:Windows,fam:Windows,fam:Windows,maj:Windows_10,maj:Windows_10,maj:Windows_10,leaf:Windows_10,leaf:Windows_10,leaf:Windows_10
5195,fam:Windows,fam:Windows,fam:Windows,maj:Windows_10,maj:Windows_10,maj:Windows_10,leaf:Windows_10,leaf:Windows_10,leaf:Windows_10
5197,fam:Windows,fam:Windows,fam:Windows,maj:Windows_10,maj:Windows_10,maj:Windows_10|maj:Windows_8,leaf:Windows_10,leaf:Windows_10,leaf:Windows_10|leaf:Windows_8_OTHER
5199,fam:Windows,fam:Windows,fam:Windows,maj:Windows_10,maj:Windows_10,maj:Windows_10,leaf:Windows_10,leaf:Windows_10,leaf:Windows_10
5204,fam:Windows,fam:Windows,fam:Windows,maj:Windows_10,maj:Windows_10,maj:Windows_10,leaf:Windows_10,leaf:Windows_10,leaf:Windows_10
5205,fam:Windows,fam:Windows,fam:Windows,maj:Windows_10,maj:Windows_10,maj:Windows_10,leaf:Windows_10,leaf:Windows_10,leaf:Windows_10
5206,fam:Windows,fam:Windows,fam:Windows,maj:Windows_10,maj:Windows_10,maj:Windows_10,leaf:Windows_10,leaf:Windows_10,leaf:Windows_10
5208,fam:Windows,fam:Windows,fam:Windows,maj:Windows_10,maj:Windows_10,maj:Windows_10|maj:Windows_7,leaf:Windows_10,leaf:Windows_10,leaf:Windows_10|leaf:Windows_7
5209,fam:Windows,fam:Windows,fam:Linux|fam:Windows|fam:macOS,maj:Windows_10,maj:Windows_10,maj:Linux_OTHER|maj:Windows_10|maj:Windows_7|maj:Windows_8|maj:macOS_10,leaf:Windows_10,leaf:Windows_10,leaf:Linux_OTHER|leaf:Windows_10|leaf:Windows_7|leaf:Windows_8_1.0|leaf:macOS_10_10.0|leaf:macOS_10_13.0|leaf:macOS_10_8.0
5210,fam:Windows,fam:Windows,fam:Windows,maj:Windows_10,maj:Windows_10,maj:Windows_10,leaf:Windows_10,leaf:Windows_10,leaf:Windows_10
5213,fam:Windows,fam:Windows,fam:Windows,maj:Windows_10,maj:Windows_10,maj:Windows_10,leaf:Windows_10,leaf:Windows_10,leaf:Windows_10
5214,fam:Windows,fam:Windows,fam:Windows,maj:Windows_10,maj:Windows_10,maj:Windows_10|maj:Windows_7,leaf:Windows_10,leaf:Windows_10,leaf:Windows_10|leaf:Windows_7
5215,fam:Windows,fam:Windows,fam:Windows,maj:Windows_10,maj:Windows_10,maj:Windows_10,leaf:Windows_10,leaf:Windows_10,leaf:Windows_10
5217,fam:Windows,fam:Windows,fam:Windows,maj:Windows_10,maj:Windows_10,maj:Windows_10,leaf:Windows_10,leaf:Windows_10,leaf:Windows_10
5218,fam:Windows,fam:Windows,fam:Windows,maj:Windows_10,maj:Windows_10,maj:Windows_10,leaf:Windows_10,leaf:Windows_10,leaf:Windows_10
5220,fam:Windows,fam:Windows,fam:Windows,maj:Windows_10,maj:Windows_10,maj:Windows_10,leaf:Windows_10,leaf:Windows_10,leaf:Windows_10
5224,fam:Windows,fam:Windows,fam:Windows|fam:macOS,maj:Windows_10,maj:Windows_10,maj:Windows_10|maj:macOS_10,leaf:Windows_10,leaf:Windows_10,leaf:Windows_10|leaf:macOS_10_11.0
5225,fam:Windows,fam:Windows,fam:Windows,maj:Windows_10,maj:Windows_10,maj:Windows_10,leaf:Windows_10,leaf:Windows_10,leaf:Windows_10
5227,fam:Windows,fam:Windows,fam:Windows,maj:Windows_10,maj:Windows_10,maj:Windows_10,leaf:Windows_10,leaf:Windows_10,leaf:Windows_10
5230,fam:Windows,fam:Windows,fam:Windows,maj:Windows_10,maj:Windows_10,maj:Windows_10,leaf:Windows_10,leaf:Windows_10,leaf:Windows_10
5233,fam:Windows,fam:Windows,fam:Windows,maj:Windows_10,maj:Windows_10,maj:Windows_10,leaf:Windows_10,leaf:Windows_10,leaf:Windows_10
5234,fam:Windows,fam:Windows,fam:Windows,maj:Windows_10,maj:Windows_10,maj:Windows_10|maj:Windows_8,leaf:Windows_10,leaf:Windows_10,leaf:Windows_10|leaf:Windows_8_OTHER
5239,fam:Windows,fam:Windows,fam:Windows,maj:Windows_10,maj:Windows_10,maj:Windows_10,leaf:Windows_10,leaf:Windows_10,leaf:Windows_10
5241,fam:Windows,fam:Windows,fam:Android|fam:Windows,maj:Windows_10,maj:Windows_10,maj:Android_6|maj:Windows_10|maj:Windows_8|maj:Windows_XP,leaf:Windows_10,leaf:Windows_10,leaf:Android_6_0.0|leaf:Windows_10|leaf:Windows_8_1.0|leaf:Windows_8_OTHER|leaf:Windows_XP
5242,fam:Windows,fam:Windows,fam:Windows,maj:Windows_10,maj:Windows_10,maj:Windows_10,leaf:Windows_10,leaf:Windows_10,leaf:Windows_10
5243,fam:Windows,fam:Windows,fam:Windows,maj:Windows_10,maj:Windows_10,maj:Windows_10,leaf:Windows_10,leaf:Windows_10,leaf:Windows_10
5245,fam:Windows,fam:Windows,fam:Windows,maj:Windows_10,maj:Windows_10,maj:Windows_10,leaf:Windows_10,leaf:Windows_10,leaf:Windows_10
5247,fam:Windows,fam:Windows,fam:Windows,maj:Windows_10,maj:Windows_10,maj:Windows_10,leaf:Windows_10,leaf:Windows_10,leaf:Windows_10
5252,fam:Windows,fam:Windows,fam:Windows,maj:Windows_10,maj:Windows_10,maj:Windows_10,leaf:Windows_10,leaf:Windows_10,leaf:Windows_10
5254,fam:Windows,fam:Windows,fam:Windows,maj:Windows_10,maj:Windows_10,maj:Windows_10,leaf:Windows_10,leaf:Windows_10,leaf:Windows_10
5255,fam:Windows,fam:Windows,fam:Windows,maj:Windows_10,maj:Windows_10,maj:Windows_10,leaf:Windows_10,leaf:Windows_10,leaf:Windows_10
5259,fam:Windows,fam:Windows,fam:Windows,maj:Windows_10,maj:Windows_10,maj:Windows_10,leaf:Windows_10,leaf:Windows_10,leaf:Windows_10
5263,fam:Windows,fam:Windows,fam:Windows,maj:Windows_10,maj:Windows_10,maj:Windows_10,leaf:Windows_10,leaf:Windows_10,leaf:Windows_10
5264,fam:Windows,fam:Windows,fam:Windows,maj:Windows_10,maj:Windows_10,maj:Windows_10,leaf:Windows_10,leaf:Windows_10,leaf:Windows_10
5265,fam:Windows,fam:Windows,fam:Windows,maj:Windows_10,maj:Windows_10,maj:Windows_10,leaf:Windows_10,leaf:Windows_10,leaf:Windows_10
5268,fam:Windows,fam:Windows,fam:Windows,maj:Windows_10,maj:Windows_10,maj:Windows_10,leaf:Windows_10,leaf:Windows_10,leaf:Windows_10
5270,fam:Windows,fam:Windows,fam:Android|fam:Windows,maj:Windows_10,maj:Windows_10,maj:Android_10|maj:Android_8|maj:Android_9|maj:Windows_10,leaf:Windows_10,leaf:Windows_10,leaf:Android_10|leaf:Android_8_0.0|leaf:Android_8_1.0|leaf:Android_9|leaf:Windows_10
5271,fam:Windows,fam:Windows,fam:Windows,maj:Windows_10,maj:Windows_10,maj:Windows_10|maj:Windows_7,leaf:Windows_10,leaf:Windows_10,leaf:Windows_10|leaf:Windows_7
5272,fam:Windows,fam:Windows,fam:Windows,maj:Windows_10,maj:Windows_10,maj:Windows_10,leaf:Windows_10,leaf:Windows_10,leaf:Windows_10
5277,fam:Windows,fam:Windows,fam:Windows,maj:Windows_10,maj:Windows_10,maj:Windows_10,leaf:Windows_10,leaf:Windows_10,leaf:Windows_10
5279,fam:Windows,fam:Windows,fam:Windows,maj:Windows_10,maj:Windows_10,maj:Windows_10,leaf:Windows_10,leaf:Windows_10,leaf:Windows_10
5282,fam:Windows,fam:Windows,fam:Windows,maj:Windows_10,maj:Windows_10,maj:Windows_10,leaf:Windows_10,leaf:Windows_10,leaf:Windows_10
5284,fam:Windows,fam:Windows,fam:Windows,maj:Windows_10,maj:Windows_10,maj:Windows_10,leaf:Windows_10,leaf:Windows_10,leaf:Windows_10
5286,fam:Windows,fam:Windows,fam:Windows,maj:Windows_10,maj:Windows_10,maj:Windows_10,leaf:Windows_10,leaf:Windows_10,leaf:Windows_10
5288,fam:Windows,fam:Windows,fam:Windows,maj:Windows_10,maj:Windows_10,maj:Windows_10,leaf:Windows_10,leaf:Windows_10,leaf:Windows_10
5289,fam:Windows,fam:Windows,fam:Linux|fam:Windows,maj:Windows_10,maj:Windows_10,maj:Linux_OTHER|maj:Windows_10|maj:Windows_7|maj:Windows_8,leaf:Windows_10,leaf:Windows_8_1.0,leaf:Linux_OTHER|leaf:Windows_10|leaf:Windows_7|leaf:Windows_8_1.0
5290,fam:Windows,fam:Windows,fam:Windows,maj:Windows_10,maj:Windows_10,maj:Windows_10,leaf:Windows_10,leaf:Windows_10,leaf:Windows_10
5291,fam:Windows,fam:Windows,fam:Windows,maj:Windows_10,maj:Windows_10,maj:Windows_10,leaf:Windows_10,leaf:Windows_10,leaf:Windows_10
5292,fam:Windows,fam:Windows,fam:Windows,maj:Windows_10,maj:Windows_10,maj:Windows_10,leaf:Windows_10,leaf:Windows_10,leaf:Windows_10
5295,fam:Windows,fam:Windows,fam:Windows,maj:Windows_10,maj:Windows_10,maj:Windows_10,leaf:Windows_10,leaf:Windows_10,leaf:Windows_10
5297,fam:Windows,fam:Windows,fam:Windows,maj:Windows_10,maj:Windows_10,maj:Windows_10,leaf:Windows_10,leaf:Windows_10,leaf:Windows_10
5299,fam:Windows,fam:Windows,fam:Windows,maj:Windows_10,maj:Windows_10,maj:Windows_10,leaf:Windows_10,leaf:Windows_10,leaf:Windows_10
5300,fam:Windows,fam:Windows,fam:Linux|fam:Windows,maj:Windows_10,maj:Windows_7,maj:Linux_OTHER|maj:Windows_10|maj:Windows_7|maj:Windows_8,leaf:Windows_10,leaf:Windows_10,leaf:Linux_OTHER|leaf:Windows_10|leaf:Windows_7|leaf:Windows_8_1.0
5301,fam:Windows,fam:Windows,fam:Windows,maj:Windows_10,maj:Windows_10,maj:Windows_10,leaf:Windows_10,leaf:Windows_10,leaf:Windows_10
5302,fam:Windows,fam:Windows,fam:Windows,maj:Windows_10,maj:Windows_10,maj:Windows_10,leaf:Windows_10,leaf:Windows_10,leaf:Windows_10
5303,fam:Windows,fam:Windows,fam:Linux|fam:Windows,maj:Windows_10,maj:Windows_10,maj:Linux_OTHER|maj:Windows_10|maj:Windows_8,leaf:Windows_10,leaf:Windows_10,leaf:Linux_OTHER|leaf:Windows_10|leaf:Windows_8_1.0
5304,fam:Windows,fam:Windows,fam:Android|fam:Windows|fam:macOS,maj:Windows_10,maj:Windows_10,maj:Android_10|maj:Android_4|maj:Android_9|maj:Windows_10|maj:Windows_7|maj:Windows_8|maj:macOS_10,leaf:Windows_10,leaf:Windows_10,leaf:Android_10|leaf:Android_4_1.0|leaf:Android_9|leaf:Windows_10|leaf:Windows_7|leaf:Windows_8_1.0|leaf:macOS_10_11.0
5306,fam:Windows,fam:Windows,fam:Windows,maj:Windows_10,maj:Windows_10,maj:Windows_10,leaf:Windows_10,leaf:Windows_10,leaf:Windows_10
5308,fam:Windows,fam:Windows,fam:Android|fam:Windows,maj:Windows_10,maj:Windows_7,maj:Android_4|maj:Windows_10|maj:Windows_7,leaf:Windows_10,leaf:Windows_7,leaf:Android_4_1.0|leaf:Windows_10|leaf:Windows_7
5312,fam:Windows,fam:Windows,fam:Windows,maj:Windows_10,maj:Windows_10,maj:Windows_10,leaf:Windows_10,leaf:Windows_10,leaf:Windows_10
5313,fam:Windows,fam:Windows,fam:Windows,maj:Windows_10,maj:Windows_10,maj:Windows_10,leaf:Windows_10,leaf:Windows_10,leaf:Windows_10
5314,fam:Windows,fam:Windows,fam:Windows,maj:Windows_10,maj:Windows_10,maj:Windows_10,leaf:Windows_10,leaf:Windows_10,leaf:Windows_10
5321,fam:Windows,fam:Windows,fam:Windows,maj:Windows_10,maj:Windows_10,maj:Windows_10,leaf:Windows_10,leaf:Windows_10,leaf:Windows_10
5324,fam:Windows,fam:Windows,fam:Windows,maj:Windows_10,maj:Windows_10,maj:Windows_10,leaf:Windows_10,leaf:Windows_10,leaf:Windows_10
5325,fam:Windows,fam:Windows,fam:Android|fam:Windows,maj:Windows_10,maj:Windows_10,maj:Android_OTHER|maj:Windows_10|maj:Windows_8,leaf:Windows_10,leaf:Windows_10,leaf:Android_OTHER|leaf:Windows_10|leaf:Windows_8_1.0
5326,fam:Windows,fam:Windows,fam:Windows,maj:Windows_10,maj:Windows_10,maj:Windows_10,leaf:Windows_10,leaf:Windows_10,leaf:Windows_10
5327,fam:Windows,fam:Windows,fam:Windows,maj:Windows_10,maj:Windows_10,maj:Windows_10,leaf:Windows_10,leaf:Windows_10,leaf:Windows_10
5334,fam:Windows,fam:Windows,fam:Windows,maj:Windows_10,maj:Windows_10,maj:Windows_10,leaf:Windows_10,leaf:Windows_10,leaf:Windows_10
5335,fam:Windows,fam:Windows,fam:Windows,maj:Windows_10,maj:Windows_10,maj:Windows_10|maj:Windows_8,leaf:Windows_10,leaf:Windows_10,leaf:Windows_10|leaf:Windows_8_OTHER
5337,fam:Windows,fam:Windows,fam:Windows,maj:Windows_10,maj:Windows_10,maj:Windows_10,leaf:Windows_10,leaf:Windows_10,leaf:Windows_10
5339,fam:Windows,fam:Windows,fam:Windows,maj:Windows_10,maj:Windows_10,maj:Windows_10,leaf:Windows_10,leaf:Windows_10,leaf:Windows_10
5341,fam:Windows,fam:Windows,fam:Windows,maj:Windows_10,maj:Windows_10,maj:Windows_10,leaf:Windows_10,leaf:Windows_10,leaf:Windows_10
5342,fam:Windows,fam:Windows,fam:Windows,maj:Windows_10,maj:Windows_10,maj:Windows_10,leaf:Windows_10,leaf:Windows_10,leaf:Windows_10
5346,fam:Windows,fam:Windows,fam:Windows,maj:Windows_10,maj:Windows_10,maj:Windows_10,leaf:Windows_10,leaf:Windows_10,leaf:Windows_10
5347,fam:Windows,fam:Windows,fam:Windows,maj:Windows_10,maj:Windows_10,maj:Windows_10,leaf:Windows_10,leaf:Windows_10,leaf:Windows_10
5350,fam:Windows,fam:Windows,fam:Windows,maj:Windows_10,maj:Windows_10,maj:Windows_10,leaf:Windows_10,leaf:Windows_10,leaf:Windows_10
5352,fam:Windows,fam:Windows,fam:Windows,maj:Windows_10,maj:Windows_10,maj:Windows_10,leaf:Windows_10,leaf:Windows_10,leaf:Windows_10
5354,fam:Windows,fam:Windows,fam:Windows,maj:Windows_10,maj:Windows_10,maj:Windows_10,leaf:Windows_10,leaf:Windows_10,leaf:Windows_10
5355,fam:Windows,fam:Windows,fam:Windows,maj:Windows_10,maj:Windows_10,maj:Windows_10,leaf:Windows_10,leaf:Windows_10,leaf:Windows_10
5356,fam:Windows,fam:Windows,fam:Windows,maj:Windows_10,maj:Windows_10,maj:Windows_10,leaf:Windows_10,leaf:Windows_10,leaf:Windows_10
5357,fam:Windows,fam:Windows,fam:Android|fam:Windows,maj:Windows_10,maj:Windows_10,maj:Android_7|maj:Windows_10|maj:Windows_7,leaf:Windows_10,leaf:Windows_10,leaf:Android_7_1.0|leaf:Windows_10|leaf:Windows_7
5361,fam:Windows,fam:Windows,fam:Windows,maj:Windows_10,maj:Windows_10,maj:Windows_10,leaf:Windows_10,leaf:Windows_10,leaf:Windows_10
5367,fam:Windows,fam:Windows,fam:Windows,maj:Windows_10,maj:Windows_10,maj:Windows_10,leaf:Windows_10,leaf:Windows_10,leaf:Windows_10
5371,fam:Windows,fam:Windows,fam:Windows,maj:Windows_10,maj:Windows_10,maj:Windows_10,leaf:Windows_10,leaf:Windows_10,leaf:Windows_10
5372,fam:Windows,fam:Windows,fam:Windows,maj:Windows_10,maj:Windows_10,maj:Windows_10,leaf:Windows_10,leaf:Windows_10,leaf:Windows_10
5375,fam:Windows,fam:Windows,fam:Android|fam:Windows,maj:Windows_10,maj:Windows_10,maj:Android_6|maj:Windows_10|maj:Windows_7,leaf:Windows_10,leaf:Windows_10,leaf:Android_6_0.0|leaf:Windows_10|leaf:Windows_7
5377,fam:Windows,fam:Windows,fam:Windows,maj:Windows_10,maj:Windows_10,maj:Windows_10,leaf:Windows_10,leaf:Windows_10,leaf:Windows_10
5379,fam:Windows,fam:Windows,fam:Windows,maj:Windows_10,maj:Windows_10,maj:Windows_10,leaf:Windows_10,leaf:Windows_10,leaf:Windows_10
5380,fam:Windows,fam:Windows,fam:Windows,maj:Windows_10,maj:Windows_10,maj:Windows_10,leaf:Windows_10,leaf:Windows_10,leaf:Windows_10
5381,fam:Windows,fam:Windows,fam:Windows,maj:Windows_10,maj:Windows_10,maj:Windows_10,leaf:Windows_10,leaf:Windows_10,leaf:Windows_10
5382,fam:Windows,fam:Windows,fam:Windows,maj:Windows_10,maj:Windows_10,maj:Windows_10,leaf:Windows_10,leaf:Windows_10,leaf:Windows_10
5383,fam:Windows,fam:Windows,fam:Windows,maj:Windows_10,maj:Windows_10,maj:Windows_10,leaf:Windows_10,leaf:Windows_10,leaf:Windows_10
5385,fam:Windows,fam:Windows,fam:Windows,maj:Windows_10,maj:Windows_10,maj:Windows_10,leaf:Windows_10,leaf:Windows_10,leaf:Windows_10
5386,fam:Windows,fam:Windows,fam:Windows,maj:Windows_10,maj:Windows_10,maj:Windows_10,leaf:Windows_10,leaf:Windows_10,leaf:Windows_10
5389,fam:Windows,fam:macOS,fam:Windows|fam:macOS,maj:Windows_10,maj:Windows_8,maj:Windows_10|maj:Windows_7|maj:Windows_8|maj:macOS_10,leaf:Windows_10,leaf:macOS_10_13.0,leaf:Windows_10|leaf:Windows_7|leaf:Windows_8_1.0|leaf:macOS_10_13.0|leaf:macOS_10_8.0
5391,fam:Windows,fam:Windows,fam:Windows,maj:Windows_10,maj:Windows_10,maj:Windows_10,leaf:Windows_10,leaf:Windows_10,leaf:Windows_10
5393,fam:Windows,fam:Windows,fam:Windows,maj:Windows_10,maj:Windows_10,maj:Windows_10,leaf:Windows_10,leaf:Windows_10,leaf:Windows_10
5398,fam:Windows,fam:Windows,fam:Windows,maj:Windows_10,maj:Windows_10,maj:Windows_10,leaf:Windows_10,leaf:Windows_10,leaf:Windows_10
5401,fam:Windows,fam:Windows,fam:Windows,maj:Windows_10,maj:Windows_10,maj:Windows_10,leaf:Windows_10,leaf:Windows_10,leaf:Windows_10
5403,fam:Windows,fam:Windows,fam:Windows,maj:Windows_10,maj:Windows_10,maj:Windows_10,leaf:Windows_10,leaf:Windows_10,leaf:Windows_10
5405,fam:Windows,fam:Windows,fam:Windows,maj:Windows_10,maj:Windows_10,maj:Windows_10|maj:Windows_8,leaf:Windows_10,leaf:Windows_10,leaf:Windows_10|leaf:Windows_8_1.0|leaf:Windows_8_OTHER
5412,fam:Windows,fam:Windows,fam:Windows,maj:Windows_10,maj:Windows_10,maj:Windows_10,leaf:Windows_10,leaf:Windows_10,leaf:Windows_10
5414,fam:Windows,fam:Windows,fam:Windows,maj:Windows_10,maj:Windows_10,maj:Windows_10,leaf:Windows_10,leaf:Windows_10,leaf:Windows_10
5417,fam:Windows,fam:Windows,fam:Windows,maj:Windows_10,maj:Windows_10,maj:Windows_10,leaf:Windows_10,leaf:Windows_10,leaf:Windows_10
5418,fam:Windows,fam:Windows,fam:Windows,maj:Windows_10,maj:Windows_10,maj:Windows_10,leaf:Windows_10,leaf:Windows_10,leaf:Windows_10
5419,fam:Windows,fam:Windows,fam:Windows,maj:Windows_10,maj:Windows_10,maj:Windows_10,leaf:Windows_10,leaf:Windows_10,leaf:Windows_10
5422,fam:Windows,fam:Windows,fam:Windows,maj:Windows_10,maj:Windows_10,maj:Windows_10|maj:Windows_7|maj:Windows_8,leaf:Windows_10,leaf:Windows_10,leaf:Windows_10|leaf:Windows_7|leaf:Windows_8_1.0
5423,fam:Windows,fam:Windows,fam:Windows,maj:Windows_10,maj:Windows_10,maj:Windows_10,leaf:Windows_10,leaf:Windows_10,leaf:Windows_10
5424,fam:Windows,fam:Windows,fam:Android|fam:Windows,maj:Windows_10,maj:Windows_10,maj:Android_7|maj:Windows_10,leaf:Windows_10,leaf:Windows_10,leaf:Android_7_0.0|leaf:Windows_10
5425,fam:Windows,fam:Windows,fam:Windows,maj:Windows_10,maj:Windows_10,maj:Windows_10,leaf:Windows_10,leaf:Windows_10,leaf:Windows_10
5426,fam:Windows,fam:Android,fam:Android|fam:Linux|fam:macOS,maj:Windows_10,maj:Windows_10,maj:Android_10|maj:Android_8|maj:Android_9|maj:Linux_OTHER|maj:macOS_10,leaf:Windows_10,leaf:Android_10,leaf:Android_10|leaf:Android_8_0.0|leaf:Android_8_1.0|leaf:Android_9|leaf:Linux_OTHER|leaf:macOS_10_11.0
5427,fam:Windows,fam:Windows,fam:Windows,maj:Windows_10,maj:Windows_10,maj:Windows_10,leaf:Windows_10,leaf:Windows_10,leaf:Windows_10
5428,fam:Windows,fam:Windows,fam:Windows,maj:Windows_10,maj:Windows_10,maj:Windows_10,leaf:Windows_10,leaf:Windows_10,leaf:Windows_10
5432,fam:Windows,fam:Windows,fam:Windows,maj:Windows_10,maj:Windows_10,maj:Windows_10,leaf:Windows_10,leaf:Windows_10,leaf:Windows_10
5434,fam:Windows,fam:Windows,fam:Windows,maj:Windows_10,maj:Windows_10,maj:Windows_10,leaf:Windows_10,leaf:Windows_10,leaf:Windows_10
5436,fam:Windows,fam:Windows,fam:Windows,maj:Windows_10,maj:Windows_10,maj:Windows_10,leaf:Windows_10,leaf:Windows_10,leaf:Windows_10
5437,fam:Windows,fam:Windows,fam:Windows,maj:Windows_10,maj:Windows_10,maj:Windows_10,leaf:Windows_10,leaf:Windows_10,leaf:Windows_10
5439,fam:Windows,fam:Linux,fam:Linux|fam:Windows,maj:Windows_10,maj:Linux_OTHER,maj:Linux_OTHER|maj:Linux_Ubuntu|maj:Windows_10|maj:Windows_7|maj:Windows_8,leaf:Windows_10,leaf:Linux_OTHER,leaf:Linux_OTHER|leaf:Linux_Ubuntu|leaf:Windows_10|leaf:Windows_7|leaf:Windows_8_1.0
5444,fam:Windows,fam:Windows,fam:Windows,maj:Windows_10,maj:Windows_10,maj:Windows_10,leaf:Windows_10,leaf:Windows_10,leaf:Windows_10
5445,fam:Windows,fam:Windows,fam:Windows,maj:Windows_10,maj:Windows_10,maj:Windows_10,leaf:Windows_10,leaf:Windows_10,leaf:Windows_10
5453,fam:Windows,fam:Windows,fam:Windows,maj:Windows_10,maj:Windows_10,maj:Windows_10,leaf:Windows_10,leaf:Windows_10,leaf:Windows_10
5454,fam:Windows,fam:Windows,fam:Windows,maj:Windows_10,maj:Windows_10,maj:Windows_10,leaf:Windows_10,leaf:Windows_10,leaf:Windows_10
5456,fam:Windows,fam:Windows,fam:Windows,maj:Windows_10,maj:Windows_10,maj:Windows_10,leaf:Windows_10,leaf:Windows_10,leaf:Windows_10
5457,fam:Windows,fam:Windows,fam:Windows,maj:Windows_10,maj:Windows_10,maj:Windows_10,leaf:Windows_10,leaf:Windows_10,leaf:Windows_10
5458,fam:Windows,fam:Windows,fam:Android|fam:Linux|fam:Windows,maj:Windows_10,maj:Windows_10,maj:Android_4|maj:Android_5|maj:Android_6|maj:Linux_OTHER|maj:Windows_10|maj:Windows_7,leaf:Windows_10,leaf:Android_4_4.0,leaf:Android_4_4.0|leaf:Android_5_0.0|leaf:Android_5_1.0|leaf:Android_6_0.0|leaf:Linux_OTHER|leaf:Windows_10|leaf:Windows_7
5459,fam:Windows,fam:Windows,fam:Windows,maj:Windows_10,maj:Windows_10,maj:Windows_10,leaf:Windows_10,leaf:Windows_10,leaf:Windows_10
5461,fam:Windows,fam:Windows,fam:Windows,maj:Windows_10,maj:Windows_10,maj:Windows_10,leaf:Windows_10,leaf:Windows_10,leaf:Windows_10
5463,fam:Windows,fam:Windows,fam:Windows,maj:Windows_10,maj:Windows_10,maj:Windows_10,leaf:Windows_10,leaf:Windows_10,leaf:Windows_10
5465,fam:Windows,fam:Windows,fam:Windows,maj:Windows_10,maj:Windows_10,maj:Windows_10,leaf:Windows_10,leaf:Windows_10,leaf:Windows_10
5470,fam:Windows,fam:Windows,fam:Windows,maj:Windows_10,maj:Windows_10,maj:Windows_10|maj:Windows_8,leaf:Windows_10,leaf:Windows_10,leaf:Windows_10|leaf:Windows_8_OTHER
5471,fam:Windows,fam:Windows,fam:Windows,maj:Windows_10,maj:Windows_7,maj:Windows_10|maj:Windows_7|maj:Windows_8,leaf:Windows_10,leaf:Windows_10,leaf:Windows_10|leaf:Windows_7|leaf:Windows_8_1.0
5472,fam:Windows,fam:Windows,fam:Android|fam:Windows|fam:macOS,maj:Windows_10,maj:Windows_10,maj:Android_10|maj:Android_8|maj:Android_9|maj:Windows_10|maj:macOS_10,leaf:Windows_10,leaf:Windows_10,leaf:Android_10|leaf:Android_8_1.0|leaf:Android_9|leaf:Windows_10|leaf:macOS_10_12.0
5475,fam:Windows,fam:Windows,fam:Windows,maj:Windows_10,maj:Windows_10,maj:Windows_10|maj:Windows_8|maj:Windows_XP,leaf:Windows_10,leaf:Windows_10,leaf:Windows_10|leaf:Windows_8_OTHER|leaf:Windows_XP
5477,fam:Windows,fam:Windows,fam:Windows,maj:Windows_10,maj:Windows_10,maj:Windows_10,leaf:Windows_10,leaf:Windows_10,leaf:Windows_10
5478,fam:Windows,fam:Windows,fam:Windows,maj:Windows_10,maj:Windows_10,maj:Windows_10,leaf:Windows_10,leaf:Windows_10,leaf:Windows_10
5479,fam:Windows,fam:Windows,fam:Windows,maj:Windows_10,maj:Windows_10,maj:Windows_10,leaf:Windows_10,leaf:Windows_10,leaf:Windows_10
5480,fam:Windows,fam:Windows,fam:Windows,maj:Windows_10,maj:Windows_10,maj:Windows_10,leaf:Windows_10,leaf:Windows_10,leaf:Windows_10
5481,fam:Windows,fam:Windows,fam:Windows,maj:Windows_10,maj:Windows_10,maj:Windows_10,leaf:Windows_10,leaf:Windows_10,leaf:Windows_10
5482,fam:Windows,fam:Windows,fam:Windows,maj:Windows_10,maj:Windows_10,maj:Windows_10,leaf:Windows_10,leaf:Windows_10,leaf:Windows_10
5484,fam:Windows,fam:Windows,fam:Windows,maj:Windows_10,maj:Windows_10,maj:Windows_10,leaf:Windows_10,leaf:Windows_10,leaf:Windows_10
5487,fam:Windows,fam:Windows,fam:Windows,maj:Windows_10,maj:Windows_10,maj:Windows_10,leaf:Windows_10,leaf:Windows_10,leaf:Windows_10
5488,fam:Windows,fam:Windows,fam:Windows,maj:Windows_10,maj:Windows_7,maj:Windows_10|maj:Windows_7,leaf:Windows_10,leaf:Windows_10,leaf:Windows_10|leaf:Windows_7
5489,fam:Windows,fam:Windows,fam:Windows,maj:Windows_10,maj:Windows_10,maj:Windows_10,leaf:Windows_10,leaf:Windows_10,leaf:Windows_10
5493,fam:Windows,fam:Windows,fam:Windows,maj:Windows_10,maj:Windows_8,maj:Windows_10|maj:Windows_7|maj:Windows_8,leaf:Windows_10,leaf:Windows_8_1.0,leaf:Windows_10|leaf:Windows_7|leaf:Windows_8_1.0|leaf:Windows_8_OTHER
5495,fam:Windows,fam:Windows,fam:Android|fam:Windows,maj:Windows_10,maj:Windows_10,maj:Android_8|maj:Windows_10,leaf:Windows_10,leaf:Windows_10,leaf:Android_8_1.0|leaf:Windows_10
5497,fam:Windows,fam:Windows,fam:Windows,maj:Windows_10,maj:Windows_10,maj:Windows_10,leaf:Windows_10,leaf:Windows_10,leaf:Windows_10
5499,fam:Windows,fam:Windows,fam:Android|fam:Windows|fam:macOS,maj:Windows_10,maj:Windows_10,maj:Android_5|maj:Android_6|maj:Windows_10|maj:Windows_7|maj:Windows_8|maj:Windows_XP|maj:macOS_10,leaf:Windows_10,leaf:Windows_10,leaf:Android_5_1.0|leaf:Android_6_0.0|leaf:Windows_10|leaf:Windows_7|leaf:Windows_8_1.0|leaf:Windows_XP|leaf:macOS_10_10.0|leaf:macOS_10_12.0|leaf:macOS_10_13.0|leaf:macOS_10_8.0
5500,fam:Windows,fam:Windows,fam:Windows,maj:Windows_10,maj:Windows_10,maj:Windows_10,leaf:Windows_10,leaf:Windows_10,leaf:Windows_10
5501,fam:Windows,fam:Windows,fam:Windows,maj:Windows_10,maj:Windows_10,maj:Windows_10|maj:Windows_8,leaf:Windows_10,leaf:Windows_10,leaf:Windows_10|leaf:Windows_8_OTHER
5502,fam:Windows,fam:Windows,fam:Windows,maj:Windows_10,maj:Windows_10,maj:Windows_10,leaf:Windows_10,leaf:Windows_10,leaf:Windows_10
5503,fam:Windows,fam:Windows,fam:Windows,maj:Windows_10,maj:Windows_10,maj:Windows_10|maj:Windows_8,leaf:Windows_10,leaf:Windows_10,leaf:Windows_10|leaf:Windows_8_OTHER
5505,fam:Windows,fam:Windows,fam:Windows,maj:Windows_10,maj:Windows_10,maj:Windows_10,leaf:Windows_10,leaf:Windows_10,leaf:Windows_10
5509,fam:Windows,fam:Windows,fam:Android|fam:Windows|fam:macOS,maj:Windows_10,maj:Windows_10,maj:Android_5|maj:Android_6|maj:Android_7|maj:Windows_10|maj:Windows_8|maj:macOS_10,leaf:Windows_10,leaf:Windows_10,leaf:Android_5_1.0|leaf:Android_6_0.0|leaf:Android_7_1.0|leaf:Windows_10|leaf:Windows_8_1.0|leaf:macOS_10_11.0
5512,fam:Windows,fam:Windows,fam:Windows,maj:Windows_10,maj:Windows_10,maj:Windows_10|maj:Windows_8,leaf:Windows_10,leaf:Windows_10,leaf:Windows_10|leaf:Windows_8_OTHER
5513,fam:Windows,fam:Windows,fam:Android|fam:Linux|fam:Windows,maj:Windows_10,maj:Windows_10,maj:Android_4|maj:Linux_OTHER|maj:Windows_10|maj:Windows_7,leaf:Windows_10,leaf:Android_4_4.0,leaf:Android_4_0.0|leaf:Android_4_4.0|leaf:Linux_OTHER|leaf:Windows_10|leaf:Windows_7
5519,fam:Windows,fam:Windows,fam:Windows,maj:Windows_10,maj:Windows_10,maj:Windows_10,leaf:Windows_10,leaf:Windows_10,leaf:Windows_10
5520,fam:Windows,fam:Windows,fam:Windows,maj:Windows_10,maj:Windows_10,maj:Windows_10,leaf:Windows_10,leaf:Windows_10,leaf:Windows_10
5521,fam:Windows,fam:Windows,fam:Windows,maj:Windows_10,maj:Windows_10,maj:Windows_10|maj:Windows_8,leaf:Windows_10,leaf:Windows_10,leaf:Windows_10|leaf:Windows_8_OTHER
5522,fam:Windows,fam:Windows,fam:Android|fam:Windows,maj:Windows_10,maj:Windows_10,maj:Android_10|maj:Android_8|maj:Android_9|maj:Windows_10,leaf:Windows_10,leaf:Windows_10,leaf:Android_10|leaf:Android_8_0.0|leaf:Android_8_1.0|leaf:Android_9|leaf:Windows_10
5523,fam:Windows,fam:Windows,fam:Android|fam:Windows,maj:Windows_10,maj:Windows_10,maj:Android_8|maj:Android_9|maj:Windows_10,leaf:Windows_10,leaf:Windows_10,leaf:Android_8_0.0|leaf:Android_9|leaf:Windows_10
5527,fam:Windows,fam:Windows,fam:Windows,maj:Windows_10,maj:Windows_10,maj:Windows_10|maj:Windows_8,leaf:Windows_10,leaf:Windows_10,leaf:Windows_10|leaf:Windows_8_OTHER
5530,fam:Windows,fam:Windows,fam:Windows,maj:Windows_10,maj:Windows_10,maj:Windows_10,leaf:Windows_10,leaf:Windows_10,leaf:Windows_10
5536,fam:Windows,fam:Windows,fam:Android,maj:Windows_10,maj:Android_4,maj:Android_4,leaf:Windows_10,leaf:Android_4_1.0,leaf:Android_4_1.0
5545,fam:Windows,fam:Windows,fam:Windows,maj:Windows_10,maj:Windows_10,maj:Windows_10,leaf:Windows_10,leaf:Windows_10,leaf:Windows_10
5546,fam:Windows,fam:Windows,fam:Windows,maj:Windows_10,maj:Windows_10,maj:Windows_10,leaf:Windows_10,leaf:Windows_10,leaf:Windows_10
5547,fam:Windows,fam:Windows,fam:Windows,maj:Windows_10,maj:Windows_10,maj:Windows_10,leaf:Windows_10,leaf:Windows_10,leaf:Windows_10
5548,fam:Windows,fam:Windows,fam:Windows,maj:Windows_10,maj:Windows_10,maj:Windows_10,leaf:Windows_10,leaf:Windows_10,leaf:Windows_10
5549,fam:Windows,fam:Windows,fam:Windows,maj:Windows_10,maj:Windows_10,maj:Windows_10,leaf:Windows_10,leaf:Windows_10,leaf:Windows_10
5550,fam:Windows,fam:Windows,fam:Windows,maj:Windows_10,maj:Windows_10,maj:Windows_10,leaf:Windows_10,leaf:Windows_10,leaf:Windows_10
5551,fam:Windows,fam:Windows,fam:Windows,maj:Windows_10,maj:Windows_10,maj:Windows_10,leaf:Windows_10,leaf:Windows_10,leaf:Windows_10
5553,fam:Windows,fam:Windows,fam:Windows,maj:Windows_10,maj:Windows_10,maj:Windows_10,leaf:Windows_10,leaf:Windows_10,leaf:Windows_10
5554,fam:Windows,fam:Windows,fam:Windows,maj:Windows_10,maj:Windows_10,maj:Windows_10,leaf:Windows_10,leaf:Windows_10,leaf:Windows_10
5558,fam:Windows,fam:Windows,fam:Windows,maj:Windows_10,maj:Windows_10,maj:Windows_10,leaf:Windows_10,leaf:Windows_10,leaf:Windows_10
5560,fam:Windows,fam:Windows,fam:Windows,maj:Windows_10,maj:Windows_10,maj:Windows_10,leaf:Windows_10,leaf:Windows_10,leaf:Windows_10
5563,fam:Windows,fam:Windows,fam:Windows,maj:Windows_10,maj:Windows_10,maj:Windows_10,leaf:Windows_10,leaf:Windows_10,leaf:Windows_10
5564,fam:Windows,fam:Windows,fam:Windows,maj:Windows_10,maj:Windows_10,maj:Windows_10|maj:Windows_8,leaf:Windows_10,leaf:Windows_10,leaf:Windows_10|leaf:Windows_8_OTHER
5566,fam:Windows,fam:Windows,fam:Windows,maj:Windows_10,maj:Windows_10,maj:Windows_10|maj:Windows_8,leaf:Windows_10,leaf:Windows_10,leaf:Windows_10|leaf:Windows_8_1.0
5568,fam:Windows,fam:macOS,fam:Windows|fam:macOS,maj:Windows_10,maj:Windows_8,maj:Windows_10|maj:Windows_7|maj:Windows_8|maj:macOS_10,leaf:Windows_10,leaf:macOS_10_13.0,leaf:Windows_10|leaf:Windows_7|leaf:Windows_8_1.0|leaf:macOS_10_13.0|leaf:macOS_10_8.0
5575,fam:Windows,fam:Windows,fam:Windows,maj:Windows_10,maj:Windows_10,maj:Windows_10,leaf:Windows_10,leaf:Windows_10,leaf:Windows_10
5576,fam:Windows,fam:Android,fam:Android,maj:Windows_10,maj:Android_9,maj:Android_10|maj:Android_8|maj:Android_9,leaf:Windows_10,leaf:Android_9,leaf:Android_10|leaf:Android_8_0.0|leaf:Android_8_1.0|leaf:Android_9
5577,fam:Windows,fam:Windows,fam:Windows,maj:Windows_10,maj:Windows_10,maj:Windows_10,leaf:Windows_10,leaf:Windows_10,leaf:Windows_10
5578,fam:Windows,fam:Windows,fam:Android|fam:Windows,maj:Windows_10,maj:Windows_10,maj:Android_9|maj:Windows_10|maj:Windows_8,leaf:Windows_10,leaf:Windows_8_1.0,leaf:Android_9|leaf:Windows_10|leaf:Windows_8_1.0
5579,fam:Windows,fam:Windows,fam:Windows,maj:Windows_10,maj:Windows_10,maj:Windows_10,leaf:Windows_10,leaf:Windows_10,leaf:Windows_10
5581,fam:Windows,fam:Windows,fam:Windows,maj:Windows_10,maj:Windows_10,maj:Windows_10,leaf:Windows_10,leaf:Windows_10,leaf:Windows_10
5582,fam:Windows,fam:Windows,fam:Windows,maj:Windows_10,maj:Windows_10,maj:Windows_10,leaf:Windows_10,leaf:Windows_10,leaf:Windows_10
5583,fam:Windows,fam:Windows,fam:Windows,maj:Windows_10,maj:Windows_10,maj:Windows_10,leaf:Windows_10,leaf:Windows_10,leaf:Windows_10
5585,fam:Windows,fam:Windows,fam:Windows,maj:Windows_10,maj:Windows_10,maj:Windows_10,leaf:Windows_10,leaf:Windows_10,leaf:Windows_10
5586,fam:Windows,fam:Windows,fam:Windows,maj:Windows_10,maj:Windows_10,maj:Windows_10,leaf:Windows_10,leaf:Windows_10,leaf:Windows_10
5587,fam:Windows,fam:Windows,fam:Windows,maj:Windows_10,maj:Windows_10,maj:Windows_10,leaf:Windows_10,leaf:Windows_10,leaf:Windows_10
5588,fam:Windows,fam:Windows,fam:Windows,maj:Windows_10,maj:Windows_10,maj:Windows_10|maj:Windows_8,leaf:Windows_10,leaf:Windows_10,leaf:Windows_10|leaf:Windows_8_1.0
5592,fam:Windows,fam:Windows,fam:Windows,maj:Windows_10,maj:Windows_10,maj:Windows_10,leaf:Windows_10,leaf:Windows_10,leaf:Windows_10
5593,fam:Windows,fam:Windows,fam:Windows,maj:Windows_10,maj:Windows_10,maj:Windows_10,leaf:Windows_10,leaf:Windows_10,leaf:Windows_10
5595,fam:Windows,fam:Windows,fam:Windows,maj:Windows_10,maj:Windows_10,maj:Windows_10,leaf:Windows_10,leaf:Windows_10,leaf:Windows_10
5596,fam:Windows,fam:Windows,fam:Windows,maj:Windows_10,maj:Windows_10,maj:Windows_10,leaf:Windows_10,leaf:Windows_10,leaf:Windows_10
5597,fam:Windows,fam:Windows,fam:Windows,maj:Windows_10,maj:Windows_10,maj:Windows_10|maj:Windows_7,leaf:Windows_10,leaf:Windows_10,leaf:Windows_10|leaf:Windows_7
5598,fam:Windows,fam:Windows,fam:Windows,maj:Windows_10,maj:Windows_10,maj:Windows_10,leaf:Windows_10,leaf:Windows_10,leaf:Windows_10
5601,fam:Windows,fam:Windows,fam:Windows,maj:Windows_10,maj:Windows_10,maj:Windows_10,leaf:Windows_10,leaf:Windows_10,leaf:Windows_10
5604,fam:Windows,fam:Windows,fam:Windows,maj:Windows_10,maj:Windows_10,maj:Windows_10,leaf:Windows_10,leaf:Windows_10,leaf:Windows_10
5606,fam:Windows,fam:Windows,fam:Android|fam:Windows,maj:Windows_10,maj:Windows_10,maj:Android_10|maj:Android_7|maj:Android_8|maj:Android_9|maj:Windows_10|maj:Windows_7,leaf:Windows_10,leaf:Windows_10,leaf:Android_10|leaf:Android_7_0.0|leaf:Android_7_1.0|leaf:Android_8_0.0|leaf:Android_8_1.0|leaf:Android_9|leaf:Windows_10|leaf:Windows_7
5609,fam:Windows,fam:Windows,fam:Android|fam:Windows,maj:Windows_10,maj:Windows_10,maj:Android_6|maj:Android_8|maj:Android_9|maj:Windows_10,leaf:Windows_10,leaf:Windows_10,leaf:Android_6_0.0|leaf:Android_8_1.0|leaf:Android_9|leaf:Windows_10
5613,fam:Windows,fam:Windows,fam:Windows,maj:Windows_10,maj:Windows_10,maj:Windows_10,leaf:Windows_10,leaf:Windows_10,leaf:Windows_10
5615,fam:Windows,fam:Windows,fam:Windows,maj:Windows_10,maj:Windows_10,maj:Windows_10,leaf:Windows_10,leaf:Windows_10,leaf:Windows_10
5616,fam:Windows,fam:Windows,fam:Android|fam:Windows|fam:macOS,maj:Windows_10,maj:Windows_10,maj:Android_5|maj:Android_6|maj:Android_7|maj:Windows_10|maj:Windows_7|maj:Windows_8|maj:Windows_XP|maj:macOS_10,leaf:Windows_10,leaf:Windows_10,leaf:Android_5_1.0|leaf:Android_6_0.0|leaf:Android_7_1.0|leaf:Windows_10|leaf:Windows_7|leaf:Windows_8_1.0|leaf:Windows_XP|leaf:macOS_10_11.0
5617,fam:Windows,fam:Windows,fam:Windows,maj:Windows_10,maj:Windows_10,maj:Windows_10,leaf:Windows_10,leaf:Windows_10,leaf:Windows_10
5618,fam:Windows,fam:Windows,fam:Windows,maj:Windows_10,maj:Windows_10,maj:Windows_10,leaf:Windows_10,leaf:Windows_10,leaf:Windows_10
5622,fam:Windows,fam:Windows,fam:Windows,maj:Windows_10,maj:Windows_10,maj:Windows_10,leaf:Windows_10,leaf:Windows_10,leaf:Windows_10
5625,fam:Windows,fam:Windows,fam:Windows,maj:Windows_10,maj:Windows_10,maj:Windows_10,leaf:Windows_10,leaf:Windows_10,leaf:Windows_10
5630,fam:Windows,fam:Windows,fam:Windows|fam:macOS,maj:Windows_10,maj:Windows_10,maj:Windows_10|maj:macOS_10,leaf:Windows_10,leaf:Windows_10,leaf:Windows_10|leaf:macOS_10_12.0
5634,fam:Windows,fam:Windows,fam:Windows,maj:Windows_10,maj:Windows_10,maj:Windows_10,leaf:Windows_10,leaf:Windows_10,leaf:Windows_10
5641,fam:Windows,fam:Windows,fam:Windows,maj:Windows_10,maj:Windows_10,maj:Windows_10|maj:Windows_7|maj:Windows_8,leaf:Windows_10,leaf:Windows_10,leaf:Windows_10|leaf:Windows_7|leaf:Windows_8_OTHER
5642,fam:Windows,fam:Windows,fam:Windows,maj:Windows_10,maj:Windows_10,maj:Windows_10,leaf:Windows_10,leaf:Windows_10,leaf:Windows_10
5643,fam:Windows,fam:Windows,fam:Windows,maj:Windows_10,maj:Windows_10,maj:Windows_10,leaf:Windows_10,leaf:Windows_10,leaf:Windows_10
5644,fam:Windows,fam:Windows,fam:Windows,maj:Windows_10,maj:Windows_10,maj:Windows_10,leaf:Windows_10,leaf:Windows_10,leaf:Windows_10
5645,fam:Windows,fam:Windows,fam:Windows,maj:Windows_10,maj:Windows_10,maj:Windows_10,leaf:Windows_10,leaf:Windows_10,leaf:Windows_10
5647,fam:Windows,fam:Windows,fam:Windows,maj:Windows_10,maj:Windows_10,maj:Windows_10,leaf:Windows_10,leaf:Windows_10,leaf:Windows_10
5648,fam:Windows,fam:Windows,fam:Windows,maj:Windows_10,maj:Windows_10,maj:Windows_10,leaf:Windows_10,leaf:Windows_10,leaf:Windows_10
5649,fam:Windows,fam:Windows,fam:Windows,maj:Windows_10,maj:Windows_10,maj:Windows_10,leaf:Windows_10,leaf:Windows_10,leaf:Windows_10
5650,fam:Windows,fam:Windows,fam:Windows,maj:Windows_10,maj:Windows_10,maj:Windows_10,leaf:Windows_10,leaf:Windows_10,leaf:Windows_10
5653,fam:Windows,fam:Windows,fam:Windows,maj:Windows_10,maj:Windows_10,maj:Windows_10,leaf:Windows_10,leaf:Windows_10,leaf:Windows_10
5656,fam:Windows,fam:Windows,fam:Windows,maj:Windows_10,maj:Windows_10,maj:Windows_10,leaf:Windows_10,leaf:Windows_10,leaf:Windows_10
5659,fam:Windows,fam:Windows,fam:Windows|fam:macOS,maj:Windows_10,maj:Windows_8,maj:Windows_10|maj:Windows_7|maj:Windows_8|maj:macOS_10,leaf:Windows_10,leaf:macOS_10_8.0,leaf:Windows_10|leaf:Windows_7|leaf:Windows_8_1.0|leaf:macOS_10_12.0|leaf:macOS_10_13.0|leaf:macOS_10_8.0
5664,fam:Windows,fam:Windows,fam:Android|fam:Windows|fam:macOS,maj:Windows_10,maj:Windows_10,maj:Android_10|maj:Android_4|maj:Windows_10|maj:Windows_7|maj:Windows_8|maj:macOS_10,leaf:Windows_10,leaf:Windows_10,leaf:Android_10|leaf:Android_4_1.0|leaf:Windows_10|leaf:Windows_7|leaf:Windows_8_1.0|leaf:Windows_8_OTHER|leaf:macOS_10_11.0
5666,fam:Windows,fam:Windows,fam:Windows,maj:Windows_10,maj:Windows_8,maj:Windows_10|maj:Windows_8,leaf:Windows_10,leaf:Windows_8_1.0,leaf:Windows_10|leaf:Windows_8_1.0
5667,fam:Windows,fam:Windows,fam:Windows,maj:Windows_10,maj:Windows_10,maj:Windows_10,leaf:Windows_10,leaf:Windows_10,leaf:Windows_10
5668,fam:Windows,fam:macOS,fam:Windows|fam:macOS,maj:Windows_10,maj:Windows_8,maj:Windows_10|maj:Windows_7|maj:Windows_8|maj:Windows_Vista|maj:Windows_XP|maj:macOS_10,leaf:Windows_10,leaf:macOS_10_10.0,leaf:Windows_10|leaf:Windows_7|leaf:Windows_8_1.0|leaf:Windows_8_OTHER|leaf:Windows_Vista|leaf:Windows_XP|leaf:macOS_10_10.0|leaf:macOS_10_11.0|leaf:macOS_10_13.0|leaf:macOS_10_8.0|leaf:macOS_10_9.0
5669,fam:Windows,fam:Windows,fam:Windows,maj:Windows_10,maj:Windows_10,maj:Windows_10,leaf:Windows_10,leaf:Windows_10,leaf:Windows_10
5670,fam:Windows,fam:Windows,fam:Windows,maj:Windows_10,maj:Windows_10,maj:Windows_10|maj:Windows_7,leaf:Windows_10,leaf:Windows_10,leaf:Windows_10|leaf:Windows_7
5671,fam:Windows,fam:Windows,fam:Android|fam:Windows,maj:Windows_10,maj:Windows_7,maj:Android_10|maj:Android_7|maj:Android_8|maj:Windows_10|maj:Windows_7,leaf:Windows_10,leaf:Windows_10,leaf:Android_10|leaf:Android_7_0.0|leaf:Android_7_1.0|leaf:Android_8_0.0|leaf:Android_8_1.0|leaf:Windows_10|leaf:Windows_7
5685,fam:Windows,fam:Windows,fam:Windows,maj:Windows_10,maj:Windows_10,maj:Windows_10|maj:Windows_8,leaf:Windows_10,leaf:Windows_10,leaf:Windows_10|leaf:Windows_8_1.0
5686,fam:Windows,fam:Windows,fam:Windows,maj:Windows_10,maj:Windows_8,maj:Windows_10|maj:Windows_8,leaf:Windows_10,leaf:Windows_8_1.0,leaf:Windows_10|leaf:Windows_8_1.0
5687,fam:Windows,fam:Windows,fam:Windows,maj:Windows_10,maj:Windows_10,maj:Windows_10,leaf:Windows_10,leaf:Windows_10,leaf:Windows_10
5688,fam:Windows,fam:Windows,fam:Windows|fam:macOS,maj:Windows_10,maj:Windows_10,maj:Windows_10|maj:macOS_10,leaf:Windows_10,leaf:Windows_10,leaf:Windows_10|leaf:macOS_10_12.0
5690,fam:Windows,fam:Windows,fam:Android|fam:Windows,maj:Windows_10,maj:Windows_7,maj:Android_4|maj:Android_6|maj:Android_7|maj:Windows_10|maj:Windows_7|maj:Windows_8,leaf:Windows_10,leaf:Android_4_4.0,leaf:Android_4_2.0|leaf:Android_4_4.0|leaf:Android_6_0.0|leaf:Android_7_1.0|leaf:Windows_10|leaf:Windows_7|leaf:Windows_8_OTHER
5691,fam:Windows,fam:Windows,fam:Windows,maj:Windows_10,maj:Windows_10,maj:Windows_10,leaf:Windows_10,leaf:Windows_10,leaf:Windows_10
5693,fam:Windows,fam:Windows,fam:Windows,maj:Windows_10,maj:Windows_10,maj:Windows_10,leaf:Windows_10,leaf:Windows_10,leaf:Windows_10
5694,fam:Windows,fam:Windows,fam:Windows,maj:Windows_10,maj:Windows_10,maj:Windows_10,leaf:Windows_10,leaf:Windows_10,leaf:Windows_10
5695,fam:Windows,fam:Windows,fam:Windows,maj:Windows_10,maj:Windows_10,maj:Windows_10,leaf:Windows_10,leaf:Windows_10,leaf:Windows_10
5698,fam:Windows,fam:Windows,fam:Windows,maj:Windows_10,maj:Windows_10,maj:Windows_10,leaf:Windows_10,leaf:Windows_10,leaf:Windows_10
5701,fam:Windows,fam:Windows,fam:Windows,maj:Windows_10,maj:Windows_10,maj:Windows_10,leaf:Windows_10,leaf:Windows_10,leaf:Windows_10
5703,fam:Windows,fam:Windows,fam:Windows,maj:Windows_10,maj:Windows_10,maj:Windows_10,leaf:Windows_10,leaf:Windows_10,leaf:Windows_10
5704,fam:Windows,fam:Windows,fam:Windows,maj:Windows_10,maj:Windows_10,maj:Windows_10,leaf:Windows_10,leaf:Windows_10,leaf:Windows_10
5707,fam:Windows,fam:Windows,fam:Windows,maj:Windows_10,maj:Windows_10,maj:Windows_10,leaf:Windows_10,leaf:Windows_10,leaf:Windows_10
5708,fam:Windows,fam:Windows,fam:Windows,maj:Windows_10,maj:Windows_10,maj:Windows_10|maj:Windows_8,leaf:Windows_10,leaf:Windows_10,leaf:Windows_10|leaf:Windows_8_OTHER
5709,fam:Windows,fam:Windows,fam:Windows,maj:Windows_10,maj:Windows_10,maj:Windows_10|maj:Windows_7|maj:Windows_8,leaf:Windows_10,leaf:Windows_10,leaf:Windows_10|leaf:Windows_7|leaf:Windows_8_1.0
5711,fam:Windows,fam:Windows,fam:Windows|fam:macOS,maj:Windows_10,maj:Windows_10,maj:Windows_10|maj:macOS_10,leaf:Windows_10,leaf:Windows_10,leaf:Windows_10|leaf:macOS_10_12.0
5712,fam:Windows,fam:Windows,fam:Windows,maj:Windows_10,maj:Windows_8,maj:Windows_10|maj:Windows_7|maj:Windows_8,leaf:Windows_10,leaf:Windows_8_1.0,leaf:Windows_10|leaf:Windows_7|leaf:Windows_8_1.0|leaf:Windows_8_OTHER
5713,fam:Windows,fam:Windows,fam:Windows,maj:Windows_10,maj:Windows_10,maj:Windows_10,leaf:Windows_10,leaf:Windows_10,leaf:Windows_10
5714,fam:Windows,fam:Windows,fam:Windows,maj:Windows_10,maj:Windows_10,maj:Windows_10,leaf:Windows_10,leaf:Windows_10,leaf:Windows_10
5718,fam:Windows,fam:Windows,fam:Windows,maj:Windows_10,maj:Windows_10,maj:Windows_10,leaf:Windows_10,leaf:Windows_10,leaf:Windows_10
5719,fam:Windows,fam:Windows,fam:Windows,maj:Windows_10,maj:Windows_10,maj:Windows_10,leaf:Windows_10,leaf:Windows_10,leaf:Windows_10
5720,fam:Windows,fam:Windows,fam:Windows,maj:Windows_10,maj:Windows_10,maj:Windows_10,leaf:Windows_10,leaf:Windows_10,leaf:Windows_10
5721,fam:Windows,fam:Windows,fam:Windows,maj:Windows_10,maj:Windows_10,maj:Windows_10,leaf:Windows_10,leaf:Windows_10,leaf:Windows_10
5722,fam:Windows,fam:Windows,fam:Windows,maj:Windows_10,maj:Windows_10,maj:Windows_10,leaf:Windows_10,leaf:Windows_10,leaf:Windows_10
5723,fam:Windows,fam:Windows,fam:Linux|fam:Windows,maj:Windows_10,maj:Windows_10,maj:Linux_OTHER|maj:Windows_10|maj:Windows_7|maj:Windows_8,leaf:Windows_10,leaf:Windows_10,leaf:Linux_OTHER|leaf:Windows_10|leaf:Windows_7|leaf:Windows_8_1.0
5724,fam:Windows,fam:Windows,fam:Windows,maj:Windows_10,maj:Windows_10,maj:Windows_10,leaf:Windows_10,leaf:Windows_10,leaf:Windows_10
5725,fam:Windows,fam:Windows,fam:Windows,maj:Windows_10,maj:Windows_10,maj:Windows_10,leaf:Windows_10,leaf:Windows_10,leaf:Windows_10
5728,fam:Windows,fam:Windows,fam:Windows,maj:Windows_10,maj:Windows_10,maj:Windows_10|maj:Windows_8,leaf:Windows_10,leaf:Windows_10,leaf:Windows_10|leaf:Windows_8_OTHER
5729,fam:Windows,fam:Windows,fam:Android,maj:Windows_10,maj:Android_4,maj:Android_10|maj:Android_4|maj:Android_7|maj:Android_8|maj:Android_9,leaf:Windows_10,leaf:Android_4_1.0,leaf:Android_10|leaf:Android_4_1.0|leaf:Android_7_1.0|leaf:Android_8_0.0|leaf:Android_8_1.0|leaf:Android_9
5730,fam:Windows,fam:Windows,fam:Windows,maj:Windows_10,maj:Windows_10,maj:Windows_10,leaf:Windows_10,leaf:Windows_10,leaf:Windows_10
5731,fam:Windows,fam:Windows,fam:Linux|fam:Windows|fam:macOS,maj:Windows_10,maj:Windows_10,maj:Linux_OTHER|maj:Windows_10|maj:Windows_7|maj:Windows_8|maj:Windows_XP|maj:macOS_10,leaf:Windows_10,leaf:Windows_7,leaf:Linux_OTHER|leaf:Windows_10|leaf:Windows_7|leaf:Windows_8_1.0|leaf:Windows_8_OTHER|leaf:Windows_XP|leaf:macOS_10_15.0|leaf:macOS_10_9.0
5733,fam:Windows,fam:Windows,fam:Windows,maj:Windows_10,maj:Windows_10,maj:Windows_10,leaf:Windows_10,leaf:Windows_10,leaf:Windows_10
5738,fam:Windows,fam:Windows,fam:Windows,maj:Windows_10,maj:Windows_10,maj:Windows_10|maj:Windows_8,leaf:Windows_10,leaf:Windows_10,leaf:Windows_10|leaf:Windows_8_1.0
5742,fam:Windows,fam:Windows,fam:Windows,maj:Windows_10,maj:Windows_10,maj:Windows_10,leaf:Windows_10,leaf:Windows_10,leaf:Windows_10
5743,fam:Windows,fam:Windows,fam:Windows,maj:Windows_10,maj:Windows_10,maj:Windows_10|maj:Windows_8,leaf:Windows_10,leaf:Windows_10,leaf:Windows_10|leaf:Windows_8_OTHER
5747,fam:Windows,fam:Windows,fam:Windows,maj:Windows_10,maj:Windows_10,maj:Windows_10|maj:Windows_8,leaf:Windows_10,leaf:Windows_8_1.0,leaf:Windows_10|leaf:Windows_8_1.0
5749,fam:Windows,fam:macOS,fam:Windows|fam:macOS,maj:Windows_10,maj:Windows_8,maj:Windows_10|maj:Windows_7|maj:Windows_8|maj:macOS_10,leaf:Windows_10,leaf:macOS_10_13.0,leaf:Windows_10|leaf:Windows_7|leaf:Windows_8_1.0|leaf:macOS_10_13.0|leaf:macOS_10_8.0
5751,fam:Windows,fam:Windows,fam:Windows,maj:Windows_10,maj:Windows_10,maj:Windows_10,leaf:Windows_10,leaf:Windows_10,leaf:Windows_10
5752,fam:Windows,fam:Windows,fam:Android|fam:Windows,maj:Windows_10,maj:Windows_7,maj:Android_6|maj:Windows_10|maj:Windows_7|maj:Windows_8,leaf:Windows_10,leaf:Windows_7,leaf:Android_6_0.0|leaf:Windows_10|leaf:Windows_7|leaf:Windows_8_1.0
5753,fam:Windows,fam:Windows,fam:Windows,maj:Windows_10,maj:Windows_10,maj:Windows_10,leaf:Windows_10,leaf:Windows_10,leaf:Windows_10
5754,fam:Windows,fam:Windows,fam:Windows,maj:Windows_10,maj:Windows_10,maj:Windows_10,leaf:Windows_10,leaf:Windows_10,leaf:Windows_10
5756,fam:Windows,fam:Windows,fam:Windows,maj:Windows_10,maj:Windows_10,maj:Windows_10,leaf:Windows_10,leaf:Windows_10,leaf:Windows_10
5757,fam:Windows,fam:Windows,fam:Windows,maj:Windows_10,maj:Windows_10,maj:Windows_10,leaf:Windows_10,leaf:Windows_10,leaf:Windows_10
5765,fam:Windows,fam:Windows,fam:Windows,maj:Windows_10,maj:Windows_10,maj:Windows_10,leaf:Windows_10,leaf:Windows_10,leaf:Windows_10
5767,fam:Windows,fam:Windows,fam:Android|fam:Linux|fam:Windows,maj:Windows_10,maj:Windows_10,maj:Android_7|maj:Android_8|maj:Android_9|maj:Linux_OTHER|maj:Windows_10|maj:Windows_7|maj:Windows_8,leaf:Windows_10,leaf:Windows_10,leaf:Android_7_1.0|leaf:Android_8_0.0|leaf:Android_8_1.0|leaf:Android_9|leaf:Linux_OTHER|leaf:Windows_10|leaf:Windows_7|leaf:Windows_8_1.0
5768,fam:Windows,fam:Windows,fam:Windows,maj:Windows_10,maj:Windows_10,maj:Windows_10,leaf:Windows_10,leaf:Windows_10,leaf:Windows_10
5771,fam:Windows,fam:Windows,fam:Windows,maj:Windows_10,maj:Windows_10,maj:Windows_10,leaf:Windows_10,leaf:Windows_10,leaf:Windows_10
5773,fam:Windows,fam:Windows,fam:Windows,maj:Windows_10,maj:Windows_10,maj:Windows_10,leaf:Windows_10,leaf:Windows_10,leaf:Windows_10
5774,fam:Windows,fam:Windows,fam:Windows,maj:Windows_10,maj:Windows_10,maj:Windows_10,leaf:Windows_10,leaf:Windows_10,leaf:Windows_10
5775,fam:Windows,fam:Windows,fam:Windows,maj:Windows_10,maj:Windows_10,maj:Windows_10,leaf:Windows_10,leaf:Windows_10,leaf:Windows_10
5776,fam:Windows,fam:Windows,fam:Windows,maj:Windows_10,maj:Windows_10,maj:Windows_10,leaf:Windows_10,leaf:Windows_10,leaf:Windows_10
5778,fam:Windows,fam:Windows,fam:Windows,maj:Windows_10,maj:Windows_10,maj:Windows_10,leaf:Windows_10,leaf:Windows_10,leaf:Windows_10
5781,fam:Windows,fam:Windows,fam:Windows,maj:Windows_10,maj:Windows_10,maj:Windows_10,leaf:Windows_10,leaf:Windows_10,leaf:Windows_10
5782,fam:Windows,fam:Windows,fam:Windows,maj:Windows_10,maj:Windows_10,maj:Windows_10,leaf:Windows_10,leaf:Windows_10,leaf:Windows_10
5783,fam:Windows,fam:Windows,fam:Windows,maj:Windows_10,maj:Windows_10,maj:Windows_10,leaf:Windows_10,leaf:Windows_10,leaf:Windows_10
5785,fam:Windows,fam:Windows,fam:Linux|fam:Windows,maj:Windows_10,maj:Windows_10,maj:Linux_OTHER|maj:Windows_10,leaf:Windows_10,leaf:Windows_10,leaf:Linux_OTHER|leaf:Windows_10
5786,fam:Windows,fam:Windows,fam:Windows,maj:Windows_10,maj:Windows_10,maj:Windows_10,leaf:Windows_10,leaf:Windows_10,leaf:Windows_10
5791,fam:Windows,fam:Windows,fam:Windows,maj:Windows_10,maj:Windows_10,maj:Windows_10,leaf:Windows_10,leaf:Windows_10,leaf:Windows_10
5792,fam:Windows,fam:Windows,fam:Windows,maj:Windows_10,maj:Windows_10,maj:Windows_10|maj:Windows_8,leaf:Windows_10,leaf:Windows_10,leaf:Windows_10|leaf:Windows_8_1.0
5794,fam:Windows,fam:Windows,fam:Windows,maj:Windows_10,maj:Windows_10,maj:Windows_10,leaf:Windows_10,leaf:Windows_10,leaf:Windows_10
5795,fam:Windows,fam:Windows,fam:Windows,maj:Windows_10,maj:Windows_10,maj:Windows_10,leaf:Windows_10,leaf:Windows_10,leaf:Windows_10
5796,fam:Windows,fam:Windows,fam:Windows,maj:Windows_10,maj:Windows_10,maj:Windows_10,leaf:Windows_10,leaf:Windows_10,leaf:Windows_10
5797,fam:Windows,fam:Windows,fam:Windows,maj:Windows_10,maj:Windows_10,maj:Windows_10,leaf:Windows_10,leaf:Windows_10,leaf:Windows_10
5798,fam:Windows,fam:Windows,fam:Windows,maj:Windows_10,maj:Windows_10,maj:Windows_10,leaf:Windows_10,leaf:Windows_10,leaf:Windows_10
5799,fam:Windows,fam:Windows,fam:Windows,maj:Windows_10,maj:Windows_10,maj:Windows_10|maj:Windows_8,leaf:Windows_10,leaf:Windows_10,leaf:Windows_10|leaf:Windows_8_OTHER
5800,fam:Windows,fam:Windows,fam:Windows,maj:Windows_10,maj:Windows_10,maj:Windows_10,leaf:Windows_10,leaf:Windows_10,leaf:Windows_10
5801,fam:Windows,fam:Windows,fam:Windows,maj:Windows_10,maj:Windows_7,maj:Windows_10|maj:Windows_7,leaf:Windows_10,leaf:Windows_10,leaf:Windows_10|leaf:Windows_7
5802,fam:Windows,fam:Windows,fam:Windows,maj:Windows_10,maj:Windows_10,maj:Windows_10,leaf:Windows_10,leaf:Windows_10,leaf:Windows_10
5803,fam:Windows,fam:Windows,fam:Windows,maj:Windows_10,maj:Windows_10,maj:Windows_10,leaf:Windows_10,leaf:Windows_10,leaf:Windows_10
5804,fam:Windows,fam:Windows,fam:Windows,maj:Windows_10,maj:Windows_10,maj:Windows_10,leaf:Windows_10,leaf:Windows_10,leaf:Windows_10
5806,fam:Windows,fam:Windows,fam:Windows,maj:Windows_10,maj:Windows_10,maj:Windows_10,leaf:Windows_10,leaf:Windows_10,leaf:Windows_10
5807,fam:Windows,fam:Linux,fam:Android|fam:Linux|fam:Windows|fam:macOS,maj:Windows_10,maj:Windows_10,maj:Android_4|maj:Android_7|maj:Android_8|maj:Linux_OTHER|maj:Windows_10|maj:macOS_10,leaf:Windows_10,leaf:Linux_OTHER,leaf:Android_4_0.0|leaf:Android_7_0.0|leaf:Android_7_1.0|leaf:Android_8_0.0|leaf:Android_8_1.0|leaf:Linux_OTHER|leaf:Windows_10|leaf:macOS_10_14.0
5808,fam:Windows,fam:Windows,fam:Windows,maj:Windows_10,maj:Windows_10,maj:Windows_10,leaf:Windows_10,leaf:Windows_10,leaf:Windows_10
5812,fam:Windows,fam:Windows,fam:Windows,maj:Windows_10,maj:Windows_10,maj:Windows_10,leaf:Windows_10,leaf:Windows_10,leaf:Windows_10
5814,fam:Windows,fam:Windows,fam:Windows,maj:Windows_10,maj:Windows_10,maj:Windows_10,leaf:Windows_10,leaf:Windows_10,leaf:Windows_10
5816,fam:Windows,fam:Windows,fam:Windows,maj:Windows_10,maj:Windows_10,maj:Windows_10,leaf:Windows_10,leaf:Windows_10,leaf:Windows_10
5817,fam:Windows,fam:Windows,fam:Windows,maj:Windows_10,maj:Windows_10,maj:Windows_10|maj:Windows_8,leaf:Windows_10,leaf:Windows_10,leaf:Windows_10|leaf:Windows_8_OTHER
5820,fam:Windows,fam:Windows,fam:Android|fam:Windows,maj:Windows_10,maj:Windows_10,maj:Android_6|maj:Windows_10|maj:Windows_XP,leaf:Windows_10,leaf:Windows_10,leaf:Android_6_0.0|leaf:Windows_10|leaf:Windows_XP
5822,fam:Windows,fam:Windows,fam:Android|fam:Windows,maj:Windows_10,maj:Android_4,maj:Android_4|maj:Windows_10|maj:Windows_7|maj:Windows_8,leaf:Windows_10,leaf:Android_4_1.0,leaf:Android_4_1.0|leaf:Windows_10|leaf:Windows_7|leaf:Windows_8_1.0|leaf:Windows_8_OTHER
5823,fam:Windows,fam:Windows,fam:Windows,maj:Windows_10,maj:Windows_10,maj:Windows_10,leaf:Windows_10,leaf:Windows_10,leaf:Windows_10
5825,fam:Windows,fam:Windows,fam:Windows,maj:Windows_10,maj:Windows_10,maj:Windows_10,leaf:Windows_10,leaf:Windows_10,leaf:Windows_10
5828,fam:Windows,fam:Windows,fam:Android|fam:Windows,maj:Windows_10,maj:Windows_10,maj:Android_6|maj:Android_7|maj:Windows_10|maj:Windows_7,leaf:Windows_10,leaf:Windows_10,leaf:Android_6_0.0|leaf:Android_7_0.0|leaf:Windows_10|leaf:Windows_7
5832,fam:Windows,fam:Windows,fam:Windows,maj:Windows_10,maj:Windows_10,maj:Windows_10,leaf:Windows_10,leaf:Windows_10,leaf:Windows_10
5833,fam:Windows,fam:Windows,fam:Windows,maj:Windows_10,maj:Windows_10,maj:Windows_10,leaf:Windows_10,leaf:Windows_10,leaf:Windows_10
5835,fam:Windows,fam:Windows,fam:Windows,maj:Windows_10,maj:Windows_10,maj:Windows_10,leaf:Windows_10,leaf:Windows_10,leaf:Windows_10
5837,fam:Windows,fam:Windows,fam:Windows,maj:Windows_10,maj:Windows_10,maj:Windows_10,leaf:Windows_10,leaf:Windows_10,leaf:Windows_10
5838,fam:Windows,fam:Windows,fam:Windows,maj:Windows_10,maj:Windows_10,maj:Windows_10|maj:Windows_8,leaf:Windows_10,leaf:Windows_8_1.0,leaf:Windows_10|leaf:Windows_8_1.0
5842,fam:Windows,fam:Windows,fam:Android|fam:Windows,maj:Windows_10,maj:Windows_10,maj:Android_6|maj:Windows_10,leaf:Windows_10,leaf:Windows_10,leaf:Android_6_0.0|leaf:Windows_10
5843,fam:Windows,fam:Windows,fam:Windows,maj:Windows_10,maj:Windows_10,maj:Windows_10,leaf:Windows_10,leaf:Windows_10,leaf:Windows_10
5845,fam:Windows,fam:Windows,fam:Windows,maj:Windows_10,maj:Windows_10,maj:Windows_10,leaf:Windows_10,leaf:Windows_10,leaf:Windows_10
5846,fam:Windows,fam:Windows,fam:Windows,maj:Windows_10,maj:Windows_10,maj:Windows_10,leaf:Windows_10,leaf:Windows_10,leaf:Windows_10
5848,fam:Windows,fam:Windows,fam:Android|fam:Linux|fam:Windows,maj:Windows_10,maj:Windows_10,maj:Android_4|maj:Android_6|maj:Linux_OTHER|maj:Windows_10|maj:Windows_7,leaf:Windows_10,leaf:Android_4_4.0,leaf:Android_4_2.0|leaf:Android_4_4.0|leaf:Android_6_0.0|leaf:Linux_OTHER|leaf:Windows_10|leaf:Windows_7
5850,fam:Windows,fam:Windows,fam:Linux|fam:Windows,maj:Windows_10,maj:Windows_10,maj:Linux_OTHER|maj:Windows_10|maj:Windows_7|maj:Windows_8,leaf:Windows_10,leaf:Windows_10,leaf:Linux_OTHER|leaf:Windows_10|leaf:Windows_7|leaf:Windows_8_1.0
5852,fam:Windows,fam:Windows,fam:Windows|fam:macOS,maj:Windows_10,maj:Windows_10,maj:Windows_10|maj:macOS_10,leaf:Windows_10,leaf:Windows_10,leaf:Windows_10|leaf:macOS_10_12.0
5853,fam:Windows,fam:Windows,fam:Windows,maj:Windows_10,maj:Windows_10,maj:Windows_10,leaf:Windows_10,leaf:Windows_10,leaf:Windows_10
5856,fam:Windows,fam:Windows,fam:Windows,maj:Windows_10,maj:Windows_10,maj:Windows_10,leaf:Windows_10,leaf:Windows_10,leaf:Windows_10
5857,fam:Windows,fam:Windows,fam:Windows,maj:Windows_10,maj:Windows_10,maj:Windows_10,leaf:Windows_10,leaf:Windows_10,leaf:Windows_10
5859,fam:Windows,fam:Windows,fam:Windows,maj:Windows_10,maj:Windows_10,maj:Windows_10,leaf:Windows_10,leaf:Windows_10,leaf:Windows_10
5860,fam:Windows,fam:Linux,fam:Android|fam:Linux|fam:Windows,maj:Windows_10,maj:Linux_OTHER,maj:Android_10|maj:Android_7|maj:Android_8|maj:Android_9|maj:Linux_OTHER|maj:Linux_Ubuntu|maj:Windows_10|maj:Windows_7,leaf:Windows_10,leaf:Linux_OTHER,leaf:Android_10|leaf:Android_7_0.0|leaf:Android_8_0.0|leaf:Android_8_1.0|leaf:Android_9|leaf:Linux_OTHER|leaf:Linux_Ubuntu|leaf:Windows_10|leaf:Windows_7
5862,fam:Windows,fam:Windows,fam:Windows,maj:Windows_10,maj:Windows_10,maj:Windows_10,leaf:Windows_10,leaf:Windows_10,leaf:Windows_10
5866,fam:Windows,fam:Windows,fam:Windows,maj:Windows_10,maj:Windows_10,maj:Windows_10|maj:Windows_8,leaf:Windows_10,leaf:Windows_10,leaf:Windows_10|leaf:Windows_8_1.0
5867,fam:Windows,fam:Windows,fam:Windows,maj:Windows_10,maj:Windows_10,maj:Windows_10,leaf:Windows_10,leaf:Windows_10,leaf:Windows_10
5875,fam:Windows,fam:Windows,fam:Windows,maj:Windows_10,maj:Windows_10,maj:Windows_10,leaf:Windows_10,leaf:Windows_10,leaf:Windows_10
5877,fam:Windows,fam:Windows,fam:Android|fam:Linux|fam:Windows|fam:macOS,maj:Windows_10,maj:Windows_10,maj:Android_4|maj:Linux_OTHER|maj:Windows_10|maj:Windows_7|maj:Windows_8|maj:Windows_XP|maj:macOS_10,leaf:Windows_10,leaf:Windows_8_OTHER,leaf:Android_4_4.0|leaf:Linux_OTHER|leaf:Windows_10|leaf:Windows_7|leaf:Windows_8_1.0|leaf:Windows_8_OTHER|leaf:Windows_XP|leaf:macOS_10_15.0|leaf:macOS_10_9.0
5878,fam:Windows,fam:Windows,fam:Windows,maj:Windows_10,maj:Windows_10,maj:Windows_10,leaf:Windows_10,leaf:Windows_10,leaf:Windows_10
5881,fam:Windows,fam:Windows,fam:Windows,maj:Windows_10,maj:Windows_10,maj:Windows_10,leaf:Windows_10,leaf:Windows_10,leaf:Windows_10
5882,fam:Windows,fam:Windows,fam:Windows,maj:Windows_10,maj:Windows_10,maj:Windows_10,leaf:Windows_10,leaf:Windows_10,leaf:Windows_10
5884,fam:Windows,fam:Windows,fam:Android|fam:Windows|fam:macOS,maj:Windows_10,maj:Windows_10,maj:Android_10|maj:Android_9|maj:Windows_10|maj:Windows_7|maj:Windows_8|maj:macOS_10,leaf:Windows_10,leaf:Windows_10,leaf:Android_10|leaf:Android_9|leaf:Windows_10|leaf:Windows_7|leaf:Windows_8_1.0|leaf:macOS_10_10.0
5885,fam:Windows,fam:Windows,fam:Windows,maj:Windows_10,maj:Windows_10,maj:Windows_10,leaf:Windows_10,leaf:Windows_10,leaf:Windows_10
5886,fam:Windows,fam:Windows,fam:Windows,maj:Windows_10,maj:Windows_10,maj:Windows_10,leaf:Windows_10,leaf:Windows_10,leaf:Windows_10
5888,fam:Windows,fam:Windows,fam:Windows,maj:Windows_10,maj:Windows_10,maj:Windows_10,leaf:Windows_10,leaf:Windows_10,leaf:Windows_10
5890,fam:Windows,fam:Windows,fam:Windows,maj:Windows_10,maj:Windows_10,maj:Windows_10,leaf:Windows_10,leaf:Windows_10,leaf:Windows_10
5891,fam:Windows,fam:Windows,fam:Windows,maj:Windows_10,maj:Windows_10,maj:Windows_10,leaf:Windows_10,leaf:Windows_10,leaf:Windows_10
5893,fam:Windows,fam:Windows,fam:Windows,maj:Windows_10,maj:Windows_10,maj:Windows_10,leaf:Windows_10,leaf:Windows_10,leaf:Windows_10
5894,fam:Windows,fam:Windows,fam:Windows,maj:Windows_10,maj:Windows_10,maj:Windows_10,leaf:Windows_10,leaf:Windows_10,leaf:Windows_10
5895,fam:Windows,fam:Windows,fam:Android|fam:Windows,maj:Windows_10,maj:Windows_10,maj:Android_8|maj:Windows_10,leaf:Windows_10,leaf:Windows_10,leaf:Android_8_0.0|leaf:Windows_10
5898,fam:Windows,fam:Windows,fam:Windows,maj:Windows_10,maj:Windows_10,maj:Windows_10|maj:Windows_8,leaf:Windows_10,leaf:Windows_10,leaf:Windows_10|leaf:Windows_8_OTHER
5904,fam:Windows,fam:Windows,fam:Windows,maj:Windows_10,maj:Windows_10,maj:Windows_10,leaf:Windows_10,leaf:Windows_10,leaf:Windows_10
5905,fam:Windows,fam:Windows,fam:Windows,maj:Windows_10,maj:Windows_10,maj:Windows_10,leaf:Windows_10,leaf:Windows_10,leaf:Windows_10
5906,fam:Windows,fam:Windows,fam:Windows,maj:Windows_10,maj:Windows_10,maj:Windows_10,leaf:Windows_10,leaf:Windows_10,leaf:Windows_10
5908,fam:Windows,fam:Windows,fam:Windows|fam:macOS,maj:Windows_10,maj:Windows_10,maj:Windows_10|maj:macOS_10,leaf:Windows_10,leaf:Windows_10,leaf:Windows_10|leaf:macOS_10_12.0
5909,fam:Windows,fam:Windows,fam:Windows,maj:Windows_10,maj:Windows_10,maj:Windows_10,leaf:Windows_10,leaf:Windows_10,leaf:Windows_10
5910,fam:Windows,fam:Windows,fam:Windows,maj:Windows_10,maj:Windows_10,maj:Windows_10,leaf:Windows_10,leaf:Windows_10,leaf:Windows_10
5912,fam:Windows,fam:Windows,fam:Windows,maj:Windows_10,maj:Windows_10,maj:Windows_10,leaf:Windows_10,leaf:Windows_10,leaf:Windows_10
5913,fam:Windows,fam:Android,fam:Android|fam:Linux,maj:Windows_10,maj:Android_8,maj:Android_10|maj:Android_7|maj:Android_8|maj:Android_9|maj:Linux_OTHER,leaf:Windows_10,leaf:Android_8_0.0,leaf:Android_10|leaf:Android_7_0.0|leaf:Android_8_0.0|leaf:Android_8_1.0|leaf:Android_9|leaf:Linux_OTHER
5916,fam:Windows,fam:Windows,fam:Linux|fam:Windows|fam:macOS,maj:Windows_10,maj:Windows_10,maj:Linux_OTHER|maj:Windows_10|maj:Windows_7|maj:Windows_8|maj:Windows_XP|maj:macOS_10,leaf:Windows_10,leaf:Windows_10,leaf:Linux_OTHER|leaf:Windows_10|leaf:Windows_7|leaf:Windows_8_1.0|leaf:Windows_8_OTHER|leaf:Windows_XP|leaf:macOS_10_10.0|leaf:macOS_10_11.0|leaf:macOS_10_13.0|leaf:macOS_10_8.0|leaf:macOS_10_9.0
5917,fam:Windows,fam:Windows,fam:Windows,maj:Windows_10,maj:Windows_10,maj:Windows_10|maj:Windows_8,leaf:Windows_10,leaf:Windows_10,leaf:Windows_10|leaf:Windows_8_1.0|leaf:Windows_8_OTHER
5919,fam:Windows,fam:Windows,fam:Linux|fam:Windows|fam:macOS,maj:Windows_10,maj:Windows_10,maj:Linux_OTHER|maj:Windows_10|maj:Windows_7|maj:Windows_8|maj:Windows_XP|maj:macOS_10,leaf:Windows_10,leaf:Windows_10,leaf:Linux_OTHER|leaf:Windows_10|leaf:Windows_7|leaf:Windows_8_1.0|leaf:Windows_8_OTHER|leaf:Windows_XP|leaf:macOS_10_10.0|leaf:macOS_10_11.0|leaf:macOS_10_13.0|leaf:macOS_10_8.0|leaf:macOS_10_9.0
5920,fam:Windows,fam:Windows,fam:Windows,maj:Windows_10,maj:Windows_10,maj:Windows_10,leaf:Windows_10,leaf:Windows_10,leaf:Windows_10
5921,fam:Windows,fam:Windows,fam:Windows,maj:Windows_10,maj:Windows_10,maj:Windows_10,leaf:Windows_10,leaf:Windows_10,leaf:Windows_10
5922,fam:Windows,fam:Windows,fam:Windows,maj:Windows_10,maj:Windows_10,maj:Windows_10,leaf:Windows_10,leaf:Windows_10,leaf:Windows_10
5924,fam:Windows,fam:Windows,fam:Android|fam:Linux|fam:Windows|fam:macOS,maj:Windows_10,maj:Windows_7,maj:Android_4|maj:Android_7|maj:Android_8|maj:Android_9|maj:Linux_OTHER|maj:Linux_Ubuntu|maj:Windows_10|maj:macOS_10,leaf:Windows_10,leaf:Linux_OTHER,leaf:Android_4_0.0|leaf:Android_7_0.0|leaf:Android_8_0.0|leaf:Android_8_1.0|leaf:Android_9|leaf:Linux_OTHER|leaf:Linux_Ubuntu|leaf:Windows_10|leaf:macOS_10_11.0|leaf:macOS_10_14.0|leaf:macOS_10_15.0
5926,fam:Windows,fam:Windows,fam:Windows,maj:Windows_10,maj:Windows_10,maj:Windows_10,leaf:Windows_10,leaf:Windows_10,leaf:Windows_10
5927,fam:Windows,fam:Windows,fam:Windows,maj:Windows_10,maj:Windows_10,maj:Windows_10,leaf:Windows_10,leaf:Windows_10,leaf:Windows_10
5928,fam:Windows,fam:Windows,fam:Windows,maj:Windows_10,maj:Windows_10,maj:Windows_10|maj:Windows_8,leaf:Windows_10,leaf:Windows_10,leaf:Windows_10|leaf:Windows_8_1.0|leaf:Windows_8_OTHER
5929,fam:Windows,fam:Windows,fam:Windows,maj:Windows_10,maj:Windows_10,maj:Windows_10,leaf:Windows_10,leaf:Windows_10,leaf:Windows_10
5930,fam:Windows,fam:Windows,fam:Android,maj:Windows_10,maj:Android_4,maj:Android_4,leaf:Windows_10,leaf:Android_4_1.0,leaf:Android_4_1.0
5932,fam:Windows,fam:Windows,fam:Windows,maj:Windows_10,maj:Windows_10,maj:Windows_10,leaf:Windows_10,leaf:Windows_10,leaf:Windows_10
5934,fam:Windows,fam:Windows,fam:Windows,maj:Windows_10,maj:Windows_10,maj:Windows_10,leaf:Windows_10,leaf:Windows_10,leaf:Windows_10
5935,fam:Windows,fam:Windows,fam:Windows,maj:Windows_10,maj:Windows_10,maj:Windows_10,leaf:Windows_10,leaf:Windows_10,leaf:Windows_10
5936,fam:Windows,fam:Windows,fam:Android|fam:Linux|fam:Windows,maj:Windows_10,maj:Android_8,maj:Android_10|maj:Android_5|maj:Android_6|maj:Android_7|maj:Android_8|maj:Android_9|maj:Linux_OTHER|maj:Windows_10,leaf:Windows_10,leaf:Android_8_0.0,leaf:Android_10|leaf:Android_5_1.0|leaf:Android_6_0.0|leaf:Android_7_0.0|leaf:Android_7_1.0|leaf:Android_8_0.0|leaf:Android_8_1.0|leaf:Android_9|leaf:Linux_OTHER|leaf:Windows_10
5937,fam:Windows,fam:Windows,fam:Windows,maj:Windows_10,maj:Windows_10,maj:Windows_10,leaf:Windows_10,leaf:Windows_10,leaf:Windows_10
5938,fam:Windows,fam:Windows,fam:Windows,maj:Windows_10,maj:Windows_10,maj:Windows_10,leaf:Windows_10,leaf:Windows_10,leaf:Windows_10
5942,fam:Windows,fam:Windows,fam:Windows,maj:Windows_10,maj:Windows_10,maj:Windows_10,leaf:Windows_10,leaf:Windows_10,leaf:Windows_10
5946,fam:Windows,fam:Windows,fam:Windows,maj:Windows_10,maj:Windows_7,maj:Windows_10|maj:Windows_7,leaf:Windows_10,leaf:Windows_10,leaf:Windows_10|leaf:Windows_7
5948,fam:Windows,fam:Windows,fam:Windows,maj:Windows_10,maj:Windows_10,maj:Windows_10,leaf:Windows_10,leaf:Windows_10,leaf:Windows_10
5950,fam:Windows,fam:Windows,fam:Windows,maj:Windows_10,maj:Windows_10,maj:Windows_10,leaf:Windows_10,leaf:Windows_10,leaf:Windows_10
5952,fam:Windows,fam:Windows,fam:Windows,maj:Windows_10,maj:Windows_8,maj:Windows_10|maj:Windows_8,leaf:Windows_10,leaf:Windows_8_OTHER,leaf:Windows_10|leaf:Windows_8_OTHER
5953,fam:Windows,fam:Windows,fam:Windows,maj:Windows_10,maj:Windows_10,maj:Windows_10|maj:Windows_8,leaf:Windows_10,leaf:Windows_10,leaf:Windows_10|leaf:Windows_8_OTHER
5955,fam:Windows,fam:Windows,fam:Windows,maj:Windows_10,maj:Windows_10,maj:Windows_10,leaf:Windows_10,leaf:Windows_10,leaf:Windows_10
5958,fam:Windows,fam:Windows,fam:Android|fam:Windows,maj:Windows_10,maj:Windows_10,maj:Android_OTHER|maj:Windows_10|maj:Windows_8,leaf:Windows_10,leaf:Windows_10,leaf:Android_OTHER|leaf:Windows_10|leaf:Windows_8_1.0
5960,fam:Windows,fam:Windows,fam:Android,maj:Windows_10,maj:Android_4,maj:Android_4,leaf:Windows_10,leaf:Android_4_1.0,leaf:Android_4_1.0
5962,fam:Windows,fam:Windows,fam:Windows,maj:Windows_10,maj:Windows_10,maj:Windows_10,leaf:Windows_10,leaf:Windows_10,leaf:Windows_10
5963,fam:Windows,fam:Windows,fam:Windows,maj:Windows_10,maj:Windows_10,maj:Windows_10,leaf:Windows_10,leaf:Windows_10,leaf:Windows_10
5964,fam:Windows,fam:Windows,fam:Android|fam:Windows,maj:Windows_10,maj:Windows_10,maj:Android_10|maj:Android_7|maj:Android_8|maj:Android_9|maj:Windows_10,leaf:Windows_10,leaf:Windows_10,leaf:Android_10|leaf:Android_7_1.0|leaf:Android_8_0.0|leaf:Android_9|leaf:Windows_10
5967,fam:Windows,fam:Windows,fam:Windows,maj:Windows_10,maj:Windows_10,maj:Windows_10,leaf:Windows_10,leaf:Windows_10,leaf:Windows_10
5968,fam:Windows,fam:Windows,fam:Windows,maj:Windows_10,maj:Windows_10,maj:Windows_10,leaf:Windows_10,leaf:Windows_10,leaf:Windows_10
5971,fam:Windows,fam:Windows,fam:Windows,maj:Windows_10,maj:Windows_10,maj:Windows_10,leaf:Windows_10,leaf:Windows_10,leaf:Windows_10
5973,fam:Windows,fam:Windows,fam:Windows,maj:Windows_10,maj:Windows_10,maj:Windows_10,leaf:Windows_10,leaf:Windows_10,leaf:Windows_10
5974,fam:Windows,fam:Windows,fam:Android|fam:Windows,maj:Windows_10,maj:Windows_10,maj:Android_10|maj:Android_5|maj:Android_7|maj:Android_8|maj:Android_9|maj:Windows_10|maj:Windows_7,leaf:Windows_10,leaf:Windows_10,leaf:Android_10|leaf:Android_5_1.0|leaf:Android_7_0.0|leaf:Android_7_1.0|leaf:Android_8_0.0|leaf:Android_8_1.0|leaf:Android_9|leaf:Windows_10|leaf:Windows_7
5976,fam:Windows,fam:Windows,fam:Windows,maj:Windows_10,maj:Windows_10,maj:Windows_10,leaf:Windows_10,leaf:Windows_10,leaf:Windows_10
5979,fam:Windows,fam:Windows,fam:Android|fam:Windows,maj:Windows_10,maj:Windows_10,maj:Android_7|maj:Windows_10,leaf:Windows_10,leaf:Windows_10,leaf:Android_7_0.0|leaf:Windows_10
5981,fam:Windows,fam:Windows,fam:Windows,maj:Windows_10,maj:Windows_10,maj:Windows_10,leaf:Windows_10,leaf:Windows_10,leaf:Windows_10
5982,fam:Windows,fam:Windows,fam:Windows|fam:macOS,maj:Windows_10,maj:Windows_10,maj:Windows_10|maj:macOS_10,leaf:Windows_10,leaf:Windows_10,leaf:Windows_10|leaf:macOS_10_12.0
5987,fam:Windows,fam:Windows,fam:Windows,maj:Windows_10,maj:Windows_10,maj:Windows_10,leaf:Windows_10,leaf:Windows_10,leaf:Windows_10
5989,fam:Windows,fam:Windows,fam:Windows,maj:Windows_10,maj:Windows_10,maj:Windows_10,leaf:Windows_10,leaf:Windows_10,leaf:Windows_10
5990,fam:Windows,fam:Windows,fam:Android|fam:Windows,maj:Windows_10,maj:Windows_10,maj:Android_6|maj:Android_7|maj:Windows_10,leaf:Windows_10,leaf:Windows_10,leaf:Android_6_0.0|leaf:Android_7_0.0|leaf:Windows_10
5993,fam:Windows,fam:Windows,fam:Windows,maj:Windows_10,maj:Windows_10,maj:Windows_10,leaf:Windows_10,leaf:Windows_10,leaf:Windows_10
5997,fam:Windows,fam:Windows,fam:Windows,maj:Windows_10,maj:Windows_10,maj:Windows_10,leaf:Windows_10,leaf:Windows_10,leaf:Windows_10
5998,fam:Windows,fam:Windows,fam:Windows,maj:Windows_10,maj:Windows_10,maj:Windows_10,leaf:Windows_10,leaf:Windows_10,leaf:Windows_10
6000,fam:Windows,fam:Windows,fam:Windows|fam:macOS,maj:Windows_10,maj:Windows_10,maj:Windows_10|maj:Windows_7|maj:Windows_XP|maj:macOS_10,leaf:Windows_10,leaf:Windows_10,leaf:Windows_10|leaf:Windows_7|leaf:Windows_XP|leaf:macOS_10_10.0
6001,fam:Windows,fam:Windows,fam:Windows,maj:Windows_10,maj:Windows_10,maj:Windows_10|maj:Windows_8,leaf:Windows_10,leaf:Windows_10,leaf:Windows_10|leaf:Windows_8_1.0
6002,fam:Windows,fam:Windows,fam:Windows,maj:Windows_10,maj:Windows_10,maj:Windows_10,leaf:Windows_10,leaf:Windows_10,leaf:Windows_10
6006,fam:Windows,fam:Windows,fam:Windows,maj:Windows_10,maj:Windows_10,maj:Windows_10,leaf:Windows_10,leaf:Windows_10,leaf:Windows_10
6008,fam:Windows,fam:Windows,fam:Windows,maj:Windows_10,maj:Windows_10,maj:Windows_10,leaf:Windows_10,leaf:Windows_10,leaf:Windows_10
6009,fam:Windows,fam:Windows,fam:Windows,maj:Windows_10,maj:Windows_10,maj:Windows_10,leaf:Windows_10,leaf:Windows_10,leaf:Windows_10
6016,fam:Windows,fam:Windows,fam:Windows,maj:Windows_10,maj:Windows_10,maj:Windows_10,leaf:Windows_10,leaf:Windows_10,leaf:Windows_10
6017,fam:Windows,fam:Windows,fam:Android|fam:Windows,maj:Windows_10,maj:Windows_10,maj:Android_7|maj:Windows_10|maj:Windows_7,leaf:Windows_10,leaf:Windows_10,leaf:Android_7_0.0|leaf:Android_7_1.0|leaf:Windows_10|leaf:Windows_7
6021,fam:Windows,fam:Windows,fam:Windows,maj:Windows_10,maj:Windows_10,maj:Windows_10,leaf:Windows_10,leaf:Windows_10,leaf:Windows_10
6023,fam:Windows,fam:Windows,fam:Windows,maj:Windows_10,maj:Windows_10,maj:Windows_10|maj:Windows_7,leaf:Windows_10,leaf:Windows_10,leaf:Windows_10|leaf:Windows_7
6025,fam:Windows,fam:Windows,fam:Windows,maj:Windows_10,maj:Windows_10,maj:Windows_10,leaf:Windows_10,leaf:Windows_10,leaf:Windows_10
6027,fam:Windows,fam:Windows,fam:Windows,maj:Windows_10,maj:Windows_10,maj:Windows_10,leaf:Windows_10,leaf:Windows_10,leaf:Windows_10
6029,fam:Windows,fam:Windows,fam:Windows,maj:Windows_10,maj:Windows_10,maj:Windows_10,leaf:Windows_10,leaf:Windows_10,leaf:Windows_10
6030,fam:Windows,fam:Windows,fam:Windows,maj:Windows_10,maj:Windows_10,maj:Windows_10,leaf:Windows_10,leaf:Windows_10,leaf:Windows_10
6031,fam:Windows,fam:Windows,fam:Windows|fam:macOS,maj:Windows_10,maj:Windows_10,maj:Windows_10|maj:macOS_10,leaf:Windows_10,leaf:Windows_10,leaf:Windows_10|leaf:macOS_10_12.0
6032,fam:Windows,fam:Windows,fam:Windows,maj:Windows_10,maj:Windows_10,maj:Windows_10,leaf:Windows_10,leaf:Windows_10,leaf:Windows_10
6033,fam:Windows,fam:Windows,fam:Windows,maj:Windows_10,maj:Windows_10,maj:Windows_10,leaf:Windows_10,leaf:Windows_10,leaf:Windows_10
6036,fam:Windows,fam:Windows,fam:Windows,maj:Windows_10,maj:Windows_10,maj:Windows_10|maj:Windows_8,leaf:Windows_10,leaf:Windows_10,leaf:Windows_10|leaf:Windows_8_OTHER
6037,fam:Windows,fam:Windows,fam:Windows,maj:Windows_10,maj:Windows_10,maj:Windows_10,leaf:Windows_10,leaf:Windows_10,leaf:Windows_10
6039,fam:Windows,fam:Windows,fam:Windows,maj:Windows_10,maj:Windows_10,maj:Windows_10,leaf:Windows_10,leaf:Windows_10,leaf:Windows_10
6043,fam:Windows,fam:Windows,fam:Windows,maj:Windows_10,maj:Windows_10,maj:Windows_10,leaf:Windows_10,leaf:Windows_10,leaf:Windows_10
6046,fam:Windows,fam:Windows,fam:Windows,maj:Windows_10,maj:Windows_10,maj:Windows_10,leaf:Windows_10,leaf:Windows_10,leaf:Windows_10
6047,fam:Windows,fam:Windows,fam:Windows,maj:Windows_10,maj:Windows_10,maj:Windows_10,leaf:Windows_10,leaf:Windows_10,leaf:Windows_10
6049,fam:Windows,fam:Windows,fam:Windows,maj:Windows_10,maj:Windows_7,maj:Windows_10|maj:Windows_7,leaf:Windows_10,leaf:Windows_10,leaf:Windows_10|leaf:Windows_7
6050,fam:Windows,fam:Windows,fam:Windows,maj:Windows_10,maj:Windows_10,maj:Windows_10,leaf:Windows_10,leaf:Windows_10,leaf:Windows_10
6051,fam:Windows,fam:Windows,fam:Windows,maj:Windows_10,maj:Windows_10,maj:Windows_10|maj:Windows_8,leaf:Windows_10,leaf:Windows_10,leaf:Windows_10|leaf:Windows_8_OTHER
6053,fam:Windows,fam:Windows,fam:Windows,maj:Windows_10,maj:Windows_10,maj:Windows_10,leaf:Windows_10,leaf:Windows_10,leaf:Windows_10
6057,fam:Windows,fam:Windows,fam:Windows,maj:Windows_10,maj:Windows_10,maj:Windows_10,leaf:Windows_10,leaf:Windows_10,leaf:Windows_10
6058,fam:Windows,fam:Windows,fam:Windows,maj:Windows_10,maj:Windows_10,maj:Windows_10,leaf:Windows_10,leaf:Windows_10,leaf:Windows_10
6060,fam:Windows,fam:Windows,fam:Windows,maj:Windows_10,maj:Windows_10,maj:Windows_10,leaf:Windows_10,leaf:Windows_10,leaf:Windows_10
6062,fam:Windows,fam:Windows,fam:Windows,maj:Windows_10,maj:Windows_10,maj:Windows_10,leaf:Windows_10,leaf:Windows_10,leaf:Windows_10
6063,fam:Windows,fam:Windows,fam:Android|fam:Linux|fam:Windows,maj:Windows_10,maj:Linux_OTHER,maj:Android_10|maj:Android_8|maj:Android_9|maj:Linux_OTHER|maj:Linux_Ubuntu|maj:Windows_10|maj:Windows_7|maj:Windows_8,leaf:Windows_10,leaf:Windows_10,leaf:Android_10|leaf:Android_8_0.0|leaf:Android_8_1.0|leaf:Android_9|leaf:Linux_OTHER|leaf:Linux_Ubuntu|leaf:Windows_10|leaf:Windows_7|leaf:Windows_8_1.0
6067,fam:Windows,fam:Windows,fam:Windows,maj:Windows_10,maj:Windows_10,maj:Windows_10|maj:Windows_7|maj:Windows_8,leaf:Windows_10,leaf:Windows_7,leaf:Windows_10|leaf:Windows_7|leaf:Windows_8_1.0
6069,fam:Windows,fam:Windows,fam:Android|fam:Windows,maj:Windows_10,maj:Windows_10,maj:Android_10|maj:Android_8|maj:Android_9|maj:Windows_10|maj:Windows_7,leaf:Windows_10,leaf:Windows_10,leaf:Android_10|leaf:Android_8_0.0|leaf:Android_8_1.0|leaf:Android_9|leaf:Windows_10|leaf:Windows_7
6070,fam:Windows,fam:Windows,fam:Android|fam:Windows,maj:Windows_10,maj:Windows_10,maj:Android_10|maj:Android_8|maj:Android_9|maj:Windows_10,leaf:Windows_10,leaf:Windows_10,leaf:Android_10|leaf:Android_8_0.0|leaf:Android_8_1.0|leaf:Android_9|leaf:Windows_10
6072,fam:Windows,fam:Windows,fam:Windows,maj:Windows_10,maj:Windows_10,maj:Windows_10,leaf:Windows_10,leaf:Windows_10,leaf:Windows_10
6073,fam:Windows,fam:Windows,fam:Windows|fam:macOS,maj:Windows_10,maj:Windows_10,maj:Windows_10|maj:Windows_7|maj:Windows_8|maj:macOS_10,leaf:Windows_10,leaf:Windows_10,leaf:Windows_10|leaf:Windows_7|leaf:Windows_8_1.0|leaf:macOS_10_11.0|leaf:macOS_10_12.0|leaf:macOS_10_13.0
6074,fam:Windows,fam:Windows,fam:Android|fam:Windows,maj:Windows_10,maj:Windows_10,maj:Android_7|maj:Windows_10,leaf:Windows_10,leaf:Windows_10,leaf:Android_7_0.0|leaf:Windows_10
6075,fam:Windows,fam:Windows,fam:Windows,maj:Windows_10,maj:Windows_10,maj:Windows_10,leaf:Windows_10,leaf:Windows_10,leaf:Windows_10
6077,fam:Windows,fam:Windows,fam:Windows,maj:Windows_10,maj:Windows_10,maj:Windows_10,leaf:Windows_10,leaf:Windows_10,leaf:Windows_10
6078,fam:Windows,fam:Linux,fam:Linux|fam:Windows,maj:Windows_10,maj:Linux_OTHER,maj:Linux_OTHER|maj:Windows_10|maj:Windows_7|maj:Windows_8,leaf:Windows_10,leaf:Linux_OTHER,leaf:Linux_OTHER|leaf:Windows_10|leaf:Windows_7|leaf:Windows_8_1.0
6079,fam:Windows,fam:Windows,fam:Windows,maj:Windows_10,maj:Windows_10,maj:Windows_10,leaf:Windows_10,leaf:Windows_10,leaf:Windows_10
6080,fam:Windows,fam:Android,fam:Android|fam:Linux|fam:Windows|fam:macOS,maj:Windows_10,maj:Android_7,maj:Android_10|maj:Android_5|maj:Android_6|maj:Android_7|maj:Android_8|maj:Android_9|maj:Linux_OTHER|maj:Windows_10|maj:macOS_10,leaf:Windows_10,leaf:Android_7_0.0,leaf:Android_10|leaf:Android_5_1.0|leaf:Android_6_0.0|leaf:Android_7_0.0|leaf:Android_8_0.0|leaf:Android_9|leaf:Linux_OTHER|leaf:Windows_10|leaf:macOS_10_12.0
6081,fam:Windows,fam:Windows,fam:Android,maj:Windows_10,maj:Android_4,maj:Android_4,leaf:Windows_10,leaf:Android_4_4.0,leaf:Android_4_4.0
6082,fam:Windows,fam:Windows,fam:Windows,maj:Windows_10,maj:Windows_10,maj:Windows_10,leaf:Windows_10,leaf:Windows_10,leaf:Windows_10
6083,fam:Windows,fam:Windows,fam:Windows,maj:Windows_10,maj:Windows_10,maj:Windows_10,leaf:Windows_10,leaf:Windows_10,leaf:Windows_10
6084,fam:Windows,fam:Windows,fam:Windows,maj:Windows_10,maj:Windows_10,maj:Windows_10,leaf:Windows_10,leaf:Windows_10,leaf:Windows_10
6086,fam:Windows,fam:Windows,fam:Windows,maj:Windows_10,maj:Windows_10,maj:Windows_10,leaf:Windows_10,leaf:Windows_10,leaf:Windows_10
6087,fam:Windows,fam:Windows,fam:Windows,maj:Windows_10,maj:Windows_10,maj:Windows_10|maj:Windows_7|maj:Windows_8|maj:Windows_XP,leaf:Windows_10,leaf:Windows_10,leaf:Windows_10|leaf:Windows_7|leaf:Windows_8_1.0|leaf:Windows_XP
6089,fam:Windows,fam:Windows,fam:Windows,maj:Windows_10,maj:Windows_10,maj:Windows_10|maj:Windows_8,leaf:Windows_10,leaf:Windows_10,leaf:Windows_10|leaf:Windows_8_OTHER
6090,fam:Windows,fam:Windows,fam:Android|fam:Linux|fam:Windows,maj:Windows_10,maj:Windows_10,maj:Android_4|maj:Android_5|maj:Android_6|maj:Linux_OTHER|maj:Windows_10|maj:Windows_7,leaf:Windows_10,leaf:Android_4_4.0,leaf:Android_4_4.0|leaf:Android_5_1.0|leaf:Android_6_0.0|leaf:Linux_OTHER|leaf:Windows_10|leaf:Windows_7
6092,fam:Windows,fam:Windows,fam:Windows,maj:Windows_10,maj:Windows_10,maj:Windows_10|maj:Windows_7|maj:Windows_XP,leaf:Windows_10,leaf:Windows_10,leaf:Windows_10|leaf:Windows_7|leaf:Windows_XP
6093,fam:Windows,fam:Windows,fam:Windows,maj:Windows_10,maj:Windows_10,maj:Windows_10,leaf:Windows_10,leaf:Windows_10,leaf:Windows_10
6094,fam:Windows,fam:Windows,fam:Windows,maj:Windows_10,maj:Windows_10,maj:Windows_10|maj:Windows_7,leaf:Windows_10,leaf:Windows_10,leaf:Windows_10|leaf:Windows_7
6095,fam:Windows,fam:Windows,fam:Windows,maj:Windows_10,maj:Windows_10,maj:Windows_10|maj:Windows_8,leaf:Windows_10,leaf:Windows_10,leaf:Windows_10|leaf:Windows_8_OTHER
6096,fam:Windows,fam:Windows,fam:Windows,maj:Windows_10,maj:Windows_10,maj:Windows_10|maj:Windows_8,leaf:Windows_10,leaf:Windows_10,leaf:Windows_10|leaf:Windows_8_OTHER
6099,fam:Windows,fam:Windows,fam:Windows,maj:Windows_10,maj:Windows_10,maj:Windows_10,leaf:Windows_10,leaf:Windows_10,leaf:Windows_10
6101,fam:Windows,fam:Windows,fam:Windows,maj:Windows_10,maj:Windows_10,maj:Windows_10,leaf:Windows_10,leaf:Windows_10,leaf:Windows_10
6107,fam:Windows,fam:Windows,fam:Windows,maj:Windows_10,maj:Windows_10,maj:Windows_10,leaf:Windows_10,leaf:Windows_10,leaf:Windows_10
6109,fam:Windows,fam:Windows,fam:Windows,maj:Windows_10,maj:Windows_10,maj:Windows_10,leaf:Windows_10,leaf:Windows_10,leaf:Windows_10
6110,fam:Windows,fam:Windows,fam:Windows,maj:Windows_10,maj:Windows_10,maj:Windows_10,leaf:Windows_10,leaf:Windows_10,leaf:Windows_10
6112,fam:Windows,fam:Windows,fam:Windows,maj:Windows_10,maj:Windows_10,maj:Windows_10|maj:Windows_8,leaf:Windows_10,leaf:Windows_10,leaf:Windows_10|leaf:Windows_8_OTHER
6113,fam:Windows,fam:Windows,fam:Windows,maj:Windows_10,maj:Windows_10,maj:Windows_10|maj:Windows_8,leaf:Windows_10,leaf:Windows_10,leaf:Windows_10|leaf:Windows_8_OTHER
6116,fam:Windows,fam:Windows,fam:Windows,maj:Windows_10,maj:Windows_10,maj:Windows_10,leaf:Windows_10,leaf:Windows_10,leaf:Windows_10
6119,fam:Windows,fam:Windows,fam:Windows,maj:Windows_10,maj:Windows_10,maj:Windows_10,leaf:Windows_10,leaf:Windows_10,leaf:Windows_10
6120,fam:Windows,fam:Windows,fam:Windows,maj:Windows_10,maj:Windows_7,maj:Windows_7,leaf:Windows_10,leaf:Windows_7,leaf:Windows_7
6121,fam:Windows,fam:Windows,fam:Windows,maj:Windows_10,maj:Windows_10,maj:Windows_10,leaf:Windows_10,leaf:Windows_10,leaf:Windows_10
6122,fam:Windows,fam:Windows,fam:Windows,maj:Windows_10,maj:Windows_10,maj:Windows_10,leaf:Windows_10,leaf:Windows_10,leaf:Windows_10
6123,fam:Windows,fam:Android,fam:Android|fam:Linux|fam:Windows,maj:Windows_10,maj:Android_9,maj:Android_10|maj:Android_7|maj:Android_8|maj:Android_9|maj:Linux_OTHER|maj:Windows_10,leaf:Windows_10,leaf:Android_8_0.0,leaf:Android_10|leaf:Android_7_0.0|leaf:Android_7_1.0|leaf:Android_8_0.0|leaf:Android_8_1.0|leaf:Android_9|leaf:Linux_OTHER|leaf:Windows_10
6124,fam:Windows,fam:Windows,fam:Windows,maj:Windows_10,maj:Windows_10,maj:Windows_10,leaf:Windows_10,leaf:Windows_10,leaf:Windows_10
6125,fam:Windows,fam:Windows,fam:Windows,maj:Windows_10,maj:Windows_10,maj:Windows_10|maj:Windows_8,leaf:Windows_10,leaf:Windows_10,leaf:Windows_10|leaf:Windows_8_OTHER
6127,fam:Windows,fam:Windows,fam:Windows,maj:Windows_10,maj:Windows_10,maj:Windows_10,leaf:Windows_10,leaf:Windows_10,leaf:Windows_10
6128,fam:Windows,fam:Windows,fam:Windows|fam:macOS,maj:Windows_10,maj:Windows_10,maj:Windows_10|maj:macOS_10,leaf:Windows_10,leaf:Windows_10,leaf:Windows_10|leaf:macOS_10_12.0
6129,fam:Windows,fam:Windows,fam:Windows,maj:Windows_10,maj:Windows_10,maj:Windows_10,leaf:Windows_10,leaf:Windows_10,leaf:Windows_10
6130,fam:Windows,fam:Windows,fam:Windows,maj:Windows_10,maj:Windows_10,maj:Windows_10,leaf:Windows_10,leaf:Windows_10,leaf:Windows_10
6131,fam:Windows,fam:Windows,fam:Windows,maj:Windows_10,maj:Windows_10,maj:Windows_10,leaf:Windows_10,leaf:Windows_10,leaf:Windows_10
6133,fam:Windows,fam:Windows,fam:Windows,maj:Windows_10,maj:Windows_10,maj:Windows_10|maj:Windows_7|maj:Windows_8,leaf:Windows_10,leaf:Windows_10,leaf:Windows_10|leaf:Windows_7|leaf:Windows_8_OTHER
6135,fam:Windows,fam:Windows,fam:Windows,maj:Windows_10,maj:Windows_10,maj:Windows_10|maj:Windows_7,leaf:Windows_10,leaf:Windows_10,leaf:Windows_10|leaf:Windows_7
6136,fam:Windows,fam:Windows,fam:Windows,maj:Windows_10,maj:Windows_10,maj:Windows_10,leaf:Windows_10,leaf:Windows_10,leaf:Windows_10
6139,fam:Windows,fam:Windows,fam:Windows,maj:Windows_10,maj:Windows_10,maj:Windows_10,leaf:Windows_10,leaf:Windows_10,leaf:Windows_10
6144,fam:Windows,fam:Windows,fam:Android|fam:Linux|fam:Windows,maj:Windows_10,maj:Windows_10,maj:Android_10|maj:Android_7|maj:Android_8|maj:Android_9|maj:Linux_OTHER|maj:Linux_Ubuntu|maj:Windows_10|maj:Windows_7,leaf:Windows_10,leaf:Linux_OTHER,leaf:Android_10|leaf:Android_7_0.0|leaf:Android_8_0.0|leaf:Android_8_1.0|leaf:Android_9|leaf:Linux_OTHER|leaf:Linux_Ubuntu|leaf:Windows_10|leaf:Windows_7
6147,fam:Windows,fam:Windows,fam:Windows,maj:Windows_10,maj:Windows_10,maj:Windows_10,leaf:Windows_10,leaf:Windows_10,leaf:Windows_10
6150,fam:Windows,fam:Windows,fam:Windows,maj:Windows_10,maj:Windows_10,maj:Windows_10,leaf:Windows_10,leaf:Windows_10,leaf:Windows_10
6151,fam:Windows,fam:Windows,fam:Linux|fam:Windows,maj:Windows_10,maj:Windows_10,maj:Linux_OTHER|maj:Linux_Ubuntu|maj:Windows_10|maj:Windows_7|maj:Windows_8,leaf:Windows_10,leaf:Windows_10,leaf:Linux_OTHER|leaf:Linux_Ubuntu|leaf:Windows_10|leaf:Windows_7|leaf:Windows_8_1.0
6156,fam:Windows,fam:Windows,fam:Windows,maj:Windows_10,maj:Windows_10,maj:Windows_10,leaf:Windows_10,leaf:Windows_10,leaf:Windows_10
6157,fam:Windows,fam:Windows,fam:Windows|fam:macOS,maj:Windows_10,maj:Windows_10,maj:Windows_10|maj:macOS_10,leaf:Windows_10,leaf:Windows_10,leaf:Windows_10|leaf:macOS_10_12.0
6158,fam:Windows,fam:Windows,fam:Windows,maj:Windows_10,maj:Windows_10,maj:Windows_10|maj:Windows_7|maj:Windows_8,leaf:Windows_10,leaf:Windows_8_1.0,leaf:Windows_10|leaf:Windows_7|leaf:Windows_8_1.0|leaf:Windows_8_OTHER
6159,fam:Windows,fam:Windows,fam:Windows,maj:Windows_10,maj:Windows_10,maj:Windows_10|maj:Windows_8,leaf:Windows_10,leaf:Windows_10,leaf:Windows_10|leaf:Windows_8_OTHER
6162,fam:Windows,fam:Android,fam:Android|fam:Linux|fam:Windows,maj:Windows_10,maj:Android_8,maj:Android_10|maj:Android_7|maj:Android_8|maj:Android_9|maj:Linux_OTHER|maj:Windows_10,leaf:Windows_10,leaf:Android_8_0.0,leaf:Android_10|leaf:Android_7_0.0|leaf:Android_8_0.0|leaf:Android_8_1.0|leaf:Android_9|leaf:Linux_OTHER|leaf:Windows_10
6164,fam:Windows,fam:Windows,fam:Windows,maj:Windows_10,maj:Windows_10,maj:Windows_10,leaf:Windows_10,leaf:Windows_10,leaf:Windows_10
6168,fam:Windows,fam:Windows,fam:Android|fam:Linux|fam:Windows,maj:Windows_10,maj:Windows_10,maj:Android_8|maj:Android_9|maj:Linux_OTHER|maj:Windows_10,leaf:Windows_10,leaf:Windows_10,leaf:Android_8_1.0|leaf:Android_9|leaf:Linux_OTHER|leaf:Windows_10
6171,fam:Windows,fam:Windows,fam:Windows,maj:Windows_10,maj:Windows_10,maj:Windows_10,leaf:Windows_10,leaf:Windows_10,leaf:Windows_10
6173,fam:Windows,fam:Windows,fam:Windows,maj:Windows_10,maj:Windows_10,maj:Windows_10,leaf:Windows_10,leaf:Windows_10,leaf:Windows_10
6174,fam:Windows,fam:Windows,fam:Windows,maj:Windows_10,maj:Windows_10,maj:Windows_10,leaf:Windows_10,leaf:Windows_10,leaf:Windows_10
6179,fam:Windows,fam:Windows,fam:Windows,maj:Windows_10,maj:Windows_10,maj:Windows_10,leaf:Windows_10,leaf:Windows_10,leaf:Windows_10
6180,fam:Windows,fam:Windows,fam:Windows,maj:Windows_10,maj:Windows_10,maj:Windows_10,leaf:Windows_10,leaf:Windows_10,leaf:Windows_10
6182,fam:Windows,fam:Windows,fam:Windows,maj:Windows_10,maj:Windows_10,maj:Windows_10,leaf:Windows_10,leaf:Windows_10,leaf:Windows_10
6183,fam:Windows,fam:Windows,fam:Windows,maj:Windows_10,maj:Windows_10,maj:Windows_10|maj:Windows_7|maj:Windows_8,leaf:Windows_10,leaf:Windows_8_1.0,leaf:Windows_10|leaf:Windows_7|leaf:Windows_8_1.0
6187,fam:Windows,fam:Windows,fam:Windows,maj:Windows_10,maj:Windows_10,maj:Windows_10,leaf:Windows_10,leaf:Windows_10,leaf:Windows_10
6196,fam:Windows,fam:Windows,fam:Windows,maj:Windows_10,maj:Windows_10,maj:Windows_10,leaf:Windows_10,leaf:Windows_10,leaf:Windows_10
6197,fam:Windows,fam:Windows,fam:Windows,maj:Windows_10,maj:Windows_10,maj:Windows_10|maj:Windows_8,leaf:Windows_10,leaf:Windows_10,leaf:Windows_10|leaf:Windows_8_1.0
6199,fam:Windows,fam:Windows,fam:Windows,maj:Windows_10,maj:Windows_10,maj:Windows_10,leaf:Windows_10,leaf:Windows_10,leaf:Windows_10
6200,fam:Windows,fam:Windows,fam:Windows,maj:Windows_10,maj:Windows_10,maj:Windows_10,leaf:Windows_10,leaf:Windows_10,leaf:Windows_10
6205,fam:Windows,fam:Windows,fam:Windows,maj:Windows_10,maj:Windows_10,maj:Windows_10|maj:Windows_8,leaf:Windows_10,leaf:Windows_10,leaf:Windows_10|leaf:Windows_8_1.0|leaf:Windows_8_OTHER
6206,fam:Windows,fam:Windows,fam:Linux|fam:Windows|fam:macOS,maj:Windows_10,maj:Windows_10,maj:Linux_OTHER|maj:Windows_10|maj:Windows_7|maj:Windows_8|maj:Windows_XP|maj:macOS_10,leaf:Windows_10,leaf:Windows_10,leaf:Linux_OTHER|leaf:Windows_10|leaf:Windows_7|leaf:Windows_8_1.0|leaf:Windows_8_OTHER|leaf:Windows_XP|leaf:macOS_10_10.0|leaf:macOS_10_11.0|leaf:macOS_10_13.0|leaf:macOS_10_8.0|leaf:macOS_10_9.0
6207,fam:Windows,fam:Windows,fam:Windows,maj:Windows_10,maj:Windows_10,maj:Windows_10|maj:Windows_8,leaf:Windows_10,leaf:Windows_10,leaf:Windows_10|leaf:Windows_8_1.0|leaf:Windows_8_OTHER
6208,fam:Windows,fam:Windows,fam:Windows,maj:Windows_10,maj:Windows_10,maj:Windows_10,leaf:Windows_10,leaf:Windows_10,leaf:Windows_10
6211,fam:Windows,fam:Windows,fam:Windows,maj:Windows_10,maj:Windows_10,maj:Windows_10,leaf:Windows_10,leaf:Windows_10,leaf:Windows_10
6212,fam:Windows,fam:Windows,fam:Windows,maj:Windows_10,maj:Windows_10,maj:Windows_10,leaf:Windows_10,leaf:Windows_10,leaf:Windows_10
6214,fam:Windows,fam:Windows,fam:Windows,maj:Windows_10,maj:Windows_10,maj:Windows_10,leaf:Windows_10,leaf:Windows_10,leaf:Windows_10
6215,fam:Windows,fam:Windows,fam:Windows,maj:Windows_10,maj:Windows_10,maj:Windows_10,leaf:Windows_10,leaf:Windows_10,leaf:Windows_10
6217,fam:Windows,fam:Windows,fam:Windows,maj:Windows_10,maj:Windows_10,maj:Windows_10,leaf:Windows_10,leaf:Windows_10,leaf:Windows_10
6218,fam:Windows,fam:Windows,fam:Windows,maj:Windows_10,maj:Windows_10,maj:Windows_10,leaf:Windows_10,leaf:Windows_10,leaf:Windows_10
6220,fam:Windows,fam:Windows,fam:Windows,maj:Windows_10,maj:Windows_10,maj:Windows_10,leaf:Windows_10,leaf:Windows_10,leaf:Windows_10
6221,fam:Windows,fam:Windows,fam:Windows,maj:Windows_10,maj:Windows_10,maj:Windows_10|maj:Windows_7,leaf:Windows_10,leaf:Windows_10,leaf:Windows_10|leaf:Windows_7
6224,fam:Windows,fam:Windows,fam:Windows,maj:Windows_10,maj:Windows_10,maj:Windows_10,leaf:Windows_10,leaf:Windows_10,leaf:Windows_10
6227,fam:Windows,fam:Windows,fam:Windows,maj:Windows_10,maj:Windows_10,maj:Windows_10,leaf:Windows_10,leaf:Windows_10,leaf:Windows_10
6228,fam:Windows,fam:Windows,fam:Windows,maj:Windows_10,maj:Windows_10,maj:Windows_10,leaf:Windows_10,leaf:Windows_10,leaf:Windows_10
6229,fam:Windows,fam:Windows,fam:Android|fam:Linux|fam:Windows,maj:Windows_10,maj:Windows_10,maj:Android_10|maj:Android_8|maj:Linux_OTHER|maj:Windows_10|maj:Windows_7,leaf:Windows_10,leaf:Windows_10,leaf:Android_10|leaf:Android_8_1.0|leaf:Linux_OTHER|leaf:Windows_10|leaf:Windows_7
6230,fam:Windows,fam:Windows,fam:Windows,maj:Windows_10,maj:Windows_10,maj:Windows_10|maj:Windows_8,leaf:Windows_10,leaf:Windows_10,leaf:Windows_10|leaf:Windows_8_1.0
6231,fam:Windows,fam:Windows,fam:Windows,maj:Windows_10,maj:Windows_10,maj:Windows_10,leaf:Windows_10,leaf:Windows_10,leaf:Windows_10
6233,fam:Windows,fam:Windows,fam:Windows,maj:Windows_10,maj:Windows_10,maj:Windows_10|maj:Windows_8,leaf:Windows_10,leaf:Windows_10,leaf:Windows_10|leaf:Windows_8_OTHER
6234,fam:Windows,fam:Windows,fam:Windows,maj:Windows_10,maj:Windows_10,maj:Windows_10,leaf:Windows_10,leaf:Windows_10,leaf:Windows_10
6236,fam:Windows,fam:Windows,fam:Windows,maj:Windows_10,maj:Windows_10,maj:Windows_10|maj:Windows_8,leaf:Windows_10,leaf:Windows_10,leaf:Windows_10|leaf:Windows_8_OTHER
6239,fam:Windows,fam:Windows,fam:Windows,maj:Windows_10,maj:Windows_10,maj:Windows_10,leaf:Windows_10,leaf:Windows_10,leaf:Windows_10
6240,fam:Windows,fam:Windows,fam:Windows,maj:Windows_10,maj:Windows_10,maj:Windows_10,leaf:Windows_10,leaf:Windows_10,leaf:Windows_10
6241,fam:Windows,fam:Windows,fam:Windows,maj:Windows_10,maj:Windows_10,maj:Windows_10,leaf:Windows_10,leaf:Windows_10,leaf:Windows_10
6244,fam:Windows,fam:Linux,fam:Android|fam:Linux|fam:Windows|fam:macOS,maj:Windows_10,maj:Linux_OTHER,maj:Android_4|maj:Android_8|maj:Linux_OTHER|maj:Linux_Ubuntu|maj:Windows_10|maj:Windows_7|maj:macOS_10,leaf:Windows_10,leaf:Linux_OTHER,leaf:Android_4_0.0|leaf:Android_8_1.0|leaf:Linux_OTHER|leaf:Linux_Ubuntu|leaf:Windows_10|leaf:Windows_7|leaf:macOS_10_14.0
6248,fam:Windows,fam:Windows,fam:Windows,maj:Windows_10,maj:Windows_10,maj:Windows_10,leaf:Windows_10,leaf:Windows_10,leaf:Windows_10
6250,fam:Windows,fam:Windows,fam:Windows,maj:Windows_10,maj:Windows_8,maj:Windows_10|maj:Windows_7|maj:Windows_8,leaf:Windows_10,leaf:Windows_7,leaf:Windows_10|leaf:Windows_7|leaf:Windows_8_1.0
6252,fam:Windows,fam:Windows,fam:Windows,maj:Windows_10,maj:Windows_10,maj:Windows_10,leaf:Windows_10,leaf:Windows_10,leaf:Windows_10
6253,fam:Windows,fam:Windows,fam:Windows,maj:Windows_10,maj:Windows_10,maj:Windows_10,leaf:Windows_10,leaf:Windows_10,leaf:Windows_10
6254,fam:Windows,fam:Windows,fam:Windows,maj:Windows_10,maj:Windows_10,maj:Windows_10,leaf:Windows_10,leaf:Windows_10,leaf:Windows_10
6255,fam:Windows,fam:Windows,fam:Windows,maj:Windows_10,maj:Windows_10,maj:Windows_10,leaf:Windows_10,leaf:Windows_10,leaf:Windows_10
6257,fam:Windows,fam:Windows,fam:Windows,maj:Windows_10,maj:Windows_10,maj:Windows_10,leaf:Windows_10,leaf:Windows_10,leaf:Windows_10
6258,fam:Windows,fam:Windows,fam:Windows,maj:Windows_10,maj:Windows_10,maj:Windows_10|maj:Windows_Vista,leaf:Windows_10,leaf:Windows_10,leaf:Windows_10|leaf:Windows_Vista
6259,fam:Windows,fam:Windows,fam:Windows,maj:Windows_10,maj:Windows_10,maj:Windows_10|maj:Windows_8,leaf:Windows_10,leaf:Windows_10,leaf:Windows_10|leaf:Windows_8_OTHER
6260,fam:Windows,fam:Windows,fam:Windows,maj:Windows_10,maj:Windows_10,maj:Windows_10,leaf:Windows_10,leaf:Windows_10,leaf:Windows_10
6262,fam:Windows,fam:macOS,fam:Windows|fam:macOS,maj:Windows_10,maj:macOS_10,maj:Windows_7|maj:macOS_10|maj:macOS_OTHER,leaf:Windows_10,leaf:macOS_10_13.0,leaf:Windows_7|leaf:macOS_10_11.0|leaf:macOS_10_12.0|leaf:macOS_10_13.0|leaf:macOS_OTHER
6263,fam:Windows,fam:Windows,fam:Windows,maj:Windows_10,maj:Windows_10,maj:Windows_10,leaf:Windows_10,leaf:Windows_10,leaf:Windows_10
6264,fam:Windows,fam:Windows,fam:Windows,maj:Windows_10,maj:Windows_10,maj:Windows_10,leaf:Windows_10,leaf:Windows_10,leaf:Windows_10
6267,fam:Windows,fam:Windows,fam:Windows,maj:Windows_10,maj:Windows_10,maj:Windows_10|maj:Windows_8,leaf:Windows_10,leaf:Windows_10,leaf:Windows_10|leaf:Windows_8_OTHER
6275,fam:Windows,fam:Windows,fam:Windows,maj:Windows_10,maj:Windows_10,maj:Windows_10,leaf:Windows_10,leaf:Windows_10,leaf:Windows_10
6276,fam:Windows,fam:Windows,fam:Windows,maj:Windows_10,maj:Windows_10,maj:Windows_10,leaf:Windows_10,leaf:Windows_10,leaf:Windows_10
6277,fam:Windows,fam:Windows,fam:Windows,maj:Windows_10,maj:Windows_10,maj:Windows_10|maj:Windows_8,leaf:Windows_10,leaf:Windows_10,leaf:Windows_10|leaf:Windows_8_OTHER
6279,fam:Windows,fam:Windows,fam:Windows,maj:Windows_10,maj:Windows_10,maj:Windows_10|maj:Windows_8,leaf:Windows_10,leaf:Windows_10,leaf:Windows_10|leaf:Windows_8_1.0|leaf:Windows_8_OTHER
6282,fam:Windows,fam:Windows,fam:Windows,maj:Windows_10,maj:Windows_10,maj:Windows_10,leaf:Windows_10,leaf:Windows_10,leaf:Windows_10
6286,fam:Windows,fam:Windows,fam:Windows,maj:Windows_10,maj:Windows_10,maj:Windows_10,leaf:Windows_10,leaf:Windows_10,leaf:Windows_10
6288,fam:Windows,fam:Windows,fam:Windows,maj:Windows_10,maj:Windows_10,maj:Windows_10,leaf:Windows_10,leaf:Windows_10,leaf:Windows_10
6290,fam:Windows,fam:Windows,fam:Android|fam:Windows,maj:Windows_10,maj:Windows_10,maj:Android_8|maj:Windows_10,leaf:Windows_10,leaf:Windows_10,leaf:Android_8_1.0|leaf:Windows_10
6291,fam:Windows,fam:Windows,fam:Windows,maj:Windows_10,maj:Windows_10,maj:Windows_10|maj:Windows_8,leaf:Windows_10,leaf:Windows_10,leaf:Windows_10|leaf:Windows_8_OTHER
6293,fam:Windows,fam:Windows,fam:Windows,maj:Windows_10,maj:Windows_10,maj:Windows_10,leaf:Windows_10,leaf:Windows_10,leaf:Windows_10
6294,fam:Windows,fam:Windows,fam:Windows,maj:Windows_10,maj:Windows_10,maj:Windows_10,leaf:Windows_10,leaf:Windows_10,leaf:Windows_10
6295,fam:Windows,fam:Windows,fam:Windows,maj:Windows_10,maj:Windows_10,maj:Windows_10,leaf:Windows_10,leaf:Windows_10,leaf:Windows_10
6297,fam:Windows,fam:Windows,fam:Windows,maj:Windows_10,maj:Windows_10,maj:Windows_10,leaf:Windows_10,leaf:Windows_10,leaf:Windows_10
6303,fam:Windows,fam:Windows,fam:Windows,maj:Windows_10,maj:Windows_10,maj:Windows_10|maj:Windows_7|maj:Windows_8,leaf:Windows_10,leaf:Windows_10,leaf:Windows_10|leaf:Windows_7|leaf:Windows_8_1.0
6306,fam:Windows,fam:Windows,fam:Windows,maj:Windows_10,maj:Windows_10,maj:Windows_10,leaf:Windows_10,leaf:Windows_10,leaf:Windows_10
6310,fam:Windows,fam:Windows,fam:Windows,maj:Windows_10,maj:Windows_10,maj:Windows_10,leaf:Windows_10,leaf:Windows_10,leaf:Windows_10
6311,fam:Windows,fam:Windows,fam:Windows,maj:Windows_10,maj:Windows_10,maj:Windows_10,leaf:Windows_10,leaf:Windows_10,leaf:Windows_10
6316,fam:Windows,fam:Windows,fam:Windows,maj:Windows_10,maj:Windows_10,maj:Windows_10,leaf:Windows_10,leaf:Windows_10,leaf:Windows_10
6318,fam:Windows,fam:Windows,fam:Windows,maj:Windows_10,maj:Windows_10,maj:Windows_10,leaf:Windows_10,leaf:Windows_10,leaf:Windows_10
6319,fam:Windows,fam:Windows,fam:Windows,maj:Windows_10,maj:Windows_10,maj:Windows_10,leaf:Windows_10,leaf:Windows_10,leaf:Windows_10
6320,fam:Windows,fam:Windows,fam:Windows,maj:Windows_10,maj:Windows_10,maj:Windows_10,leaf:Windows_10,leaf:Windows_10,leaf:Windows_10
6321,fam:Windows,fam:Windows,fam:Windows,maj:Windows_10,maj:Windows_10,maj:Windows_10,leaf:Windows_10,leaf:Windows_10,leaf:Windows_10
6323,fam:Windows,fam:Windows,fam:Windows,maj:Windows_10,maj:Windows_10,maj:Windows_10,leaf:Windows_10,leaf:Windows_10,leaf:Windows_10
6324,fam:Windows,fam:Windows,fam:Windows,maj:Windows_10,maj:Windows_10,maj:Windows_10,leaf:Windows_10,leaf:Windows_10,leaf:Windows_10
6326,fam:Windows,fam:Windows,fam:Linux|fam:Windows|fam:macOS,maj:Windows_10,maj:Windows_10,maj:Linux_OTHER|maj:Windows_10|maj:Windows_7|maj:Windows_8|maj:Windows_XP|maj:macOS_10,leaf:Windows_10,leaf:Windows_10,leaf:Linux_OTHER|leaf:Windows_10|leaf:Windows_7|leaf:Windows_8_1.0|leaf:Windows_8_OTHER|leaf:Windows_XP|leaf:macOS_10_10.0|leaf:macOS_10_13.0|leaf:macOS_10_8.0
6327,fam:Windows,fam:Windows,fam:Windows,maj:Windows_10,maj:Windows_10,maj:Windows_10,leaf:Windows_10,leaf:Windows_10,leaf:Windows_10
6328,fam:Windows,fam:Windows,fam:Windows,maj:Windows_10,maj:Windows_7,maj:Windows_10|maj:Windows_7|maj:Windows_8,leaf:Windows_10,leaf:Windows_7,leaf:Windows_10|leaf:Windows_7|leaf:Windows_8_1.0|leaf:Windows_8_OTHER
6335,fam:Windows,fam:Windows,fam:Windows,maj:Windows_10,maj:Windows_10,maj:Windows_10,leaf:Windows_10,leaf:Windows_10,leaf:Windows_10
6336,fam:Windows,fam:Windows,fam:Windows,maj:Windows_10,maj:Windows_10,maj:Windows_10,leaf:Windows_10,leaf:Windows_10,leaf:Windows_10
6341,fam:Windows,fam:Windows,fam:Windows|fam:macOS,maj:Windows_10,maj:Windows_10,maj:Windows_10|maj:macOS_10,leaf:Windows_10,leaf:Windows_10,leaf:Windows_10|leaf:macOS_10_12.0
6342,fam:Windows,fam:Windows,fam:Windows,maj:Windows_10,maj:Windows_10,maj:Windows_10,leaf:Windows_10,leaf:Windows_10,leaf:Windows_10
6347,fam:Windows,fam:Windows,fam:Windows,maj:Windows_10,maj:Windows_10,maj:Windows_10,leaf:Windows_10,leaf:Windows_10,leaf:Windows_10
6349,fam:Windows,fam:Windows,fam:Windows,maj:Windows_10,maj:Windows_10,maj:Windows_10,leaf:Windows_10,leaf:Windows_10,leaf:Windows_10
6351,fam:Windows,fam:Windows,fam:Windows,maj:Windows_10,maj:Windows_10,maj:Windows_10,leaf:Windows_10,leaf:Windows_10,leaf:Windows_10
6352,fam:Windows,fam:iOS,fam:Android|fam:Linux|fam:Windows|fam:iOS|fam:macOS,maj:Windows_10,maj:Android_10,maj:Android_10|maj:Android_8|maj:Android_9|maj:Linux_OTHER|maj:Windows_10|maj:iOS_13|maj:iOS_14|maj:macOS_10,leaf:Windows_10,leaf:Windows_10,leaf:Android_10|leaf:Android_8_0.0|leaf:Android_8_1.0|leaf:Android_9|leaf:Linux_OTHER|leaf:Windows_10|leaf:iOS_13_1.0|leaf:iOS_13_3.0|leaf:iOS_13_4.0|leaf:iOS_13_5.0|leaf:iOS_14_0.0|leaf:macOS_10_10.0|leaf:macOS_10_11.0|leaf:macOS_10_12.0|leaf:macOS_10_13.0|leaf:macOS_10_14.0|leaf:macOS_10_15.0
6363,fam:Windows,fam:macOS,fam:Windows|fam:macOS,maj:Windows_10,maj:Windows_8,maj:Windows_10|maj:Windows_7|maj:Windows_8|maj:Windows_Vista|maj:Windows_XP|maj:macOS_10,leaf:Windows_10,leaf:macOS_10_10.0,leaf:Windows_10|leaf:Windows_7|leaf:Windows_8_1.0|leaf:Windows_8_OTHER|leaf:Windows_Vista|leaf:Windows_XP|leaf:macOS_10_10.0|leaf:macOS_10_11.0|leaf:macOS_10_13.0|leaf:macOS_10_8.0|leaf:macOS_10_9.0
6365,fam:Windows,fam:Windows,fam:Windows,maj:Windows_10,maj:Windows_10,maj:Windows_10,leaf:Windows_10,leaf:Windows_10,leaf:Windows_10
6366,fam:Windows,fam:Windows,fam:Windows,maj:Windows_10,maj:Windows_8,maj:Windows_10|maj:Windows_7|maj:Windows_8,leaf:Windows_10,leaf:Windows_8_1.0,leaf:Windows_10|leaf:Windows_7|leaf:Windows_8_1.0|leaf:Windows_8_OTHER
6367,fam:Windows,fam:Windows,fam:Windows,maj:Windows_10,maj:Windows_10,maj:Windows_10|maj:Windows_8,leaf:Windows_10,leaf:Windows_10,leaf:Windows_10|leaf:Windows_8_OTHER
6371,fam:Windows,fam:Windows,fam:Windows,maj:Windows_10,maj:Windows_10,maj:Windows_10,leaf:Windows_10,leaf:Windows_10,leaf:Windows_10
6376,fam:Windows,fam:Windows,fam:Windows,maj:Windows_10,maj:Windows_10,maj:Windows_10,leaf:Windows_10,leaf:Windows_10,leaf:Windows_10
6377,fam:Windows,fam:Windows,fam:Windows,maj:Windows_10,maj:Windows_10,maj:Windows_10,leaf:Windows_10,leaf:Windows_10,leaf:Windows_10
6379,fam:Windows,fam:Windows,fam:Android|fam:Linux|fam:Windows|fam:macOS,maj:Windows_10,maj:Linux_OTHER,maj:Android_4|maj:Android_7|maj:Android_8|maj:Android_9|maj:Linux_OTHER|maj:Linux_Ubuntu|maj:Windows_10|maj:Windows_7|maj:macOS_10,leaf:Windows_10,leaf:Windows_10,leaf:Android_4_0.0|leaf:Android_4_4.0|leaf:Android_7_1.0|leaf:Android_8_0.0|leaf:Android_8_1.0|leaf:Android_9|leaf:Linux_OTHER|leaf:Linux_Ubuntu|leaf:Windows_10|leaf:Windows_7|leaf:macOS_10_11.0
6380,fam:Windows,fam:Windows,fam:Windows,maj:Windows_10,maj:Windows_10,maj:Windows_10,leaf:Windows_10,leaf:Windows_10,leaf:Windows_10
6382,fam:Windows,fam:Windows,fam:Windows|fam:macOS,maj:Windows_10,maj:Windows_10,maj:Windows_10|maj:Windows_7|maj:macOS_10,leaf:Windows_10,leaf:Windows_10,leaf:Windows_10|leaf:Windows_7|leaf:macOS_10_12.0
6383,fam:Windows,fam:Windows,fam:Windows,maj:Windows_10,maj:Windows_10,maj:Windows_10|maj:Windows_8,leaf:Windows_10,leaf:Windows_10,leaf:Windows_10|leaf:Windows_8_OTHER
6385,fam:Windows,fam:Windows,fam:Windows,maj:Windows_10,maj:Windows_10,maj:Windows_10,leaf:Windows_10,leaf:Windows_10,leaf:Windows_10
6392,fam:Windows,fam:Windows,fam:Windows,maj:Windows_10,maj:Windows_10,maj:Windows_10,leaf:Windows_10,leaf:Windows_10,leaf:Windows_10
6393,fam:Windows,fam:Windows,fam:Windows,maj:Windows_10,maj:Windows_10,maj:Windows_10,leaf:Windows_10,leaf:Windows_10,leaf:Windows_10
6394,fam:Windows,fam:Windows,fam:Android|fam:Windows,maj:Windows_10,maj:Windows_10,maj:Android_10|maj:Android_5|maj:Android_7|maj:Android_8|maj:Android_9|maj:Windows_10,leaf:Windows_10,leaf:Windows_10,leaf:Android_10|leaf:Android_5_1.0|leaf:Android_7_0.0|leaf:Android_7_1.0|leaf:Android_8_0.0|leaf:Android_8_1.0|leaf:Android_9|leaf:Windows_10
6396,fam:Windows,fam:Windows,fam:Windows,maj:Windows_10,maj:Windows_10,maj:Windows_10,leaf:Windows_10,leaf:Windows_10,leaf:Windows_10
6398,fam:Windows,fam:Windows,fam:Windows,maj:Windows_10,maj:Windows_10,maj:Windows_10,leaf:Windows_10,leaf:Windows_10,leaf:Windows_10
6401,fam:Windows,fam:Windows,fam:Windows,maj:Windows_10,maj:Windows_10,maj:Windows_10,leaf:Windows_10,leaf:Windows_10,leaf:Windows_10
6403,fam:Windows,fam:Windows,fam:Windows,maj:Windows_10,maj:Windows_10,maj:Windows_10,leaf:Windows_10,leaf:Windows_10,leaf:Windows_10
6405,fam:Windows,fam:Windows,fam:Windows,maj:Windows_10,maj:Windows_10,maj:Windows_10,leaf:Windows_10,leaf:Windows_10,leaf:Windows_10
6407,fam:Windows,fam:Windows,fam:Windows,maj:Windows_10,maj:Windows_10,maj:Windows_10,leaf:Windows_10,leaf:Windows_10,leaf:Windows_10
6410,fam:Windows,fam:Windows,fam:Windows,maj:Windows_10,maj:Windows_10,maj:Windows_10,leaf:Windows_10,leaf:Windows_10,leaf:Windows_10
6411,fam:Windows,fam:Windows,fam:Windows|fam:macOS,maj:Windows_10,maj:Windows_10,maj:Windows_10|maj:macOS_10,leaf:Windows_10,leaf:Windows_10,leaf:Windows_10|leaf:macOS_10_12.0
6416,fam:Windows,fam:Windows,fam:Windows,maj:Windows_10,maj:Windows_10,maj:Windows_10,leaf:Windows_10,leaf:Windows_10,leaf:Windows_10
6417,fam:Windows,fam:Windows,fam:Windows,maj:Windows_10,maj:Windows_10,maj:Windows_10,leaf:Windows_10,leaf:Windows_10,leaf:Windows_10
6420,fam:Windows,fam:Windows,fam:Windows,maj:Windows_10,maj:Windows_10,maj:Windows_10,leaf:Windows_10,leaf:Windows_10,leaf:Windows_10
6423,fam:Windows,fam:Windows,fam:Windows,maj:Windows_10,maj:Windows_10,maj:Windows_10,leaf:Windows_10,leaf:Windows_10,leaf:Windows_10
6424,fam:Windows,fam:Windows,fam:Windows,maj:Windows_10,maj:Windows_8,maj:Windows_10|maj:Windows_7|maj:Windows_8,leaf:Windows_10,leaf:Windows_8_1.0,leaf:Windows_10|leaf:Windows_7|leaf:Windows_8_1.0|leaf:Windows_8_OTHER
6426,fam:Windows,fam:Windows,fam:Windows,maj:Windows_10,maj:Windows_10,maj:Windows_10|maj:Windows_8,leaf:Windows_10,leaf:Windows_10,leaf:Windows_10|leaf:Windows_8_1.0
6427,fam:Windows,fam:Windows,fam:Windows,maj:Windows_10,maj:Windows_10,maj:Windows_10|maj:Windows_8,leaf:Windows_10,leaf:Windows_10,leaf:Windows_10|leaf:Windows_8_OTHER
6430,fam:Windows,fam:Windows,fam:Windows,maj:Windows_10,maj:Windows_10,maj:Windows_10,leaf:Windows_10,leaf:Windows_10,leaf:Windows_10
6431,fam:Windows,fam:Windows,fam:Android|fam:Windows,maj:Windows_10,maj:Windows_10,maj:Android_7|maj:Windows_10|maj:Windows_7,leaf:Windows_10,leaf:Windows_10,leaf:Android_7_1.0|leaf:Windows_10|leaf:Windows_7
6432,fam:Windows,fam:Windows,fam:Windows,maj:Windows_10,maj:Windows_10,maj:Windows_10,leaf:Windows_10,leaf:Windows_10,leaf:Windows_10
6433,fam:Windows,fam:Windows,fam:Windows,maj:Windows_10,maj:Windows_10,maj:Windows_10,leaf:Windows_10,leaf:Windows_10,leaf:Windows_10
6435,fam:Windows,fam:Windows,fam:Windows,maj:Windows_10,maj:Windows_10,maj:Windows_10,leaf:Windows_10,leaf:Windows_10,leaf:Windows_10
6438,fam:Windows,fam:Windows,fam:Windows,maj:Windows_10,maj:Windows_7,maj:Windows_7,leaf:Windows_10,leaf:Windows_7,leaf:Windows_7
6440,fam:Windows,fam:Windows,fam:Windows,maj:Windows_10,maj:Windows_10,maj:Windows_10,leaf:Windows_10,leaf:Windows_10,leaf:Windows_10
6441,fam:Windows,fam:Windows,fam:Windows,maj:Windows_10,maj:Windows_10,maj:Windows_10|maj:Windows_8,leaf:Windows_10,leaf:Windows_8_1.0,leaf:Windows_10|leaf:Windows_8_1.0
6444,fam:Windows,fam:Windows,fam:Windows|fam:macOS,maj:Windows_10,maj:Windows_10,maj:Windows_10|maj:Windows_7|maj:Windows_8|maj:macOS_10,leaf:Windows_10,leaf:Windows_7,leaf:Windows_10|leaf:Windows_7|leaf:Windows_8_1.0|leaf:Windows_8_OTHER|leaf:macOS_10_12.0|leaf:macOS_10_13.0|leaf:macOS_10_15.0
6450,fam:Windows,fam:Windows,fam:Windows,maj:Windows_10,maj:Windows_10,maj:Windows_10,leaf:Windows_10,leaf:Windows_10,leaf:Windows_10
6451,fam:Windows,fam:Windows,fam:Windows,maj:Windows_10,maj:Windows_10,maj:Windows_10,leaf:Windows_10,leaf:Windows_10,leaf:Windows_10
6454,fam:Windows,fam:Windows,fam:Windows,maj:Windows_10,maj:Windows_10,maj:Windows_10,leaf:Windows_10,leaf:Windows_10,leaf:Windows_10
6455,fam:Windows,fam:Windows,fam:Windows,maj:Windows_10,maj:Windows_10,maj:Windows_10,leaf:Windows_10,leaf:Windows_10,leaf:Windows_10
6456,fam:Windows,fam:Windows,fam:Windows,maj:Windows_10,maj:Windows_10,maj:Windows_10,leaf:Windows_10,leaf:Windows_10,leaf:Windows_10
6457,fam:Windows,fam:Windows,fam:Windows,maj:Windows_10,maj:Windows_10,maj:Windows_10,leaf:Windows_10,leaf:Windows_10,leaf:Windows_10
6458,fam:Windows,fam:Windows,fam:Windows,maj:Windows_10,maj:Windows_10,maj:Windows_10,leaf:Windows_10,leaf:Windows_10,leaf:Windows_10
6461,fam:Windows,fam:Windows,fam:Windows,maj:Windows_10,maj:Windows_10,maj:Windows_10,leaf:Windows_10,leaf:Windows_10,leaf:Windows_10
6462,fam:Windows,fam:Windows,fam:Windows,maj:Windows_10,maj:Windows_7,maj:Windows_10|maj:Windows_7,leaf:Windows_10,leaf:Windows_10,leaf:Windows_10|leaf:Windows_7
6463,fam:Windows,fam:Windows,fam:Windows,maj:Windows_10,maj:Windows_10,maj:Windows_10,leaf:Windows_10,leaf:Windows_10,leaf:Windows_10
6464,fam:Windows,fam:Windows,fam:Windows,maj:Windows_10,maj:Windows_10,maj:Windows_10,leaf:Windows_10,leaf:Windows_10,leaf:Windows_10
6470,fam:Windows,fam:Windows,fam:Windows,maj:Windows_10,maj:Windows_10,maj:Windows_10,leaf:Windows_10,leaf:Windows_10,leaf:Windows_10
6475,fam:Windows,fam:Windows,fam:Windows,maj:Windows_10,maj:Windows_10,maj:Windows_10,leaf:Windows_10,leaf:Windows_10,leaf:Windows_10
6476,fam:Windows,fam:Windows,fam:Windows,maj:Windows_10,maj:Windows_10,maj:Windows_10,leaf:Windows_10,leaf:Windows_10,leaf:Windows_10
6477,fam:Windows,fam:Windows,fam:Windows,maj:Windows_10,maj:Windows_10,maj:Windows_10,leaf:Windows_10,leaf:Windows_10,leaf:Windows_10
6478,fam:Windows,fam:Windows,fam:Windows,maj:Windows_10,maj:Windows_10,maj:Windows_10|maj:Windows_8,leaf:Windows_10,leaf:Windows_10,leaf:Windows_10|leaf:Windows_8_1.0
6485,fam:Windows,fam:Windows,fam:Windows,maj:Windows_10,maj:Windows_10,maj:Windows_10|maj:Windows_8,leaf:Windows_10,leaf:Windows_10,leaf:Windows_10|leaf:Windows_8_OTHER
6487,fam:Windows,fam:Windows,fam:Windows,maj:Windows_10,maj:Windows_10,maj:Windows_10,leaf:Windows_10,leaf:Windows_10,leaf:Windows_10
6488,fam:Windows,fam:Windows,fam:Linux|fam:Windows,maj:Windows_10,maj:Windows_10,maj:Linux_OTHER|maj:Windows_10,leaf:Windows_10,leaf:Windows_10,leaf:Linux_OTHER|leaf:Windows_10
6489,fam:Windows,fam:Windows,fam:Windows|fam:macOS,maj:Windows_10,maj:Windows_10,maj:Windows_10|maj:macOS_10,leaf:Windows_10,leaf:Windows_10,leaf:Windows_10|leaf:macOS_10_12.0
6491,fam:Windows,fam:Windows,fam:Windows,maj:Windows_10,maj:Windows_10,maj:Windows_10,leaf:Windows_10,leaf:Windows_10,leaf:Windows_10
6492,fam:Windows,fam:Windows,fam:Windows,maj:Windows_10,maj:Windows_10,maj:Windows_10,leaf:Windows_10,leaf:Windows_10,leaf:Windows_10
6495,fam:Windows,fam:Windows,fam:Android|fam:Linux|fam:Windows|fam:iOS|fam:macOS,maj:Windows_10,maj:Windows_10,maj:Android_4|maj:Android_7|maj:Android_8|maj:Android_9|maj:Linux_OTHER|maj:Linux_Ubuntu|maj:Windows_10|maj:Windows_7|maj:iOS_13|maj:macOS_10,leaf:Windows_10,leaf:Linux_OTHER,leaf:Android_4_0.0|leaf:Android_7_0.0|leaf:Android_7_1.0|leaf:Android_8_0.0|leaf:Android_8_1.0|leaf:Android_9|leaf:Linux_OTHER|leaf:Linux_Ubuntu|leaf:Windows_10|leaf:Windows_7|leaf:iOS_13_3.0|leaf:iOS_13_5.0|leaf:macOS_10_14.0|leaf:macOS_10_15.0
6497,fam:Windows,fam:Windows,fam:Windows,maj:Windows_10,maj:Windows_10,maj:Windows_10,leaf:Windows_10,leaf:Windows_10,leaf:Windows_10
6498,fam:Windows,fam:Windows,fam:Windows,maj:Windows_10,maj:Windows_10,maj:Windows_10,leaf:Windows_10,leaf:Windows_10,leaf:Windows_10
6500,fam:Windows,fam:Windows,fam:Windows,maj:Windows_10,maj:Windows_10,maj:Windows_10|maj:Windows_7|maj:Windows_8,leaf:Windows_10,leaf:Windows_7,leaf:Windows_10|leaf:Windows_7|leaf:Windows_8_1.0
6501,fam:Windows,fam:Windows,fam:Android|fam:Linux|fam:Windows|fam:macOS,maj:Windows_10,maj:Windows_10,maj:Android_6|maj:Android_7|maj:Linux_OTHER|maj:Windows_10|maj:macOS_10,leaf:Windows_10,leaf:Windows_10,leaf:Android_6_0.0|leaf:Android_7_0.0|leaf:Linux_OTHER|leaf:Windows_10|leaf:macOS_10_13.0
6503,fam:Windows,fam:Windows,fam:Windows,maj:Windows_10,maj:Windows_10,maj:Windows_10,leaf:Windows_10,leaf:Windows_10,leaf:Windows_10
6506,fam:Windows,fam:Windows,fam:Windows,maj:Windows_10,maj:Windows_10,maj:Windows_10,leaf:Windows_10,leaf:Windows_10,leaf:Windows_10
6507,fam:Windows,fam:Windows,fam:Windows,maj:Windows_10,maj:Windows_10,maj:Windows_10,leaf:Windows_10,leaf:Windows_10,leaf:Windows_10
6508,fam:Windows,fam:Windows,fam:Windows,maj:Windows_10,maj:Windows_10,maj:Windows_10,leaf:Windows_10,leaf:Windows_10,leaf:Windows_10
6509,fam:Windows,fam:Windows,fam:Windows,maj:Windows_10,maj:Windows_10,maj:Windows_10,leaf:Windows_10,leaf:Windows_10,leaf:Windows_10
6510,fam:Windows,fam:Windows,fam:Windows,maj:Windows_10,maj:Windows_10,maj:Windows_10,leaf:Windows_10,leaf:Windows_10,leaf:Windows_10
6514,fam:Windows,fam:Windows,fam:Windows,maj:Windows_10,maj:Windows_10,maj:Windows_10,leaf:Windows_10,leaf:Windows_10,leaf:Windows_10
6515,fam:Windows,fam:Windows,fam:Windows,maj:Windows_10,maj:Windows_10,maj:Windows_10,leaf:Windows_10,leaf:Windows_10,leaf:Windows_10
6516,fam:Windows,fam:Windows,fam:Windows,maj:Windows_10,maj:Windows_10,maj:Windows_10,leaf:Windows_10,leaf:Windows_10,leaf:Windows_10
6519,fam:Windows,fam:Windows,fam:Windows,maj:Windows_10,maj:Windows_10,maj:Windows_10|maj:Windows_8,leaf:Windows_10,leaf:Windows_10,leaf:Windows_10|leaf:Windows_8_OTHER
6522,fam:Windows,fam:Windows,fam:Windows,maj:Windows_10,maj:Windows_10,maj:Windows_10|maj:Windows_8,leaf:Windows_10,leaf:Windows_10,leaf:Windows_10|leaf:Windows_8_OTHER
6523,fam:Windows,fam:Windows,fam:Windows,maj:Windows_10,maj:Windows_10,maj:Windows_10|maj:Windows_7,leaf:Windows_10,leaf:Windows_10,leaf:Windows_10|leaf:Windows_7
6525,fam:Windows,fam:Windows,fam:Windows,maj:Windows_10,maj:Windows_10,maj:Windows_10,leaf:Windows_10,leaf:Windows_10,leaf:Windows_10
6526,fam:Windows,fam:Windows,fam:Windows,maj:Windows_10,maj:Windows_10,maj:Windows_10|maj:Windows_8,leaf:Windows_10,leaf:Windows_10,leaf:Windows_10|leaf:Windows_8_OTHER
6528,fam:Windows,fam:Windows,fam:Windows,maj:Windows_10,maj:Windows_10,maj:Windows_10,leaf:Windows_10,leaf:Windows_10,leaf:Windows_10
6532,fam:Windows,fam:Windows,fam:Windows,maj:Windows_10,maj:Windows_10,maj:Windows_10,leaf:Windows_10,leaf:Windows_10,leaf:Windows_10
6533,fam:Windows,fam:Windows,fam:Windows,maj:Windows_10,maj:Windows_10,maj:Windows_10,leaf:Windows_10,leaf:Windows_10,leaf:Windows_10
6538,fam:Windows,fam:Windows,fam:Windows,maj:Windows_10,maj:Windows_10,maj:Windows_10,leaf:Windows_10,leaf:Windows_10,leaf:Windows_10
6540,fam:Windows,fam:Windows,fam:Windows,maj:Windows_10,maj:Windows_10,maj:Windows_10,leaf:Windows_10,leaf:Windows_10,leaf:Windows_10
6541,fam:Windows,fam:Windows,fam:Windows,maj:Windows_10,maj:Windows_10,maj:Windows_10,leaf:Windows_10,leaf:Windows_10,leaf:Windows_10
6542,fam:Windows,fam:Windows,fam:Windows,maj:Windows_10,maj:Windows_10,maj:Windows_10,leaf:Windows_10,leaf:Windows_10,leaf:Windows_10
6543,fam:Windows,fam:Windows,fam:Windows,maj:Windows_10,maj:Windows_10,maj:Windows_10|maj:Windows_7,leaf:Windows_10,leaf:Windows_10,leaf:Windows_10|leaf:Windows_7
6544,fam:Windows,fam:Windows,fam:Windows,maj:Windows_10,maj:Windows_8,maj:Windows_10|maj:Windows_7|maj:Windows_8,leaf:Windows_10,leaf:Windows_8_1.0,leaf:Windows_10|leaf:Windows_7|leaf:Windows_8_1.0|leaf:Windows_8_OTHER
6545,fam:Windows,fam:Windows,fam:Windows,maj:Windows_10,maj:Windows_10,maj:Windows_10,leaf:Windows_10,leaf:Windows_10,leaf:Windows_10
6547,fam:Windows,fam:Windows,fam:Windows,maj:Windows_10,maj:Windows_10,maj:Windows_10,leaf:Windows_10,leaf:Windows_10,leaf:Windows_10
6550,fam:Windows,fam:Windows,fam:Windows,maj:Windows_10,maj:Windows_10,maj:Windows_10,leaf:Windows_10,leaf:Windows_10,leaf:Windows_10
6553,fam:Windows,fam:Windows,fam:Android|fam:Windows,maj:Windows_10,maj:Windows_10,maj:Android_10|maj:Android_5|maj:Android_6|maj:Android_7|maj:Android_8|maj:Android_9|maj:Windows_10,leaf:Windows_10,leaf:Android_8_0.0,leaf:Android_10|leaf:Android_5_1.0|leaf:Android_6_0.0|leaf:Android_7_0.0|leaf:Android_7_1.0|leaf:Android_8_0.0|leaf:Android_8_1.0|leaf:Android_9|leaf:Windows_10
6554,fam:Windows,fam:Windows,fam:Windows,maj:Windows_10,maj:Windows_10,maj:Windows_10,leaf:Windows_10,leaf:Windows_10,leaf:Windows_10
6555,fam:Windows,fam:Windows,fam:Windows,maj:Windows_10,maj:Windows_10,maj:Windows_10,leaf:Windows_10,leaf:Windows_10,leaf:Windows_10
6557,fam:Windows,fam:Windows,fam:Windows,maj:Windows_10,maj:Windows_10,maj:Windows_10|maj:Windows_8,leaf:Windows_10,leaf:Windows_10,leaf:Windows_10|leaf:Windows_8_OTHER
6559,fam:Windows,fam:Windows,fam:Windows,maj:Windows_10,maj:Windows_10,maj:Windows_10|maj:Windows_8,leaf:Windows_10,leaf:Windows_10,leaf:Windows_10|leaf:Windows_8_OTHER
6560,fam:Windows,fam:Windows,fam:Windows,maj:Windows_10,maj:Windows_10,maj:Windows_10|maj:Windows_7,leaf:Windows_10,leaf:Windows_10,leaf:Windows_10|leaf:Windows_7
6561,fam:Windows,fam:Windows,fam:Android|fam:Windows,maj:Windows_10,maj:Windows_10,maj:Android_10|maj:Android_8|maj:Android_9|maj:Windows_10,leaf:Windows_10,leaf:Windows_10,leaf:Android_10|leaf:Android_8_0.0|leaf:Android_8_1.0|leaf:Android_9|leaf:Windows_10
6562,fam:Windows,fam:Windows,fam:Windows,maj:Windows_10,maj:Windows_10,maj:Windows_10,leaf:Windows_10,leaf:Windows_10,leaf:Windows_10
6563,fam:Windows,fam:Windows,fam:Windows,maj:Windows_10,maj:Windows_10,maj:Windows_10,leaf:Windows_10,leaf:Windows_10,leaf:Windows_10
6564,fam:Windows,fam:Windows,fam:Windows,maj:Windows_10,maj:Windows_10,maj:Windows_10,leaf:Windows_10,leaf:Windows_10,leaf:Windows_10
6565,fam:Windows,fam:Windows,fam:Android|fam:Linux|fam:Windows|fam:macOS,maj:Windows_10,maj:Windows_10,maj:Android_6|maj:Linux_OTHER|maj:Windows_10|maj:Windows_7|maj:Windows_8|maj:macOS_10,leaf:Windows_10,leaf:Windows_10,leaf:Android_6_0.0|leaf:Linux_OTHER|leaf:Windows_10|leaf:Windows_7|leaf:Windows_8_OTHER|leaf:macOS_10_10.0|leaf:macOS_10_13.0
6566,fam:Windows,fam:Windows,fam:Windows,maj:Windows_10,maj:Windows_10,maj:Windows_10,leaf:Windows_10,leaf:Windows_10,leaf:Windows_10
6567,fam:Windows,fam:Windows,fam:Windows,maj:Windows_10,maj:Windows_10,maj:Windows_10,leaf:Windows_10,leaf:Windows_10,leaf:Windows_10
6568,fam:Windows,fam:Windows,fam:Windows,maj:Windows_10,maj:Windows_10,maj:Windows_10,leaf:Windows_10,leaf:Windows_10,leaf:Windows_10
6569,fam:Windows,fam:Windows,fam:Windows,maj:Windows_10,maj:Windows_10,maj:Windows_10,leaf:Windows_10,leaf:Windows_10,leaf:Windows_10
6570,fam:Windows,fam:Windows,fam:Windows,maj:Windows_10,maj:Windows_10,maj:Windows_10,leaf:Windows_10,leaf:Windows_10,leaf:Windows_10
6571,fam:Windows,fam:Windows,fam:Windows,maj:Windows_10,maj:Windows_10,maj:Windows_10|maj:Windows_Vista,leaf:Windows_10,leaf:Windows_10,leaf:Windows_10|leaf:Windows_Vista
6572,fam:Windows,fam:Windows,fam:Windows,maj:Windows_10,maj:Windows_10,maj:Windows_10,leaf:Windows_10,leaf:Windows_10,leaf:Windows_10
6576,fam:Windows,fam:Windows,fam:Windows,maj:Windows_10,maj:Windows_10,maj:Windows_10,leaf:Windows_10,leaf:Windows_10,leaf:Windows_10
6577,fam:Windows,fam:Windows,fam:Windows,maj:Windows_10,maj:Windows_10,maj:Windows_10,leaf:Windows_10,leaf:Windows_10,leaf:Windows_10
6578,fam:Windows,fam:Windows,fam:Windows,maj:Windows_10,maj:Windows_10,maj:Windows_10,leaf:Windows_10,leaf:Windows_10,leaf:Windows_10
6580,fam:Windows,fam:Windows,fam:Windows,maj:Windows_10,maj:Windows_10,maj:Windows_10,leaf:Windows_10,leaf:Windows_10,leaf:Windows_10
6581,fam:Windows,fam:Windows,fam:Windows,maj:Windows_10,maj:Windows_10,maj:Windows_10,leaf:Windows_10,leaf:Windows_10,leaf:Windows_10
6582,fam:Windows,fam:Windows,fam:Windows,maj:Windows_10,maj:Windows_10,maj:Windows_10|maj:Windows_7|maj:Windows_8,leaf:Windows_10,leaf:Windows_10,leaf:Windows_10|leaf:Windows_7|leaf:Windows_8_1.0|leaf:Windows_8_OTHER
6583,fam:Windows,fam:Windows,fam:Linux|fam:Windows|fam:macOS,maj:Windows_10,maj:Windows_10,maj:Linux_OTHER|maj:Linux_Ubuntu|maj:Windows_10|maj:Windows_7|maj:macOS_10,leaf:Windows_10,leaf:macOS_10_15.0,leaf:Linux_OTHER|leaf:Linux_Ubuntu|leaf:Windows_10|leaf:Windows_7|leaf:macOS_10_14.0|leaf:macOS_10_15.0
6584,fam:Windows,fam:iOS,fam:iOS,maj:Windows_10,maj:iOS_10,maj:iOS_10,leaf:Windows_10,leaf:iOS_10_3.0,leaf:iOS_10_3.0
6587,fam:Windows,fam:Windows,fam:Windows,maj:Windows_10,maj:Windows_10,maj:Windows_10,leaf:Windows_10,leaf:Windows_10,leaf:Windows_10
6589,fam:Windows,fam:Windows,fam:Windows,maj:Windows_10,maj:Windows_10,maj:Windows_10,leaf:Windows_10,leaf:Windows_10,leaf:Windows_10
6590,fam:Windows,fam:Windows,fam:Windows,maj:Windows_10,maj:Windows_10,maj:Windows_10,leaf:Windows_10,leaf:Windows_10,leaf:Windows_10
6591,fam:Windows,fam:Windows,fam:Windows,maj:Windows_10,maj:Windows_10,maj:Windows_10,leaf:Windows_10,leaf:Windows_10,leaf:Windows_10
6592,fam:Windows,fam:Windows,fam:Windows,maj:Windows_10,maj:Windows_10,maj:Windows_10|maj:Windows_XP,leaf:Windows_10,leaf:Windows_10,leaf:Windows_10|leaf:Windows_XP
6594,fam:Windows,fam:Windows,fam:Windows,maj:Windows_10,maj:Windows_10,maj:Windows_10,leaf:Windows_10,leaf:Windows_10,leaf:Windows_10
6596,fam:Windows,fam:Windows,fam:Windows,maj:Windows_10,maj:Windows_10,maj:Windows_10,leaf:Windows_10,leaf:Windows_10,leaf:Windows_10
6597,fam:Windows,fam:Windows,fam:Android|fam:Windows,maj:Windows_10,maj:Windows_10,maj:Android_OTHER|maj:Windows_10|maj:Windows_8,leaf:Windows_10,leaf:Windows_10,leaf:Android_OTHER|leaf:Windows_10|leaf:Windows_8_1.0
6598,fam:Windows,fam:Windows,fam:Windows,maj:Windows_10,maj:Windows_10,maj:Windows_10|maj:Windows_7|maj:Windows_8,leaf:Windows_10,leaf:Windows_8_1.0,leaf:Windows_10|leaf:Windows_7|leaf:Windows_8_1.0|leaf:Windows_8_OTHER
6599,fam:Windows,fam:Windows,fam:Windows,maj:Windows_10,maj:Windows_10,maj:Windows_10,leaf:Windows_10,leaf:Windows_10,leaf:Windows_10
6601,fam:Windows,fam:Windows,fam:Windows,maj:Windows_10,maj:Windows_10,maj:Windows_10,leaf:Windows_10,leaf:Windows_10,leaf:Windows_10
6603,fam:Windows,fam:Windows,fam:Windows,maj:Windows_10,maj:Windows_10,maj:Windows_10,leaf:Windows_10,leaf:Windows_10,leaf:Windows_10
6606,fam:Windows,fam:Windows,fam:Windows,maj:Windows_10,maj:Windows_10,maj:Windows_10,leaf:Windows_10,leaf:Windows_10,leaf:Windows_10
6607,fam:Windows,fam:Android,fam:Android,maj:Windows_10,maj:Android_4,maj:Android_4,leaf:Windows_10,leaf:Android_4_4.0,leaf:Android_4_4.0
6609,fam:Windows,fam:Windows,fam:Windows,maj:Windows_10,maj:Windows_10,maj:Windows_10,leaf:Windows_10,leaf:Windows_10,leaf:Windows_10
6610,fam:Windows,fam:Windows,fam:Windows,maj:Windows_10,maj:Windows_10,maj:Windows_10,leaf:Windows_10,leaf:Windows_10,leaf:Windows_10
6611,fam:Windows,fam:Windows,fam:Android|fam:Windows|fam:macOS,maj:Windows_10,maj:Windows_10,maj:Android_6|maj:Windows_10|maj:Windows_8|maj:Windows_XP|maj:macOS_10,leaf:Windows_10,leaf:Windows_10,leaf:Android_6_0.0|leaf:Windows_10|leaf:Windows_8_1.0|leaf:Windows_XP|leaf:macOS_10_15.0
6612,fam:Windows,fam:Windows,fam:Windows,maj:Windows_10,maj:Windows_10,maj:Windows_10,leaf:Windows_10,leaf:Windows_10,leaf:Windows_10
6615,fam:Windows,fam:Windows,fam:Windows,maj:Windows_10,maj:Windows_10,maj:Windows_10,leaf:Windows_10,leaf:Windows_10,leaf:Windows_10
6617,fam:Windows,fam:Windows,fam:Android|fam:Linux|fam:Windows,maj:Windows_10,maj:Android_8,maj:Android_10|maj:Android_5|maj:Android_6|maj:Android_7|maj:Android_8|maj:Android_9|maj:Linux_OTHER|maj:Windows_10,leaf:Windows_10,leaf:Android_8_0.0,leaf:Android_10|leaf:Android_5_1.0|leaf:Android_6_0.0|leaf:Android_7_0.0|leaf:Android_7_1.0|leaf:Android_8_0.0|leaf:Android_8_1.0|leaf:Android_9|leaf:Linux_OTHER|leaf:Windows_10
6625,fam:Windows,fam:Windows,fam:Windows,maj:Windows_10,maj:Windows_10,maj:Windows_10,leaf:Windows_10,leaf:Windows_10,leaf:Windows_10
6628,fam:Windows,fam:Windows,fam:Windows,maj:Windows_10,maj:Windows_10,maj:Windows_10|maj:Windows_7|maj:Windows_8,leaf:Windows_10,leaf:Windows_8_OTHER,leaf:Windows_10|leaf:Windows_7|leaf:Windows_8_1.0|leaf:Windows_8_OTHER
6630,fam:Windows,fam:Windows,fam:Linux|fam:Windows,maj:Windows_10,maj:Windows_10,maj:Linux_OTHER|maj:Windows_10|maj:Windows_7|maj:Windows_8,leaf:Windows_10,leaf:Windows_10,leaf:Linux_OTHER|leaf:Windows_10|leaf:Windows_7|leaf:Windows_8_1.0
6636,fam:Windows,fam:Windows,fam:Windows,maj:Windows_10,maj:Windows_7,maj:Windows_10|maj:Windows_7,leaf:Windows_10,leaf:Windows_10,leaf:Windows_10|leaf:Windows_7
6637,fam:Windows,fam:Windows,fam:Windows,maj:Windows_10,maj:Windows_10,maj:Windows_10,leaf:Windows_10,leaf:Windows_10,leaf:Windows_10
6638,fam:Windows,fam:Windows,fam:Windows|fam:macOS,maj:Windows_10,maj:Windows_10,maj:Windows_10|maj:macOS_10,leaf:Windows_10,leaf:Windows_10,leaf:Windows_10|leaf:macOS_10_12.0
6639,fam:Windows,fam:Windows,fam:Windows,maj:Windows_10,maj:Windows_10,maj:Windows_10,leaf:Windows_10,leaf:Windows_10,leaf:Windows_10
6641,fam:Windows,fam:Windows,fam:Windows,maj:Windows_10,maj:Windows_10,maj:Windows_10,leaf:Windows_10,leaf:Windows_10,leaf:Windows_10
6642,fam:Windows,fam:Windows,fam:Windows,maj:Windows_10,maj:Windows_10,maj:Windows_10,leaf:Windows_10,leaf:Windows_10,leaf:Windows_10
6644,fam:Windows,fam:Windows,fam:Windows,maj:Windows_10,maj:Windows_10,maj:Windows_10,leaf:Windows_10,leaf:Windows_10,leaf:Windows_10
6645,fam:Windows,fam:Windows,fam:Windows,maj:Windows_10,maj:Windows_10,maj:Windows_10,leaf:Windows_10,leaf:Windows_10,leaf:Windows_10
6646,fam:Windows,fam:Windows,fam:Windows,maj:Windows_10,maj:Windows_10,maj:Windows_10|maj:Windows_8|maj:Windows_XP,leaf:Windows_10,leaf:Windows_10,leaf:Windows_10|leaf:Windows_8_OTHER|leaf:Windows_XP
6648,fam:Windows,fam:Windows,fam:Windows,maj:Windows_10,maj:Windows_10,maj:Windows_10,leaf:Windows_10,leaf:Windows_10,leaf:Windows_10
6652,fam:Windows,fam:Windows,fam:Windows,maj:Windows_10,maj:Windows_10,maj:Windows_10,leaf:Windows_10,leaf:Windows_10,leaf:Windows_10
6653,fam:Windows,fam:Windows,fam:Android|fam:Linux|fam:Windows,maj:Windows_10,maj:Windows_10,maj:Android_6|maj:Linux_OTHER|maj:Windows_10|maj:Windows_7|maj:Windows_XP,leaf:Windows_10,leaf:Windows_XP,leaf:Android_6_0.0|leaf:Linux_OTHER|leaf:Windows_10|leaf:Windows_7|leaf:Windows_XP
6654,fam:Windows,fam:Windows,fam:Windows,maj:Windows_10,maj:Windows_10,maj:Windows_10,leaf:Windows_10,leaf:Windows_10,leaf:Windows_10
6655,fam:Windows,fam:Windows,fam:Windows,maj:Windows_10,maj:Windows_10,maj:Windows_10,leaf:Windows_10,leaf:Windows_10,leaf:Windows_10
6659,fam:Windows,fam:Windows,fam:Windows|fam:macOS,maj:Windows_10,maj:Windows_10,maj:Windows_10|maj:macOS_10,leaf:Windows_10,leaf:Windows_10,leaf:Windows_10|leaf:macOS_10_12.0
6660,fam:Windows,fam:Windows,fam:Windows,maj:Windows_10,maj:Windows_10,maj:Windows_10,leaf:Windows_10,leaf:Windows_10,leaf:Windows_10
6661,fam:Windows,fam:Windows,fam:Android|fam:Linux|fam:Windows|fam:macOS,maj:Windows_10,maj:Windows_10,maj:Android_4|maj:Android_7|maj:Android_8|maj:Android_9|maj:Linux_OTHER|maj:Linux_Ubuntu|maj:Windows_10|maj:Windows_7|maj:macOS_10,leaf:Windows_10,leaf:Linux_OTHER,leaf:Android_4_0.0|leaf:Android_7_0.0|leaf:Android_8_0.0|leaf:Android_8_1.0|leaf:Android_9|leaf:Linux_OTHER|leaf:Linux_Ubuntu|leaf:Windows_10|leaf:Windows_7|leaf:macOS_10_11.0|leaf:macOS_10_14.0
6662,fam:Windows,fam:Windows,fam:Windows,maj:Windows_10,maj:Windows_10,maj:Windows_10,leaf:Windows_10,leaf:Windows_10,leaf:Windows_10
6663,fam:Windows,fam:Windows,fam:Windows,maj:Windows_10,maj:Windows_10,maj:Windows_10,leaf:Windows_10,leaf:Windows_10,leaf:Windows_10
6667,fam:Windows,fam:Windows,fam:Windows,maj:Windows_10,maj:Windows_10,maj:Windows_10,leaf:Windows_10,leaf:Windows_10,leaf:Windows_10
6668,fam:Windows,fam:Windows,fam:Windows|fam:macOS,maj:Windows_10,maj:Windows_10,maj:Windows_10|maj:macOS_10,leaf:Windows_10,leaf:Windows_10,leaf:Windows_10|leaf:macOS_10_12.0|leaf:macOS_10_13.0
6671,fam:Windows,fam:Windows,fam:Windows,maj:Windows_10,maj:Windows_10,maj:Windows_10,leaf:Windows_10,leaf:Windows_10,leaf:Windows_10
6672,fam:Windows,fam:Windows,fam:Windows,maj:Windows_10,maj:Windows_10,maj:Windows_10|maj:Windows_8,leaf:Windows_10,leaf:Windows_10,leaf:Windows_10|leaf:Windows_8_OTHER
6673,fam:Windows,fam:Windows,fam:Windows,maj:Windows_10,maj:Windows_10,maj:Windows_10,leaf:Windows_10,leaf:Windows_10,leaf:Windows_10
6674,fam:Windows,fam:Windows,fam:Windows,maj:Windows_10,maj:Windows_10,maj:Windows_10,leaf:Windows_10,leaf:Windows_10,leaf:Windows_10
6676,fam:Windows,fam:Windows,fam:Windows,maj:Windows_10,maj:Windows_10,maj:Windows_10,leaf:Windows_10,leaf:Windows_10,leaf:Windows_10
6677,fam:Windows,fam:Windows,fam:Windows,maj:Windows_10,maj:Windows_10,maj:Windows_10,leaf:Windows_10,leaf:Windows_10,leaf:Windows_10
6678,fam:Windows,fam:Windows,fam:Windows,maj:Windows_10,maj:Windows_10,maj:Windows_10|maj:Windows_8,leaf:Windows_10,leaf:Windows_10,leaf:Windows_10|leaf:Windows_8_1.0
6681,fam:Windows,fam:Windows,fam:Windows,maj:Windows_10,maj:Windows_10,maj:Windows_10,leaf:Windows_10,leaf:Windows_10,leaf:Windows_10
6682,fam:Windows,fam:Windows,fam:Windows,maj:Windows_10,maj:Windows_10,maj:Windows_10,leaf:Windows_10,leaf:Windows_10,leaf:Windows_10
6684,fam:Windows,fam:Windows,fam:Windows,maj:Windows_10,maj:Windows_10,maj:Windows_10,leaf:Windows_10,leaf:Windows_10,leaf:Windows_10
6685,fam:Windows,fam:Windows,fam:Windows,maj:Windows_10,maj:Windows_10,maj:Windows_10,leaf:Windows_10,leaf:Windows_10,leaf:Windows_10
6686,fam:Windows,fam:Windows,fam:Linux|fam:Windows|fam:macOS,maj:Windows_10,maj:Windows_10,maj:Linux_OTHER|maj:Windows_10|maj:Windows_7|maj:Windows_8|maj:Windows_XP|maj:macOS_10,leaf:Windows_10,leaf:Windows_10,leaf:Linux_OTHER|leaf:Windows_10|leaf:Windows_7|leaf:Windows_8_1.0|leaf:Windows_8_OTHER|leaf:Windows_XP|leaf:macOS_10_10.0|leaf:macOS_10_11.0|leaf:macOS_10_13.0|leaf:macOS_10_8.0|leaf:macOS_10_9.0
6687,fam:Windows,fam:Windows,fam:Windows,maj:Windows_10,maj:Windows_10,maj:Windows_10,leaf:Windows_10,leaf:Windows_10,leaf:Windows_10
6688,fam:Windows,fam:Windows,fam:Windows,maj:Windows_10,maj:Windows_10,maj:Windows_10|maj:Windows_8,leaf:Windows_10,leaf:Windows_10,leaf:Windows_10|leaf:Windows_8_OTHER
6689,fam:Windows,fam:Windows,fam:Windows,maj:Windows_10,maj:Windows_10,maj:Windows_10,leaf:Windows_10,leaf:Windows_10,leaf:Windows_10
6690,fam:Windows,fam:Windows,fam:Windows,maj:Windows_10,maj:Windows_10,maj:Windows_10,leaf:Windows_10,leaf:Windows_10,leaf:Windows_10
6691,fam:Windows,fam:Windows,fam:Windows,maj:Windows_10,maj:Windows_10,maj:Windows_10,leaf:Windows_10,leaf:Windows_10,leaf:Windows_10
6695,fam:Windows,fam:Windows,fam:Windows,maj:Windows_10,maj:Windows_10,maj:Windows_10,leaf:Windows_10,leaf:Windows_10,leaf:Windows_10
6699,fam:Windows,fam:Windows,fam:Windows,maj:Windows_10,maj:Windows_10,maj:Windows_10,leaf:Windows_10,leaf:Windows_10,leaf:Windows_10
6702,fam:Windows,fam:Windows,fam:Windows,maj:Windows_10,maj:Windows_10,maj:Windows_10,leaf:Windows_10,leaf:Windows_10,leaf:Windows_10
6704,fam:Windows,fam:Windows,fam:Windows,maj:Windows_10,maj:Windows_10,maj:Windows_10,leaf:Windows_10,leaf:Windows_10,leaf:Windows_10
6705,fam:Windows,fam:Windows,fam:Windows,maj:Windows_10,maj:Windows_10,maj:Windows_10,leaf:Windows_10,leaf:Windows_10,leaf:Windows_10
6708,fam:Windows,fam:Windows,fam:Windows,maj:Windows_10,maj:Windows_10,maj:Windows_10,leaf:Windows_10,leaf:Windows_10,leaf:Windows_10
6711,fam:Windows,fam:Windows,fam:Windows,maj:Windows_10,maj:Windows_10,maj:Windows_10,leaf:Windows_10,leaf:Windows_10,leaf:Windows_10
6715,fam:Windows,fam:Windows,fam:Windows,maj:Windows_10,maj:Windows_10,maj:Windows_10,leaf:Windows_10,leaf:Windows_10,leaf:Windows_10
6716,fam:Windows,fam:Windows,fam:Windows,maj:Windows_10,maj:Windows_10,maj:Windows_10,leaf:Windows_10,leaf:Windows_10,leaf:Windows_10
6717,fam:Windows,fam:Windows,fam:Linux|fam:Windows|fam:macOS,maj:Windows_10,maj:Windows_10,maj:Linux_OTHER|maj:Windows_10|maj:Windows_7|maj:Windows_8|maj:Windows_XP|maj:macOS_10,leaf:Windows_10,leaf:Windows_8_OTHER,leaf:Linux_OTHER|leaf:Windows_10|leaf:Windows_7|leaf:Windows_8_1.0|leaf:Windows_8_OTHER|leaf:Windows_XP|leaf:macOS_10_9.0
6720,fam:Windows,fam:Windows,fam:Windows,maj:Windows_10,maj:Windows_10,maj:Windows_10,leaf:Windows_10,leaf:Windows_10,leaf:Windows_10
6721,fam:Windows,fam:Windows,fam:Windows,maj:Windows_10,maj:Windows_10,maj:Windows_10,leaf:Windows_10,leaf:Windows_10,leaf:Windows_10
6723,fam:Windows,fam:Windows,fam:Windows,maj:Windows_10,maj:Windows_10,maj:Windows_10,leaf:Windows_10,leaf:Windows_10,leaf:Windows_10
6724,fam:Windows,fam:Windows,fam:Android|fam:Linux|fam:Windows,maj:Windows_10,maj:Windows_10,maj:Android_5|maj:Android_8|maj:Linux_OTHER|maj:Linux_Ubuntu|maj:Windows_10|maj:Windows_7|maj:Windows_XP,leaf:Windows_10,leaf:Windows_XP,leaf:Android_5_1.0|leaf:Android_8_1.0|leaf:Linux_OTHER|leaf:Linux_Ubuntu|leaf:Windows_10|leaf:Windows_7|leaf:Windows_XP
6725,fam:Windows,fam:Windows,fam:Windows,maj:Windows_10,maj:Windows_10,maj:Windows_10,leaf:Windows_10,leaf:Windows_10,leaf:Windows_10
6727,fam:Windows,fam:Windows,fam:Windows,maj:Windows_10,maj:Windows_10,maj:Windows_10,leaf:Windows_10,leaf:Windows_10,leaf:Windows_10
6730,fam:Windows,fam:Windows,fam:Windows,maj:Windows_10,maj:Windows_10,maj:Windows_10,leaf:Windows_10,leaf:Windows_10,leaf:Windows_10
6732,fam:Windows,fam:Windows,fam:Windows,maj:Windows_10,maj:Windows_10,maj:Windows_10,leaf:Windows_10,leaf:Windows_10,leaf:Windows_10
6733,fam:Windows,fam:Windows,fam:Windows,maj:Windows_10,maj:Windows_10,maj:Windows_10,leaf:Windows_10,leaf:Windows_10,leaf:Windows_10
6734,fam:Windows,fam:Windows,fam:Windows,maj:Windows_10,maj:Windows_10,maj:Windows_10,leaf:Windows_10,leaf:Windows_10,leaf:Windows_10
6735,fam:Windows,fam:Windows,fam:Windows,maj:Windows_10,maj:Windows_10,maj:Windows_10,leaf:Windows_10,leaf:Windows_10,leaf:Windows_10
6737,fam:Windows,fam:Windows,fam:Windows,maj:Windows_10,maj:Windows_7,maj:Windows_10|maj:Windows_7,leaf:Windows_10,leaf:Windows_10,leaf:Windows_10|leaf:Windows_7
6741,fam:Windows,fam:Windows,fam:Windows,maj:Windows_10,maj:Windows_10,maj:Windows_10|maj:Windows_8,leaf:Windows_10,leaf:Windows_10,leaf:Windows_10|leaf:Windows_8_OTHER
6742,fam:Windows,fam:Windows,fam:Windows,maj:Windows_10,maj:Windows_10,maj:Windows_10,leaf:Windows_10,leaf:Windows_10,leaf:Windows_10
6748,fam:Windows,fam:Windows,fam:Android|fam:Linux|fam:Windows,maj:Windows_10,maj:Windows_10,maj:Android_4|maj:Linux_OTHER|maj:Windows_10|maj:Windows_7|maj:Windows_8,leaf:Windows_10,leaf:Windows_8_1.0,leaf:Android_4_1.0|leaf:Linux_OTHER|leaf:Windows_10|leaf:Windows_7|leaf:Windows_8_1.0|leaf:Windows_8_OTHER
6749,fam:Windows,fam:Windows,fam:Windows,maj:Windows_10,maj:Windows_10,maj:Windows_10,leaf:Windows_10,leaf:Windows_10,leaf:Windows_10
6750,fam:Windows,fam:Windows,fam:Windows,maj:Windows_10,maj:Windows_10,maj:Windows_10,leaf:Windows_10,leaf:Windows_10,leaf:Windows_10
6751,fam:Windows,fam:Windows,fam:Windows,maj:Windows_10,maj:Windows_10,maj:Windows_10,leaf:Windows_10,leaf:Windows_10,leaf:Windows_10
6753,fam:Windows,fam:Windows,fam:Windows,maj:Windows_10,maj:Windows_10,maj:Windows_10|maj:Windows_8,leaf:Windows_10,leaf:Windows_10,leaf:Windows_10|leaf:Windows_8_OTHER
6757,fam:Windows,fam:Windows,fam:Windows,maj:Windows_10,maj:Windows_10,maj:Windows_10,leaf:Windows_10,leaf:Windows_10,leaf:Windows_10
6763,fam:Windows,fam:Windows,fam:Windows,maj:Windows_10,maj:Windows_10,maj:Windows_10,leaf:Windows_10,leaf:Windows_10,leaf:Windows_10
6765,fam:Windows,fam:Windows,fam:Windows,maj:Windows_10,maj:Windows_10,maj:Windows_10,leaf:Windows_10,leaf:Windows_10,leaf:Windows_10
6766,fam:Windows,fam:Windows,fam:Windows,maj:Windows_10,maj:Windows_10,maj:Windows_10,leaf:Windows_10,leaf:Windows_10,leaf:Windows_10
6767,fam:Windows,fam:Windows,fam:Windows,maj:Windows_10,maj:Windows_10,maj:Windows_10,leaf:Windows_10,leaf:Windows_10,leaf:Windows_10
6769,fam:Windows,fam:Windows,fam:Windows,maj:Windows_10,maj:Windows_10,maj:Windows_10|maj:Windows_8,leaf:Windows_10,leaf:Windows_10,leaf:Windows_10|leaf:Windows_8_OTHER
6771,fam:Windows,fam:Windows,fam:Windows,maj:Windows_10,maj:Windows_10,maj:Windows_10,leaf:Windows_10,leaf:Windows_10,leaf:Windows_10
6775,fam:Windows,fam:Windows,fam:Windows,maj:Windows_10,maj:Windows_10,maj:Windows_10|maj:Windows_8,leaf:Windows_10,leaf:Windows_10,leaf:Windows_10|leaf:Windows_8_OTHER
6779,fam:Windows,fam:Windows,fam:Windows,maj:Windows_10,maj:Windows_10,maj:Windows_10,leaf:Windows_10,leaf:Windows_10,leaf:Windows_10
6780,fam:Windows,fam:Windows,fam:Windows,maj:Windows_10,maj:Windows_10,maj:Windows_10,leaf:Windows_10,leaf:Windows_10,leaf:Windows_10
6781,fam:Windows,fam:Windows,fam:Windows,maj:Windows_10,maj:Windows_10,maj:Windows_10,leaf:Windows_10,leaf:Windows_10,leaf:Windows_10
6782,fam:Windows,fam:Windows,fam:Linux|fam:Windows|fam:macOS,maj:Windows_10,maj:Windows_10,maj:Linux_OTHER|maj:Windows_10|maj:Windows_7|maj:Windows_8|maj:macOS_10,leaf:Windows_10,leaf:Windows_10,leaf:Linux_OTHER|leaf:Windows_10|leaf:Windows_7|leaf:Windows_8_1.0|leaf:macOS_10_10.0|leaf:macOS_10_11.0|leaf:macOS_10_12.0|leaf:macOS_10_13.0|leaf:macOS_10_8.0
6783,fam:Windows,fam:Windows,fam:Windows,maj:Windows_10,maj:Windows_10,maj:Windows_10,leaf:Windows_10,leaf:Windows_10,leaf:Windows_10
6784,fam:Windows,fam:Windows,fam:Windows,maj:Windows_10,maj:Windows_10,maj:Windows_10,leaf:Windows_10,leaf:Windows_10,leaf:Windows_10
6785,fam:Windows,fam:Windows,fam:Windows,maj:Windows_10,maj:Windows_10,maj:Windows_10,leaf:Windows_10,leaf:Windows_10,leaf:Windows_10
6786,fam:Windows,fam:Windows,fam:Linux|fam:Windows,maj:Windows_10,maj:Windows_7,maj:Linux_OTHER|maj:Linux_Ubuntu|maj:Windows_10|maj:Windows_7|maj:Windows_8,leaf:Windows_10,leaf:Linux_OTHER,leaf:Linux_OTHER|leaf:Linux_Ubuntu|leaf:Windows_10|leaf:Windows_7|leaf:Windows_8_1.0
6788,fam:Windows,fam:Windows,fam:Windows,maj:Windows_10,maj:Windows_10,maj:Windows_10,leaf:Windows_10,leaf:Windows_10,leaf:Windows_10
6790,fam:Windows,fam:Windows,fam:Windows,maj:Windows_10,maj:Windows_10,maj:Windows_10,leaf:Windows_10,leaf:Windows_10,leaf:Windows_10
6791,fam:Windows,fam:Windows,fam:Windows,maj:Windows_10,maj:Windows_10,maj:Windows_10,leaf:Windows_10,leaf:Windows_10,leaf:Windows_10
6794,fam:Windows,fam:Windows,fam:Windows,maj:Windows_10,maj:Windows_10,maj:Windows_10,leaf:Windows_10,leaf:Windows_10,leaf:Windows_10
6799,fam:Windows,fam:Windows,fam:Android|fam:Windows,maj:Windows_10,maj:Windows_10,maj:Android_10|maj:Android_7|maj:Android_8|maj:Android_9|maj:Windows_10,leaf:Windows_10,leaf:Windows_10,leaf:Android_10|leaf:Android_7_0.0|leaf:Android_8_0.0|leaf:Android_8_1.0|leaf:Android_9|leaf:Windows_10
6805,fam:Windows,fam:Windows,fam:Windows,maj:Windows_10,maj:Windows_10,maj:Windows_10|maj:Windows_7,leaf:Windows_10,leaf:Windows_10,leaf:Windows_10|leaf:Windows_7
6806,fam:Windows,fam:Windows,fam:Windows,maj:Windows_10,maj:Windows_10,maj:Windows_10,leaf:Windows_10,leaf:Windows_10,leaf:Windows_10
6807,fam:Windows,fam:Windows,fam:Windows,maj:Windows_10,maj:Windows_10,maj:Windows_10|maj:Windows_8,leaf:Windows_10,leaf:Windows_10,leaf:Windows_10|leaf:Windows_8_OTHER
6809,fam:Windows,fam:Windows,fam:Windows,maj:Windows_10,maj:Windows_10,maj:Windows_10,leaf:Windows_10,leaf:Windows_10,leaf:Windows_10
6811,fam:Windows,fam:Windows,fam:Windows,maj:Windows_10,maj:Windows_10,maj:Windows_10,leaf:Windows_10,leaf:Windows_10,leaf:Windows_10
6812,fam:Windows,fam:Windows,fam:Windows,maj:Windows_10,maj:Windows_10,maj:Windows_10,leaf:Windows_10,leaf:Windows_10,leaf:Windows_10
6815,fam:Windows,fam:Windows,fam:Windows,maj:Windows_10,maj:Windows_10,maj:Windows_10,leaf:Windows_10,leaf:Windows_10,leaf:Windows_10
6816,fam:Windows,fam:Windows,fam:Windows,maj:Windows_10,maj:Windows_10,maj:Windows_10,leaf:Windows_10,leaf:Windows_10,leaf:Windows_10
6817,fam:Windows,fam:Windows,fam:Android|fam:Windows,maj:Windows_10,maj:Windows_7,maj:Android_4|maj:Windows_10|maj:Windows_7|maj:Windows_8,leaf:Windows_10,leaf:Windows_8_1.0,leaf:Android_4_1.0|leaf:Windows_10|leaf:Windows_7|leaf:Windows_8_1.0|leaf:Windows_8_OTHER
6818,fam:Windows,fam:Windows,fam:Windows,maj:Windows_10,maj:Windows_10,maj:Windows_10|maj:Windows_8|maj:Windows_XP,leaf:Windows_10,leaf:Windows_10,leaf:Windows_10|leaf:Windows_8_OTHER|leaf:Windows_XP
6819,fam:Windows,fam:Windows,fam:Windows,maj:Windows_10,maj:Windows_10,maj:Windows_10|maj:Windows_8,leaf:Windows_10,leaf:Windows_10,leaf:Windows_10|leaf:Windows_8_1.0
6820,fam:Windows,fam:Windows,fam:Windows,maj:Windows_10,maj:Windows_10,maj:Windows_10,leaf:Windows_10,leaf:Windows_10,leaf:Windows_10
6822,fam:Windows,fam:Windows,fam:Windows,maj:Windows_10,maj:Windows_10,maj:Windows_10,leaf:Windows_10,leaf:Windows_10,leaf:Windows_10
6823,fam:Windows,fam:Windows,fam:Windows,maj:Windows_10,maj:Windows_10,maj:Windows_10,leaf:Windows_10,leaf:Windows_10,leaf:Windows_10
6825,fam:Windows,fam:Windows,fam:Windows,maj:Windows_10,maj:Windows_10,maj:Windows_10,leaf:Windows_10,leaf:Windows_10,leaf:Windows_10
6826,fam:Windows,fam:Windows,fam:Windows,maj:Windows_10,maj:Windows_10,maj:Windows_10,leaf:Windows_10,leaf:Windows_10,leaf:Windows_10
6827,fam:Windows,fam:Windows,fam:Android|fam:Windows,maj:Windows_10,maj:Windows_10,maj:Android_OTHER|maj:Windows_10|maj:Windows_8,leaf:Windows_10,leaf:Windows_10,leaf:Android_OTHER|leaf:Windows_10|leaf:Windows_8_1.0
6828,fam:Windows,fam:Windows,fam:Windows,maj:Windows_10,maj:Windows_10,maj:Windows_10,leaf:Windows_10,leaf:Windows_10,leaf:Windows_10
6829,fam:Windows,fam:Windows,fam:Windows,maj:Windows_10,maj:Windows_10,maj:Windows_10,leaf:Windows_10,leaf:Windows_10,leaf:Windows_10
6830,fam:Windows,fam:Windows,fam:Windows,maj:Windows_10,maj:Windows_10,maj:Windows_10,leaf:Windows_10,leaf:Windows_10,leaf:Windows_10
6831,fam:Windows,fam:Windows,fam:Android|fam:Windows,maj:Windows_10,maj:Windows_10,maj:Android_7|maj:Windows_10|maj:Windows_7,leaf:Windows_10,leaf:Windows_10,leaf:Android_7_1.0|leaf:Windows_10|leaf:Windows_7
6833,fam:Windows,fam:Windows,fam:Windows,maj:Windows_10,maj:Windows_10,maj:Windows_10,leaf:Windows_10,leaf:Windows_10,leaf:Windows_10
6835,fam:Windows,fam:Windows,fam:Windows,maj:Windows_10,maj:Windows_10,maj:Windows_10,leaf:Windows_10,leaf:Windows_10,leaf:Windows_10
6836,fam:Windows,fam:Windows,fam:Windows,maj:Windows_10,maj:Windows_10,maj:Windows_10,leaf:Windows_10,leaf:Windows_10,leaf:Windows_10
6838,fam:Windows,fam:Windows,fam:Windows,maj:Windows_10,maj:Windows_10,maj:Windows_10,leaf:Windows_10,leaf:Windows_10,leaf:Windows_10
6840,fam:Windows,fam:Windows,fam:Windows,maj:Windows_10,maj:Windows_10,maj:Windows_10,leaf:Windows_10,leaf:Windows_10,leaf:Windows_10
6843,fam:Windows,fam:Windows,fam:Windows,maj:Windows_10,maj:Windows_10,maj:Windows_10,leaf:Windows_10,leaf:Windows_10,leaf:Windows_10
6845,fam:Windows,fam:Windows,fam:Windows,maj:Windows_10,maj:Windows_10,maj:Windows_10,leaf:Windows_10,leaf:Windows_10,leaf:Windows_10
6848,fam:Windows,fam:Windows,fam:Windows,maj:Windows_10,maj:Windows_10,maj:Windows_10,leaf:Windows_10,leaf:Windows_10,leaf:Windows_10
6850,fam:Windows,fam:Windows,fam:Windows,maj:Windows_10,maj:Windows_10,maj:Windows_10,leaf:Windows_10,leaf:Windows_10,leaf:Windows_10
6852,fam:Windows,fam:Windows,fam:Windows,maj:Windows_10,maj:Windows_10,maj:Windows_10|maj:Windows_8,leaf:Windows_10,leaf:Windows_10,leaf:Windows_10|leaf:Windows_8_1.0
6854,fam:Windows,fam:Windows,fam:Windows,maj:Windows_10,maj:Windows_10,maj:Windows_10,leaf:Windows_10,leaf:Windows_10,leaf:Windows_10
6855,fam:Windows,fam:Windows,fam:Windows,maj:Windows_10,maj:Windows_10,maj:Windows_10|maj:Windows_8,leaf:Windows_10,leaf:Windows_10,leaf:Windows_10|leaf:Windows_8_1.0
6859,fam:Windows,fam:Windows,fam:Windows,maj:Windows_10,maj:Windows_8,maj:Windows_10|maj:Windows_8,leaf:Windows_10,leaf:Windows_8_1.0,leaf:Windows_10|leaf:Windows_8_1.0
6860,fam:Windows,fam:Windows,fam:Windows,maj:Windows_10,maj:Windows_10,maj:Windows_10,leaf:Windows_10,leaf:Windows_10,leaf:Windows_10
6862,fam:Windows,fam:Windows,fam:Windows,maj:Windows_10,maj:Windows_10,maj:Windows_10,leaf:Windows_10,leaf:Windows_10,leaf:Windows_10
6864,fam:Windows,fam:Windows,fam:Windows,maj:Windows_10,maj:Windows_10,maj:Windows_10,leaf:Windows_10,leaf:Windows_10,leaf:Windows_10
6866,fam:Windows,fam:Windows,fam:Windows,maj:Windows_10,maj:Windows_10,maj:Windows_10,leaf:Windows_10,leaf:Windows_10,leaf:Windows_10
6873,fam:Windows,fam:Windows,fam:Windows,maj:Windows_10,maj:Windows_10,maj:Windows_10,leaf:Windows_10,leaf:Windows_10,leaf:Windows_10
6874,fam:Windows,fam:Windows,fam:Windows,maj:Windows_10,maj:Windows_10,maj:Windows_10|maj:Windows_7,leaf:Windows_10,leaf:Windows_10,leaf:Windows_10|leaf:Windows_7
6876,fam:Windows,fam:Windows,fam:Windows|fam:macOS,maj:Windows_10,maj:Windows_10,maj:Windows_10|maj:macOS_10,leaf:Windows_10,leaf:Windows_10,leaf:Windows_10|leaf:macOS_10_12.0
6877,fam:Windows,fam:Windows,fam:Windows,maj:Windows_10,maj:Windows_10,maj:Windows_10,leaf:Windows_10,leaf:Windows_10,leaf:Windows_10
6878,fam:Windows,fam:Windows,fam:Windows,maj:Windows_10,maj:Windows_10,maj:Windows_10,leaf:Windows_10,leaf:Windows_10,leaf:Windows_10
6880,fam:Windows,fam:Windows,fam:Android|fam:Linux|fam:Windows|fam:macOS,maj:Windows_10,maj:Windows_10,maj:Android_9|maj:Linux_OTHER|maj:Windows_10|maj:macOS_10,leaf:Windows_10,leaf:Windows_10,leaf:Android_9|leaf:Linux_OTHER|leaf:Windows_10|leaf:macOS_10_12.0
6882,fam:Windows,fam:Windows,fam:Windows,maj:Windows_10,maj:Windows_10,maj:Windows_10,leaf:Windows_10,leaf:Windows_10,leaf:Windows_10
6883,fam:Windows,fam:Windows,fam:Windows,maj:Windows_10,maj:Windows_10,maj:Windows_10,leaf:Windows_10,leaf:Windows_10,leaf:Windows_10
6884,fam:Windows,fam:Windows,fam:Windows,maj:Windows_10,maj:Windows_10,maj:Windows_10,leaf:Windows_10,leaf:Windows_10,leaf:Windows_10
6886,fam:Windows,fam:Windows,fam:Windows,maj:Windows_10,maj:Windows_10,maj:Windows_10,leaf:Windows_10,leaf:Windows_10,leaf:Windows_10
6887,fam:Windows,fam:Windows,fam:Windows,maj:Windows_10,maj:Windows_10,maj:Windows_10,leaf:Windows_10,leaf:Windows_10,leaf:Windows_10
6888,fam:Windows,fam:Windows,fam:Windows,maj:Windows_10,maj:Windows_10,maj:Windows_10,leaf:Windows_10,leaf:Windows_10,leaf:Windows_10
6893,fam:Windows,fam:Windows,fam:Windows,maj:Windows_10,maj:Windows_10,maj:Windows_10,leaf:Windows_10,leaf:Windows_10,leaf:Windows_10
6896,fam:Windows,fam:Windows,fam:Windows,maj:Windows_10,maj:Windows_10,maj:Windows_10,leaf:Windows_10,leaf:Windows_10,leaf:Windows_10
6898,fam:Windows,fam:Windows,fam:Windows,maj:Windows_10,maj:Windows_10,maj:Windows_10|maj:Windows_7,leaf:Windows_10,leaf:Windows_10,leaf:Windows_10|leaf:Windows_7
6902,fam:Windows,fam:Windows,fam:Windows,maj:Windows_10,maj:Windows_10,maj:Windows_10,leaf:Windows_10,leaf:Windows_10,leaf:Windows_10
6905,fam:Windows,fam:Windows,fam:Windows,maj:Windows_10,maj:Windows_10,maj:Windows_10,leaf:Windows_10,leaf:Windows_10,leaf:Windows_10
6906,fam:Windows,fam:Windows,fam:Windows,maj:Windows_10,maj:Windows_8,maj:Windows_10|maj:Windows_8,leaf:Windows_10,leaf:Windows_8_OTHER,leaf:Windows_10|leaf:Windows_8_OTHER
6907,fam:Windows,fam:Windows,fam:Windows,maj:Windows_10,maj:Windows_10,maj:Windows_10,leaf:Windows_10,leaf:Windows_10,leaf:Windows_10
6908,fam:Windows,fam:Windows,fam:Android|fam:Linux|fam:Windows|fam:macOS,maj:Windows_10,maj:Windows_10,maj:Android_4|maj:Android_7|maj:Android_8|maj:Android_9|maj:Linux_OTHER|maj:Linux_Ubuntu|maj:Windows_10|maj:Windows_7|maj:macOS_10,leaf:Windows_10,leaf:Windows_10,leaf:Android_4_0.0|leaf:Android_7_0.0|leaf:Android_8_0.0|leaf:Android_8_1.0|leaf:Android_9|leaf:Linux_OTHER|leaf:Linux_Ubuntu|leaf:Windows_10|leaf:Windows_7|leaf:macOS_10_11.0|leaf:macOS_10_14.0
6909,fam:Windows,fam:Windows,fam:Windows,maj:Windows_10,maj:Windows_10,maj:Windows_10,leaf:Windows_10,leaf:Windows_10,leaf:Windows_10
6912,fam:Windows,fam:Windows,fam:Windows,maj:Windows_10,maj:Windows_10,maj:Windows_10|maj:Windows_8,leaf:Windows_10,leaf:Windows_10,leaf:Windows_10|leaf:Windows_8_1.0
6915,fam:Windows,fam:Windows,fam:Windows,maj:Windows_10,maj:Windows_10,maj:Windows_10,leaf:Windows_10,leaf:Windows_10,leaf:Windows_10
6917,fam:Windows,fam:Windows,fam:Windows,maj:Windows_10,maj:Windows_10,maj:Windows_10|maj:Windows_8,leaf:Windows_10,leaf:Windows_10,leaf:Windows_10|leaf:Windows_8_OTHER
6919,fam:Windows,fam:Windows,fam:Windows,maj:Windows_10,maj:Windows_10,maj:Windows_10,leaf:Windows_10,leaf:Windows_10,leaf:Windows_10
6920,fam:Windows,fam:Windows,fam:Windows,maj:Windows_10,maj:Windows_10,maj:Windows_10,leaf:Windows_10,leaf:Windows_10,leaf:Windows_10
6922,fam:Windows,fam:Windows,fam:Android|fam:Windows,maj:Windows_10,maj:Windows_8,maj:Android_OTHER|maj:Windows_10|maj:Windows_7|maj:Windows_8,leaf:Windows_10,leaf:Windows_10,leaf:Android_OTHER|leaf:Windows_10|leaf:Windows_7|leaf:Windows_8_1.0|leaf:Windows_8_OTHER
6923,fam:Windows,fam:Windows,fam:Windows,maj:Windows_10,maj:Windows_10,maj:Windows_10,leaf:Windows_10,leaf:Windows_10,leaf:Windows_10
6926,fam:Windows,fam:Windows,fam:Android|fam:Windows,maj:Windows_10,maj:Windows_10,maj:Android_8|maj:Windows_10|maj:Windows_7,leaf:Windows_10,leaf:Windows_10,leaf:Android_8_0.0|leaf:Windows_10|leaf:Windows_7
6927,fam:Windows,fam:Windows,fam:Windows,maj:Windows_10,maj:Windows_10,maj:Windows_10,leaf:Windows_10,leaf:Windows_10,leaf:Windows_10
6928,fam:Windows,fam:Windows,fam:Windows,maj:Windows_10,maj:Windows_10,maj:Windows_10,leaf:Windows_10,leaf:Windows_10,leaf:Windows_10
6932,fam:Windows,fam:Windows,fam:Windows,maj:Windows_10,maj:Windows_10,maj:Windows_10,leaf:Windows_10,leaf:Windows_10,leaf:Windows_10
6933,fam:Windows,fam:Windows,fam:Windows,maj:Windows_10,maj:Windows_10,maj:Windows_10|maj:Windows_8,leaf:Windows_10,leaf:Windows_10,leaf:Windows_10|leaf:Windows_8_1.0|leaf:Windows_8_OTHER
6934,fam:Windows,fam:Windows,fam:Windows,maj:Windows_10,maj:Windows_10,maj:Windows_10,leaf:Windows_10,leaf:Windows_10,leaf:Windows_10
6936,fam:Windows,fam:Windows,fam:Windows,maj:Windows_10,maj:Windows_10,maj:Windows_10,leaf:Windows_10,leaf:Windows_10,leaf:Windows_10
6937,fam:Windows,fam:Windows,fam:Windows,maj:Windows_10,maj:Windows_10,maj:Windows_10,leaf:Windows_10,leaf:Windows_10,leaf:Windows_10
6939,fam:Windows,fam:Windows,fam:Windows,maj:Windows_10,maj:Windows_10,maj:Windows_10,leaf:Windows_10,leaf:Windows_10,leaf:Windows_10
6943,fam:Windows,fam:Windows,fam:Windows,maj:Windows_10,maj:Windows_10,maj:Windows_10,leaf:Windows_10,leaf:Windows_10,leaf:Windows_10
6946,fam:Windows,fam:Windows,fam:Windows,maj:Windows_10,maj:Windows_10,maj:Windows_10,leaf:Windows_10,leaf:Windows_10,leaf:Windows_10
6951,fam:Windows,fam:Windows,fam:Windows,maj:Windows_10,maj:Windows_10,maj:Windows_10,leaf:Windows_10,leaf:Windows_10,leaf:Windows_10
6952,fam:Windows,fam:Windows,fam:Windows,maj:Windows_10,maj:Windows_10,maj:Windows_10,leaf:Windows_10,leaf:Windows_10,leaf:Windows_10
6953,fam:Windows,fam:Windows,fam:Windows,maj:Windows_10,maj:Windows_10,maj:Windows_10,leaf:Windows_10,leaf:Windows_10,leaf:Windows_10
6962,fam:Windows,fam:Windows,fam:Windows,maj:Windows_10,maj:Windows_10,maj:Windows_10|maj:Windows_8,leaf:Windows_10,leaf:Windows_10,leaf:Windows_10|leaf:Windows_8_OTHER
6965,fam:Windows,fam:Windows,fam:Windows,maj:Windows_10,maj:Windows_10,maj:Windows_10,leaf:Windows_10,leaf:Windows_10,leaf:Windows_10
6968,fam:Windows,fam:Windows,fam:Windows,maj:Windows_10,maj:Windows_10,maj:Windows_10,leaf:Windows_10,leaf:Windows_10,leaf:Windows_10
6969,fam:Windows,fam:Windows,fam:Windows,maj:Windows_10,maj:Windows_10,maj:Windows_10,leaf:Windows_10,leaf:Windows_10,leaf:Windows_10
6970,fam:Windows,fam:Windows,fam:Windows,maj:Windows_10,maj:Windows_10,maj:Windows_10,leaf:Windows_10,leaf:Windows_10,leaf:Windows_10
6974,fam:Windows,fam:Windows,fam:Windows,maj:Windows_10,maj:Windows_10,maj:Windows_10,leaf:Windows_10,leaf:Windows_10,leaf:Windows_10
6976,fam:Windows,fam:Windows,fam:Windows,maj:Windows_10,maj:Windows_7,maj:Windows_10|maj:Windows_7,leaf:Windows_10,leaf:Windows_10,leaf:Windows_10|leaf:Windows_7
6977,fam:Windows,fam:Windows,fam:Windows,maj:Windows_10,maj:Windows_7,maj:Windows_7,leaf:Windows_10,leaf:Windows_7,leaf:Windows_7
6979,fam:Windows,fam:Windows,fam:Windows,maj:Windows_10,maj:Windows_10,maj:Windows_10,leaf:Windows_10,leaf:Windows_10,leaf:Windows_10
6981,fam:Windows,fam:Windows,fam:Windows,maj:Windows_10,maj:Windows_10,maj:Windows_10,leaf:Windows_10,leaf:Windows_10,leaf:Windows_10
6982,fam:Windows,fam:Windows,fam:Windows,maj:Windows_10,maj:Windows_10,maj:Windows_10|maj:Windows_8,leaf:Windows_10,leaf:Windows_10,leaf:Windows_10|leaf:Windows_8_OTHER
6983,fam:Windows,fam:Windows,fam:Windows,maj:Windows_10,maj:Windows_10,maj:Windows_10,leaf:Windows_10,leaf:Windows_10,leaf:Windows_10
6990,fam:Windows,fam:Windows,fam:Windows,maj:Windows_10,maj:Windows_10,maj:Windows_10,leaf:Windows_10,leaf:Windows_10,leaf:Windows_10
6991,fam:Windows,fam:Windows,fam:Windows,maj:Windows_10,maj:Windows_10,maj:Windows_10,leaf:Windows_10,leaf:Windows_10,leaf:Windows_10
6992,fam:Windows,fam:Windows,fam:Windows,maj:Windows_10,maj:Windows_10,maj:Windows_10,leaf:Windows_10,leaf:Windows_10,leaf:Windows_10
6993,fam:Windows,fam:Windows,fam:Windows,maj:Windows_10,maj:Windows_10,maj:Windows_10,leaf:Windows_10,leaf:Windows_10,leaf:Windows_10
6997,fam:Windows,fam:Windows,fam:Windows,maj:Windows_10,maj:Windows_10,maj:Windows_10,leaf:Windows_10,leaf:Windows_10,leaf:Windows_10
6999,fam:Windows,fam:Windows,fam:Windows,maj:Windows_10,maj:Windows_10,maj:Windows_10,leaf:Windows_10,leaf:Windows_10,leaf:Windows_10
7001,fam:Windows,fam:Android,fam:Android|fam:Windows,maj:Windows_10,maj:Windows_10,maj:Android_5|maj:Android_6|maj:Android_7|maj:Android_8|maj:Android_9|maj:Windows_10,leaf:Windows_10,leaf:Windows_10,leaf:Android_5_1.0|leaf:Android_6_0.0|leaf:Android_7_0.0|leaf:Android_8_0.0|leaf:Android_8_1.0|leaf:Android_9|leaf:Windows_10
7005,fam:Windows,fam:Windows,fam:Windows,maj:Windows_10,maj:Windows_10,maj:Windows_10|maj:Windows_8,leaf:Windows_10,leaf:Windows_10,leaf:Windows_10|leaf:Windows_8_OTHER
7006,fam:Windows,fam:Windows,fam:Windows,maj:Windows_10,maj:Windows_10,maj:Windows_10,leaf:Windows_10,leaf:Windows_10,leaf:Windows_10
7011,fam:Windows,fam:Windows,fam:Windows,maj:Windows_10,maj:Windows_10,maj:Windows_10,leaf:Windows_10,leaf:Windows_10,leaf:Windows_10
7015,fam:Windows,fam:Windows,fam:Windows,maj:Windows_10,maj:Windows_10,maj:Windows_10|maj:Windows_7|maj:Windows_8,leaf:Windows_10,leaf:Windows_7,leaf:Windows_10|leaf:Windows_7|leaf:Windows_8_OTHER
7017,fam:Windows,fam:Windows,fam:Windows,maj:Windows_10,maj:Windows_10,maj:Windows_10,leaf:Windows_10,leaf:Windows_10,leaf:Windows_10
7024,fam:Windows,fam:Windows,fam:Windows,maj:Windows_10,maj:Windows_10,maj:Windows_10,leaf:Windows_10,leaf:Windows_10,leaf:Windows_10
7025,fam:Windows,fam:Windows,fam:Windows,maj:Windows_10,maj:Windows_10,maj:Windows_10,leaf:Windows_10,leaf:Windows_10,leaf:Windows_10
7026,fam:Windows,fam:Windows,fam:Windows,maj:Windows_10,maj:Windows_8,maj:Windows_10|maj:Windows_7|maj:Windows_8,leaf:Windows_10,leaf:Windows_8_1.0,leaf:Windows_10|leaf:Windows_7|leaf:Windows_8_1.0
7027,fam:Windows,fam:Windows,fam:Windows,maj:Windows_10,maj:Windows_10,maj:Windows_10,leaf:Windows_10,leaf:Windows_10,leaf:Windows_10
7028,fam:Windows,fam:Windows,fam:Windows,maj:Windows_10,maj:Windows_10,maj:Windows_10,leaf:Windows_10,leaf:Windows_10,leaf:Windows_10
7029,fam:Windows,fam:Windows,fam:Windows,maj:Windows_10,maj:Windows_10,maj:Windows_10,leaf:Windows_10,leaf:Windows_10,leaf:Windows_10
7031,fam:Windows,fam:Windows,fam:Windows,maj:Windows_10,maj:Windows_10,maj:Windows_10,leaf:Windows_10,leaf:Windows_10,leaf:Windows_10
7034,fam:Windows,fam:Windows,fam:Windows,maj:Windows_10,maj:Windows_10,maj:Windows_10,leaf:Windows_10,leaf:Windows_10,leaf:Windows_10
7036,fam:Windows,fam:Windows,fam:Windows,maj:Windows_10,maj:Windows_10,maj:Windows_10|maj:Windows_8,leaf:Windows_10,leaf:Windows_10,leaf:Windows_10|leaf:Windows_8_OTHER
7041,fam:Windows,fam:Windows,fam:Windows,maj:Windows_10,maj:Windows_10,maj:Windows_10,leaf:Windows_10,leaf:Windows_10,leaf:Windows_10
7042,fam:Windows,fam:Windows,fam:Windows,maj:Windows_10,maj:Windows_10,maj:Windows_10|maj:Windows_7,leaf:Windows_10,leaf:Windows_10,leaf:Windows_10|leaf:Windows_7
7043,fam:Windows,fam:Windows,fam:Windows,maj:Windows_10,maj:Windows_10,maj:Windows_10,leaf:Windows_10,leaf:Windows_10,leaf:Windows_10
7044,fam:Windows,fam:Windows,fam:Windows,maj:Windows_10,maj:Windows_10,maj:Windows_10,leaf:Windows_10,leaf:Windows_10,leaf:Windows_10
7047,fam:Windows,fam:Windows,fam:Windows,maj:Windows_10,maj:Windows_8,maj:Windows_10|maj:Windows_8,leaf:Windows_10,leaf:Windows_8_OTHER,leaf:Windows_10|leaf:Windows_8_OTHER
7050,fam:Windows,fam:Windows,fam:Windows,maj:Windows_10,maj:Windows_10,maj:Windows_10,leaf:Windows_10,leaf:Windows_10,leaf:Windows_10
7052,fam:Windows,fam:Windows,fam:Windows,maj:Windows_10,maj:Windows_10,maj:Windows_10,leaf:Windows_10,leaf:Windows_10,leaf:Windows_10
7053,fam:Windows,fam:Windows,fam:Windows,maj:Windows_10,maj:Windows_10,maj:Windows_10|maj:Windows_8,leaf:Windows_10,leaf:Windows_10,leaf:Windows_10|leaf:Windows_8_OTHER
7056,fam:Windows,fam:Windows,fam:Windows,maj:Windows_10,maj:Windows_10,maj:Windows_10,leaf:Windows_10,leaf:Windows_10,leaf:Windows_10
7059,fam:Windows,fam:Windows,fam:Android|fam:Windows,maj:Windows_10,maj:Windows_10,maj:Android_10|maj:Android_7|maj:Android_8|maj:Android_9|maj:Windows_10,leaf:Windows_10,leaf:Windows_10,leaf:Android_10|leaf:Android_7_1.0|leaf:Android_8_0.0|leaf:Android_9|leaf:Windows_10
7062,fam:Windows,fam:Windows,fam:Android|fam:Windows,maj:Windows_10,maj:Windows_10,maj:Android_5|maj:Android_7|maj:Windows_10,leaf:Windows_10,leaf:Windows_10,leaf:Android_5_1.0|leaf:Android_7_1.0|leaf:Windows_10
7063,fam:Windows,fam:Windows,fam:Windows,maj:Windows_10,maj:Windows_10,maj:Windows_10,leaf:Windows_10,leaf:Windows_10,leaf:Windows_10
7064,fam:Windows,fam:Windows,fam:Windows,maj:Windows_10,maj:Windows_10,maj:Windows_10,leaf:Windows_10,leaf:Windows_10,leaf:Windows_10
7066,fam:Windows,fam:Windows,fam:Windows,maj:Windows_10,maj:Windows_10,maj:Windows_10,leaf:Windows_10,leaf:Windows_10,leaf:Windows_10
7073,fam:Windows,fam:Windows,fam:Windows,maj:Windows_10,maj:Windows_10,maj:Windows_10,leaf:Windows_10,leaf:Windows_10,leaf:Windows_10
7076,fam:Windows,fam:Windows,fam:Windows,maj:Windows_10,maj:Windows_10,maj:Windows_10,leaf:Windows_10,leaf:Windows_10,leaf:Windows_10
7081,fam:Windows,fam:Windows,fam:Windows,maj:Windows_10,maj:Windows_10,maj:Windows_10,leaf:Windows_10,leaf:Windows_10,leaf:Windows_10
7083,fam:Windows,fam:Windows,fam:Android|fam:Linux|fam:Windows|fam:iOS|fam:macOS,maj:Windows_10,maj:Windows_10,maj:Android_10|maj:Android_4|maj:Android_7|maj:Android_8|maj:Android_9|maj:Linux_OTHER|maj:Linux_Ubuntu|maj:Windows_10|maj:Windows_7|maj:iOS_13|maj:macOS_10,leaf:Windows_10,leaf:Linux_OTHER,leaf:Android_10|leaf:Android_4_0.0|leaf:Android_4_4.0|leaf:Android_7_0.0|leaf:Android_7_1.0|leaf:Android_8_0.0|leaf:Android_8_1.0|leaf:Android_9|leaf:Linux_OTHER|leaf:Linux_Ubuntu|leaf:Windows_10|leaf:Windows_7|leaf:iOS_13_3.0|leaf:macOS_10_14.0
7084,fam:Windows,fam:Windows,fam:Windows,maj:Windows_10,maj:Windows_10,maj:Windows_10,leaf:Windows_10,leaf:Windows_10,leaf:Windows_10
7085,fam:Windows,fam:Windows,fam:Windows,maj:Windows_10,maj:Windows_10,maj:Windows_10,leaf:Windows_10,leaf:Windows_10,leaf:Windows_10
7088,fam:Windows,fam:Windows,fam:Android|fam:Windows,maj:Windows_10,maj:Windows_10,maj:Android_8|maj:Windows_10,leaf:Windows_10,leaf:Windows_10,leaf:Android_8_1.0|leaf:Windows_10
7093,fam:Windows,fam:Windows,fam:Windows,maj:Windows_10,maj:Windows_10,maj:Windows_10,leaf:Windows_10,leaf:Windows_10,leaf:Windows_10
7095,fam:Windows,fam:Windows,fam:Android,maj:Windows_10,maj:Android_4,maj:Android_4,leaf:Windows_10,leaf:Android_4_4.0,leaf:Android_4_2.0|leaf:Android_4_4.0
7099,fam:Windows,fam:Windows,fam:Windows,maj:Windows_10,maj:Windows_10,maj:Windows_10|maj:Windows_8,leaf:Windows_10,leaf:Windows_10,leaf:Windows_10|leaf:Windows_8_OTHER
7100,fam:Windows,fam:Windows,fam:Windows,maj:Windows_10,maj:Windows_8,maj:Windows_10|maj:Windows_8,leaf:Windows_10,leaf:Windows_8_OTHER,leaf:Windows_10|leaf:Windows_8_OTHER
7101,fam:Windows,fam:Windows,fam:Windows,maj:Windows_10,maj:Windows_10,maj:Windows_10,leaf:Windows_10,leaf:Windows_10,leaf:Windows_10
7103,fam:Windows,fam:Windows,fam:Windows,maj:Windows_10,maj:Windows_10,maj:Windows_10,leaf:Windows_10,leaf:Windows_10,leaf:Windows_10
7105,fam:Windows,fam:Windows,fam:Windows,maj:Windows_10,maj:Windows_10,maj:Windows_10|maj:Windows_7,leaf:Windows_10,leaf:Windows_10,leaf:Windows_10|leaf:Windows_7
7110,fam:Windows,fam:Windows,fam:Windows,maj:Windows_10,maj:Windows_10,maj:Windows_10,leaf:Windows_10,leaf:Windows_10,leaf:Windows_10
7111,fam:Windows,fam:Windows,fam:Windows,maj:Windows_10,maj:Windows_10,maj:Windows_10,leaf:Windows_10,leaf:Windows_10,leaf:Windows_10
7112,fam:Windows,fam:Windows,fam:Windows,maj:Windows_10,maj:Windows_10,maj:Windows_10,leaf:Windows_10,leaf:Windows_10,leaf:Windows_10
7114,fam:Windows,fam:Windows,fam:Windows,maj:Windows_10,maj:Windows_10,maj:Windows_10,leaf:Windows_10,leaf:Windows_10,leaf:Windows_10
7115,fam:Windows,fam:Windows,fam:Windows,maj:Windows_10,maj:Windows_10,maj:Windows_10,leaf:Windows_10,leaf:Windows_10,leaf:Windows_10
7116,fam:Windows,fam:Windows,fam:Windows,maj:Windows_10,maj:Windows_10,maj:Windows_10,leaf:Windows_10,leaf:Windows_10,leaf:Windows_10
7118,fam:Windows,fam:Windows,fam:Windows,maj:Windows_10,maj:Windows_10,maj:Windows_10|maj:Windows_8,leaf:Windows_10,leaf:Windows_10,leaf:Windows_10|leaf:Windows_8_1.0
7119,fam:Windows,fam:Windows,fam:Windows,maj:Windows_10,maj:Windows_10,maj:Windows_10,leaf:Windows_10,leaf:Windows_10,leaf:Windows_10
7120,fam:Windows,fam:Windows,fam:Windows,maj:Windows_10,maj:Windows_10,maj:Windows_10,leaf:Windows_10,leaf:Windows_10,leaf:Windows_10
7121,fam:Windows,fam:Windows,fam:Windows,maj:Windows_10,maj:Windows_10,maj:Windows_10|maj:Windows_8,leaf:Windows_10,leaf:Windows_10,leaf:Windows_10|leaf:Windows_8_OTHER
7122,fam:Windows,fam:Windows,fam:Windows,maj:Windows_10,maj:Windows_10,maj:Windows_10,leaf:Windows_10,leaf:Windows_10,leaf:Windows_10
7123,fam:Windows,fam:Windows,fam:Windows,maj:Windows_10,maj:Windows_10,maj:Windows_10|maj:Windows_7,leaf:Windows_10,leaf:Windows_10,leaf:Windows_10|leaf:Windows_7
7125,fam:Windows,fam:Windows,fam:Windows,maj:Windows_10,maj:Windows_10,maj:Windows_10,leaf:Windows_10,leaf:Windows_10,leaf:Windows_10
7127,fam:Windows,fam:Windows,fam:Android|fam:Windows,maj:Windows_10,maj:Windows_10,maj:Android_5|maj:Android_6|maj:Android_7|maj:Android_8|maj:Windows_10|maj:Windows_XP,leaf:Windows_10,leaf:Android_5_1.0,leaf:Android_5_0.0|leaf:Android_5_1.0|leaf:Android_6_0.0|leaf:Android_7_0.0|leaf:Android_7_1.0|leaf:Android_8_1.0|leaf:Windows_10|leaf:Windows_XP
7130,fam:Windows,fam:Windows,fam:Windows,maj:Windows_10,maj:Windows_10,maj:Windows_10,leaf:Windows_10,leaf:Windows_10,leaf:Windows_10
7132,fam:Windows,fam:Windows,fam:Windows,maj:Windows_10,maj:Windows_10,maj:Windows_10,leaf:Windows_10,leaf:Windows_10,leaf:Windows_10
7133,fam:Windows,fam:Windows,fam:Windows,maj:Windows_10,maj:Windows_10,maj:Windows_10,leaf:Windows_10,leaf:Windows_10,leaf:Windows_10
7134,fam:Windows,fam:Windows,fam:Linux|fam:Windows|fam:macOS,maj:Windows_10,maj:Windows_10,maj:Linux_OTHER|maj:Windows_10|maj:Windows_7|maj:Windows_8|maj:macOS_10,leaf:Windows_10,leaf:Windows_10,leaf:Linux_OTHER|leaf:Windows_10|leaf:Windows_7|leaf:Windows_8_1.0|leaf:macOS_10_13.0|leaf:macOS_10_8.0
7135,fam:Windows,fam:Windows,fam:Windows,maj:Windows_10,maj:Windows_10,maj:Windows_10,leaf:Windows_10,leaf:Windows_10,leaf:Windows_10
7136,fam:Windows,fam:Windows,fam:Windows,maj:Windows_10,maj:Windows_10,maj:Windows_10,leaf:Windows_10,leaf:Windows_10,leaf:Windows_10
7137,fam:Windows,fam:Windows,fam:Windows,maj:Windows_10,maj:Windows_10,maj:Windows_10,leaf:Windows_10,leaf:Windows_10,leaf:Windows_10
7141,fam:Windows,fam:Windows,fam:Android|fam:Linux|fam:Windows,maj:Windows_10,maj:Windows_10,maj:Android_10|maj:Android_8|maj:Android_9|maj:Linux_OTHER|maj:Windows_10,leaf:Windows_10,leaf:Windows_10,leaf:Android_10|leaf:Android_8_0.0|leaf:Android_8_1.0|leaf:Android_9|leaf:Linux_OTHER|leaf:Windows_10
7144,fam:Windows,fam:Windows,fam:Windows,maj:Windows_10,maj:Windows_10,maj:Windows_10,leaf:Windows_10,leaf:Windows_10,leaf:Windows_10
7151,fam:Windows,fam:Android,fam:Android,maj:Windows_10,maj:Android_9,maj:Android_10|maj:Android_7|maj:Android_8|maj:Android_9,leaf:Windows_10,leaf:Android_9,leaf:Android_10|leaf:Android_7_0.0|leaf:Android_7_1.0|leaf:Android_8_0.0|leaf:Android_8_1.0|leaf:Android_9
7154,fam:Windows,fam:Windows,fam:Windows,maj:Windows_10,maj:Windows_10,maj:Windows_10,leaf:Windows_10,leaf:Windows_10,leaf:Windows_10
7155,fam:Windows,fam:Windows,fam:Windows,maj:Windows_10,maj:Windows_10,maj:Windows_10,leaf:Windows_10,leaf:Windows_10,leaf:Windows_10
7156,fam:Windows,fam:Windows,fam:Windows,maj:Windows_10,maj:Windows_10,maj:Windows_10|maj:Windows_7,leaf:Windows_10,leaf:Windows_10,leaf:Windows_10|leaf:Windows_7
7158,fam:Windows,fam:Windows,fam:Windows,maj:Windows_10,maj:Windows_10,maj:Windows_10,leaf:Windows_10,leaf:Windows_10,leaf:Windows_10
7159,fam:Windows,fam:Windows,fam:Windows,maj:Windows_10,maj:Windows_10,maj:Windows_10,leaf:Windows_10,leaf:Windows_10,leaf:Windows_10
7160,fam:Windows,fam:Windows,fam:Windows,maj:Windows_10,maj:Windows_10,maj:Windows_10,leaf:Windows_10,leaf:Windows_10,leaf:Windows_10
7164,fam:Windows,fam:Windows,fam:Windows,maj:Windows_10,maj:Windows_10,maj:Windows_10,leaf:Windows_10,leaf:Windows_10,leaf:Windows_10
7165,fam:Windows,fam:Windows,fam:Windows,maj:Windows_10,maj:Windows_10,maj:Windows_10,leaf:Windows_10,leaf:Windows_10,leaf:Windows_10
7166,fam:Windows,fam:Windows,fam:Windows,maj:Windows_10,maj:Windows_10,maj:Windows_10,leaf:Windows_10,leaf:Windows_10,leaf:Windows_10
7169,fam:Windows,fam:Windows,fam:Windows,maj:Windows_10,maj:Windows_10,maj:Windows_10,leaf:Windows_10,leaf:Windows_10,leaf:Windows_10
7170,fam:Windows,fam:Windows,fam:Windows,maj:Windows_10,maj:Windows_10,maj:Windows_10,leaf:Windows_10,leaf:Windows_10,leaf:Windows_10
7171,fam:Windows,fam:Android,fam:Android|fam:Linux,maj:Windows_10,maj:Android_7,maj:Android_10|maj:Android_7|maj:Android_8|maj:Android_9|maj:Linux_OTHER,leaf:Windows_10,leaf:Android_8_0.0,leaf:Android_10|leaf:Android_7_0.0|leaf:Android_8_0.0|leaf:Android_8_1.0|leaf:Android_9|leaf:Linux_OTHER
7173,fam:Windows,fam:Windows,fam:Windows,maj:Windows_10,maj:Windows_10,maj:Windows_10,leaf:Windows_10,leaf:Windows_10,leaf:Windows_10
7174,fam:Windows,fam:Windows,fam:Windows,maj:Windows_10,maj:Windows_10,maj:Windows_10,leaf:Windows_10,leaf:Windows_10,leaf:Windows_10
7175,fam:Windows,fam:Windows,fam:Windows,maj:Windows_10,maj:Windows_10,maj:Windows_10|maj:Windows_8,leaf:Windows_10,leaf:Windows_10,leaf:Windows_10|leaf:Windows_8_OTHER
7179,fam:Windows,fam:Windows,fam:Windows,maj:Windows_10,maj:Windows_10,maj:Windows_10,leaf:Windows_10,leaf:Windows_10,leaf:Windows_10
7182,fam:Windows,fam:Windows,fam:Windows,maj:Windows_10,maj:Windows_10,maj:Windows_10|maj:Windows_8,leaf:Windows_10,leaf:Windows_10,leaf:Windows_10|leaf:Windows_8_OTHER
7183,fam:Windows,fam:Windows,fam:Windows,maj:Windows_10,maj:Windows_10,maj:Windows_10,leaf:Windows_10,leaf:Windows_10,leaf:Windows_10
7186,fam:Windows,fam:Android,fam:Android|fam:Windows,maj:Windows_10,maj:Android_9,maj:Android_10|maj:Android_5|maj:Android_6|maj:Android_7|maj:Android_8|maj:Android_9|maj:Windows_10,leaf:Windows_10,leaf:Windows_10,leaf:Android_10|leaf:Android_5_1.0|leaf:Android_6_0.0|leaf:Android_7_0.0|leaf:Android_8_0.0|leaf:Android_8_1.0|leaf:Android_9|leaf:Windows_10
7188,fam:Windows,fam:Windows,fam:Android|fam:Windows|fam:macOS,maj:Windows_10,maj:Windows_10,maj:Android_10|maj:Android_4|maj:Windows_10|maj:Windows_7|maj:Windows_8|maj:macOS_10,leaf:Windows_10,leaf:Windows_10,leaf:Android_10|leaf:Android_4_1.0|leaf:Windows_10|leaf:Windows_7|leaf:Windows_8_1.0|leaf:Windows_8_OTHER|leaf:macOS_10_11.0
7189,fam:Windows,fam:Windows,fam:Android|fam:Linux|fam:Windows,maj:Windows_10,maj:Android_9,maj:Android_10|maj:Android_6|maj:Android_7|maj:Android_8|maj:Android_9|maj:Linux_OTHER|maj:Windows_10,leaf:Windows_10,leaf:Android_8_0.0,leaf:Android_10|leaf:Android_6_0.0|leaf:Android_7_0.0|leaf:Android_7_1.0|leaf:Android_8_0.0|leaf:Android_8_1.0|leaf:Android_9|leaf:Linux_OTHER|leaf:Windows_10
7190,fam:Windows,fam:Windows,fam:Windows,maj:Windows_10,maj:Windows_10,maj:Windows_10,leaf:Windows_10,leaf:Windows_10,leaf:Windows_10
7192,fam:Windows,fam:Windows,fam:Windows,maj:Windows_10,maj:Windows_10,maj:Windows_10,leaf:Windows_10,leaf:Windows_10,leaf:Windows_10
7198,fam:Windows,fam:Windows,fam:Windows,maj:Windows_10,maj:Windows_10,maj:Windows_10,leaf:Windows_10,leaf:Windows_10,leaf:Windows_10
7201,fam:Windows,fam:Windows,fam:Windows,maj:Windows_10,maj:Windows_10,maj:Windows_10,leaf:Windows_10,leaf:Windows_10,leaf:Windows_10
7202,fam:Windows,fam:Windows,fam:Windows,maj:Windows_10,maj:Windows_10,maj:Windows_10|maj:Windows_8,leaf:Windows_10,leaf:Windows_10,leaf:Windows_10|leaf:Windows_8_OTHER
7203,fam:Windows,fam:Windows,fam:Windows,maj:Windows_10,maj:Windows_8,maj:Windows_10|maj:Windows_8,leaf:Windows_10,leaf:Windows_8_OTHER,leaf:Windows_10|leaf:Windows_8_OTHER
7205,fam:Windows,fam:Windows,fam:Windows,maj:Windows_10,maj:Windows_10,maj:Windows_10,leaf:Windows_10,leaf:Windows_10,leaf:Windows_10
7206,fam:Windows,fam:Windows,fam:Android|fam:Windows,maj:Windows_10,maj:Windows_10,maj:Android_10|maj:Android_7|maj:Android_8|maj:Android_9|maj:Windows_10,leaf:Windows_10,leaf:Windows_10,leaf:Android_10|leaf:Android_7_0.0|leaf:Android_8_0.0|leaf:Android_8_1.0|leaf:Android_9|leaf:Windows_10
7207,fam:Windows,fam:Windows,fam:Windows,maj:Windows_10,maj:Windows_10,maj:Windows_10,leaf:Windows_10,leaf:Windows_10,leaf:Windows_10
7210,fam:Windows,fam:Windows,fam:Windows,maj:Windows_10,maj:Windows_10,maj:Windows_10,leaf:Windows_10,leaf:Windows_10,leaf:Windows_10
7212,fam:Windows,fam:Windows,fam:Windows,maj:Windows_10,maj:Windows_10,maj:Windows_10|maj:Windows_7|maj:Windows_8|maj:Windows_XP,leaf:Windows_10,leaf:Windows_8_OTHER,leaf:Windows_10|leaf:Windows_7|leaf:Windows_8_OTHER|leaf:Windows_XP
7214,fam:Windows,fam:Windows,fam:Windows,maj:Windows_10,maj:Windows_10,maj:Windows_10,leaf:Windows_10,leaf:Windows_10,leaf:Windows_10
7216,fam:Windows,fam:Windows,fam:Windows,maj:Windows_10,maj:Windows_8,maj:Windows_10|maj:Windows_7|maj:Windows_8,leaf:Windows_10,leaf:Windows_8_1.0,leaf:Windows_10|leaf:Windows_7|leaf:Windows_8_1.0|leaf:Windows_8_OTHER
7219,fam:Windows,fam:Windows,fam:Windows,maj:Windows_10,maj:Windows_10,maj:Windows_10,leaf:Windows_10,leaf:Windows_10,leaf:Windows_10
7222,fam:Windows,fam:Android,fam:Android|fam:Windows,maj:Windows_10,maj:Android_8,maj:Android_10|maj:Android_6|maj:Android_7|maj:Android_8|maj:Android_9|maj:Windows_10,leaf:Windows_10,leaf:Android_8_0.0,leaf:Android_10|leaf:Android_6_0.0|leaf:Android_7_0.0|leaf:Android_7_1.0|leaf:Android_8_0.0|leaf:Android_8_1.0|leaf:Android_9|leaf:Windows_10
7223,fam:Windows,fam:Windows,fam:Windows,maj:Windows_10,maj:Windows_10,maj:Windows_10,leaf:Windows_10,leaf:Windows_10,leaf:Windows_10
7224,fam:Windows,fam:Windows,fam:Windows,maj:Windows_10,maj:Windows_10,maj:Windows_10,leaf:Windows_10,leaf:Windows_10,leaf:Windows_10
7225,fam:Windows,fam:Windows,fam:Windows,maj:Windows_10,maj:Windows_10,maj:Windows_10,leaf:Windows_10,leaf:Windows_10,leaf:Windows_10
7226,fam:Windows,fam:Windows,fam:Windows,maj:Windows_10,maj:Windows_10,maj:Windows_10|maj:Windows_7,leaf:Windows_10,leaf:Windows_10,leaf:Windows_10|leaf:Windows_7
7231,fam:Windows,fam:Windows,fam:Windows,maj:Windows_10,maj:Windows_10,maj:Windows_10,leaf:Windows_10,leaf:Windows_10,leaf:Windows_10
7232,fam:Windows,fam:Windows,fam:Windows,maj:Windows_10,maj:Windows_10,maj:Windows_10,leaf:Windows_10,leaf:Windows_10,leaf:Windows_10
7233,fam:Windows,fam:Windows,fam:Windows,maj:Windows_10,maj:Windows_10,maj:Windows_10,leaf:Windows_10,leaf:Windows_10,leaf:Windows_10
7234,fam:Windows,fam:Windows,fam:Windows,maj:Windows_10,maj:Windows_10,maj:Windows_10,leaf:Windows_10,leaf:Windows_10,leaf:Windows_10
7237,fam:Windows,fam:Windows,fam:Windows,maj:Windows_10,maj:Windows_10,maj:Windows_10,leaf:Windows_10,leaf:Windows_10,leaf:Windows_10
7238,fam:Windows,fam:Windows,fam:Windows,maj:Windows_10,maj:Windows_10,maj:Windows_10|maj:Windows_8,leaf:Windows_10,leaf:Windows_10,leaf:Windows_10|leaf:Windows_8_OTHER
7239,fam:Windows,fam:Windows,fam:Windows,maj:Windows_10,maj:Windows_10,maj:Windows_10,leaf:Windows_10,leaf:Windows_10,leaf:Windows_10
7241,fam:Windows,fam:Windows,fam:Windows,maj:Windows_10,maj:Windows_10,maj:Windows_10,leaf:Windows_10,leaf:Windows_10,leaf:Windows_10
7242,fam:Windows,fam:Windows,fam:Windows,maj:Windows_10,maj:Windows_10,maj:Windows_10,leaf:Windows_10,leaf:Windows_10,leaf:Windows_10
7243,fam:Windows,fam:Windows,fam:Windows,maj:Windows_10,maj:Windows_10,maj:Windows_10,leaf:Windows_10,leaf:Windows_10,leaf:Windows_10
7245,fam:Windows,fam:Windows,fam:Windows,maj:Windows_10,maj:Windows_10,maj:Windows_10,leaf:Windows_10,leaf:Windows_10,leaf:Windows_10
7246,fam:Windows,fam:Windows,fam:Windows,maj:Windows_10,maj:Windows_10,maj:Windows_10,leaf:Windows_10,leaf:Windows_10,leaf:Windows_10
7247,fam:Windows,fam:Windows,fam:Android|fam:Linux|fam:Windows|fam:macOS,maj:Windows_10,maj:Windows_10,maj:Android_6|maj:Linux_OTHER|maj:Windows_10|maj:Windows_8|maj:Windows_XP|maj:macOS_10,leaf:Windows_10,leaf:Windows_10,leaf:Android_6_0.0|leaf:Linux_OTHER|leaf:Windows_10|leaf:Windows_8_OTHER|leaf:Windows_XP|leaf:macOS_10_8.0
7248,fam:Windows,fam:Windows,fam:Windows,maj:Windows_10,maj:Windows_10,maj:Windows_10,leaf:Windows_10,leaf:Windows_10,leaf:Windows_10
7249,fam:Windows,fam:Windows,fam:Windows,maj:Windows_10,maj:Windows_10,maj:Windows_10,leaf:Windows_10,leaf:Windows_10,leaf:Windows_10
7252,fam:Windows,fam:Windows,fam:Android|fam:Linux|fam:Windows,maj:Windows_10,maj:Windows_10,maj:Android_6|maj:Android_7|maj:Linux_OTHER|maj:Windows_10|maj:Windows_7,leaf:Windows_10,leaf:Windows_10,leaf:Android_6_0.0|leaf:Android_7_0.0|leaf:Linux_OTHER|leaf:Windows_10|leaf:Windows_7
7256,fam:Windows,fam:Windows,fam:Windows,maj:Windows_10,maj:Windows_10,maj:Windows_10,leaf:Windows_10,leaf:Windows_10,leaf:Windows_10
7258,fam:Windows,fam:Windows,fam:Windows,maj:Windows_10,maj:Windows_10,maj:Windows_10,leaf:Windows_10,leaf:Windows_10,leaf:Windows_10
7259,fam:Windows,fam:Windows,fam:Windows,maj:Windows_10,maj:Windows_10,maj:Windows_10|maj:Windows_8,leaf:Windows_10,leaf:Windows_10,leaf:Windows_10|leaf:Windows_8_OTHER
7260,fam:Windows,fam:Windows,fam:Windows,maj:Windows_10,maj:Windows_10,maj:Windows_10,leaf:Windows_10,leaf:Windows_10,leaf:Windows_10
7262,fam:Windows,fam:Windows,fam:Windows,maj:Windows_10,maj:Windows_10,maj:Windows_10,leaf:Windows_10,leaf:Windows_10,leaf:Windows_10
7265,fam:Windows,fam:Windows,fam:Windows,maj:Windows_10,maj:Windows_10,maj:Windows_10,leaf:Windows_10,leaf:Windows_10,leaf:Windows_10
7267,fam:Windows,fam:Windows,fam:Windows,maj:Windows_10,maj:Windows_10,maj:Windows_10,leaf:Windows_10,leaf:Windows_10,leaf:Windows_10
7268,fam:Windows,fam:Windows,fam:Windows,maj:Windows_10,maj:Windows_10,maj:Windows_10,leaf:Windows_10,leaf:Windows_10,leaf:Windows_10
7271,fam:Windows,fam:Windows,fam:Windows,maj:Windows_10,maj:Windows_10,maj:Windows_10,leaf:Windows_10,leaf:Windows_10,leaf:Windows_10
7276,fam:Windows,fam:Windows,fam:Windows,maj:Windows_10,maj:Windows_10,maj:Windows_10|maj:Windows_7,leaf:Windows_10,leaf:Windows_10,leaf:Windows_10|leaf:Windows_7
7278,fam:Windows,fam:Windows,fam:Windows,maj:Windows_10,maj:Windows_10,maj:Windows_10|maj:Windows_8,leaf:Windows_10,leaf:Windows_10,leaf:Windows_10|leaf:Windows_8_OTHER
7284,fam:Windows,fam:Windows,fam:Windows,maj:Windows_10,maj:Windows_10,maj:Windows_10,leaf:Windows_10,leaf:Windows_10,leaf:Windows_10
7285,fam:Windows,fam:Windows,fam:Windows,maj:Windows_10,maj:Windows_10,maj:Windows_10,leaf:Windows_10,leaf:Windows_10,leaf:Windows_10
7286,fam:Windows,fam:Windows,fam:Windows,maj:Windows_10,maj:Windows_10,maj:Windows_10,leaf:Windows_10,leaf:Windows_10,leaf:Windows_10
7287,fam:Windows,fam:Windows,fam:Windows,maj:Windows_10,maj:Windows_10,maj:Windows_10|maj:Windows_XP,leaf:Windows_10,leaf:Windows_10,leaf:Windows_10|leaf:Windows_XP
7288,fam:Windows,fam:Windows,fam:Windows,maj:Windows_10,maj:Windows_10,maj:Windows_10,leaf:Windows_10,leaf:Windows_10,leaf:Windows_10
7289,fam:Windows,fam:Windows,fam:Windows,maj:Windows_10,maj:Windows_10,maj:Windows_10,leaf:Windows_10,leaf:Windows_10,leaf:Windows_10
7290,fam:Windows,fam:Windows,fam:Windows,maj:Windows_10,maj:Windows_10,maj:Windows_10,leaf:Windows_10,leaf:Windows_10,leaf:Windows_10
7291,fam:Windows,fam:Windows,fam:Windows,maj:Windows_10,maj:Windows_10,maj:Windows_10,leaf:Windows_10,leaf:Windows_10,leaf:Windows_10
7292,fam:Windows,fam:Windows,fam:Windows,maj:Windows_10,maj:Windows_10,maj:Windows_10,leaf:Windows_10,leaf:Windows_10,leaf:Windows_10
7293,fam:Windows,fam:Windows,fam:Windows,maj:Windows_10,maj:Windows_10,maj:Windows_10,leaf:Windows_10,leaf:Windows_10,leaf:Windows_10
7299,fam:Windows,fam:Windows,fam:Android|fam:Windows,maj:Windows_10,maj:Windows_10,maj:Android_OTHER|maj:Windows_10|maj:Windows_8,leaf:Windows_10,leaf:Windows_10,leaf:Android_OTHER|leaf:Windows_10|leaf:Windows_8_1.0
7300,fam:Windows,fam:Windows,fam:Windows,maj:Windows_10,maj:Windows_10,maj:Windows_10,leaf:Windows_10,leaf:Windows_10,leaf:Windows_10
7301,fam:Windows,fam:Windows,fam:Windows,maj:Windows_10,maj:Windows_10,maj:Windows_10,leaf:Windows_10,leaf:Windows_10,leaf:Windows_10
7305,fam:Windows,fam:Windows,fam:Windows,maj:Windows_10,maj:Windows_10,maj:Windows_10,leaf:Windows_10,leaf:Windows_10,leaf:Windows_10
7307,fam:Windows,fam:Windows,fam:Windows,maj:Windows_10,maj:Windows_10,maj:Windows_10,leaf:Windows_10,leaf:Windows_10,leaf:Windows_10
7309,fam:Windows,fam:Windows,fam:Windows,maj:Windows_10,maj:Windows_10,maj:Windows_10,leaf:Windows_10,leaf:Windows_10,leaf:Windows_10
7310,fam:Windows,fam:Windows,fam:Windows,maj:Windows_10,maj:Windows_10,maj:Windows_10,leaf:Windows_10,leaf:Windows_10,leaf:Windows_10
7312,fam:Windows,fam:Windows,fam:Windows,maj:Windows_10,maj:Windows_10,maj:Windows_10,leaf:Windows_10,leaf:Windows_10,leaf:Windows_10
7313,fam:Windows,fam:Windows,fam:Windows,maj:Windows_10,maj:Windows_10,maj:Windows_10|maj:Windows_8,leaf:Windows_10,leaf:Windows_10,leaf:Windows_10|leaf:Windows_8_OTHER
7314,fam:Windows,fam:Windows,fam:Windows,maj:Windows_10,maj:Windows_10,maj:Windows_10,leaf:Windows_10,leaf:Windows_10,leaf:Windows_10
7316,fam:Windows,fam:Windows,fam:Windows,maj:Windows_10,maj:Windows_10,maj:Windows_10,leaf:Windows_10,leaf:Windows_10,leaf:Windows_10
7318,fam:Windows,fam:Windows,fam:Android|fam:Windows,maj:Windows_10,maj:Windows_10,maj:Android_10|maj:Android_8|maj:Android_9|maj:Windows_10|maj:Windows_8,leaf:Windows_10,leaf:Windows_10,leaf:Android_10|leaf:Android_8_0.0|leaf:Android_9|leaf:Windows_10|leaf:Windows_8_OTHER
7328,fam:Windows,fam:Windows,fam:Windows,maj:Windows_10,maj:Windows_10,maj:Windows_10,leaf:Windows_10,leaf:Windows_10,leaf:Windows_10
7330,fam:Windows,fam:Windows,fam:Windows,maj:Windows_10,maj:Windows_10,maj:Windows_10,leaf:Windows_10,leaf:Windows_10,leaf:Windows_10
7332,fam:Windows,fam:Windows,fam:Windows,maj:Windows_10,maj:Windows_10,maj:Windows_10,leaf:Windows_10,leaf:Windows_10,leaf:Windows_10
7333,fam:Windows,fam:Windows,fam:Windows,maj:Windows_10,maj:Windows_10,maj:Windows_10,leaf:Windows_10,leaf:Windows_10,leaf:Windows_10
7336,fam:Windows,fam:Windows,fam:Android|fam:Windows,maj:Windows_10,maj:Windows_10,maj:Android_OTHER|maj:Windows_10|maj:Windows_8,leaf:Windows_10,leaf:Windows_10,leaf:Android_OTHER|leaf:Windows_10|leaf:Windows_8_1.0
7337,fam:Windows,fam:Windows,fam:Windows,maj:Windows_10,maj:Windows_7,maj:Windows_10|maj:Windows_7,leaf:Windows_10,leaf:Windows_10,leaf:Windows_10|leaf:Windows_7
7338,fam:Windows,fam:Windows,fam:Windows,maj:Windows_10,maj:Windows_10,maj:Windows_10|maj:Windows_7,leaf:Windows_10,leaf:Windows_10,leaf:Windows_10|leaf:Windows_7
7340,fam:Windows,fam:Windows,fam:Android|fam:Windows,maj:Windows_10,maj:Windows_7,maj:Android_10|maj:Android_7|maj:Android_8|maj:Windows_10|maj:Windows_7,leaf:Windows_10,leaf:Windows_10,leaf:Android_10|leaf:Android_7_0.0|leaf:Android_7_1.0|leaf:Android_8_0.0|leaf:Android_8_1.0|leaf:Windows_10|leaf:Windows_7
7341,fam:Windows,fam:Windows,fam:Windows,maj:Windows_10,maj:Windows_10,maj:Windows_10,leaf:Windows_10,leaf:Windows_10,leaf:Windows_10
7347,fam:Windows,fam:Windows,fam:Linux|fam:Windows|fam:macOS,maj:Windows_10,maj:Windows_10,maj:Linux_OTHER|maj:Linux_Ubuntu|maj:Windows_10|maj:Windows_7|maj:macOS_10,leaf:Windows_10,leaf:macOS_10_15.0,leaf:Linux_OTHER|leaf:Linux_Ubuntu|leaf:Windows_10|leaf:Windows_7|leaf:macOS_10_14.0|leaf:macOS_10_15.0
7348,fam:Windows,fam:Windows,fam:Windows,maj:Windows_10,maj:Windows_10,maj:Windows_10,leaf:Windows_10,leaf:Windows_10,leaf:Windows_10
7349,fam:Windows,fam:Windows,fam:Windows,maj:Windows_10,maj:Windows_7,maj:Windows_7|maj:Windows_8,leaf:Windows_10,leaf:Windows_8_OTHER,leaf:Windows_7|leaf:Windows_8_1.0|leaf:Windows_8_OTHER
7351,fam:Windows,fam:Windows,fam:Windows,maj:Windows_10,maj:Windows_10,maj:Windows_10,leaf:Windows_10,leaf:Windows_10,leaf:Windows_10
7353,fam:Windows,fam:Windows,fam:Windows,maj:Windows_10,maj:Windows_8,maj:Windows_7|maj:Windows_8,leaf:Windows_10,leaf:Windows_8_1.0,leaf:Windows_7|leaf:Windows_8_1.0|leaf:Windows_8_OTHER
7356,fam:Windows,fam:Windows,fam:Windows,maj:Windows_10,maj:Windows_10,maj:Windows_10,leaf:Windows_10,leaf:Windows_10,leaf:Windows_10
7362,fam:Windows,fam:Windows,fam:Windows,maj:Windows_10,maj:Windows_10,maj:Windows_10,leaf:Windows_10,leaf:Windows_10,leaf:Windows_10
7366,fam:Windows,fam:Windows,fam:Windows,maj:Windows_10,maj:Windows_10,maj:Windows_10,leaf:Windows_10,leaf:Windows_10,leaf:Windows_10
7367,fam:Windows,fam:Windows,fam:Android|fam:Linux|fam:Windows|fam:macOS,maj:Windows_10,maj:Windows_10,maj:Android_10|maj:Android_7|maj:Android_8|maj:Android_9|maj:Linux_OTHER|maj:Windows_10|maj:macOS_10,leaf:Windows_10,leaf:Linux_OTHER,leaf:Android_10|leaf:Android_7_0.0|leaf:Android_7_1.0|leaf:Android_8_0.0|leaf:Android_9|leaf:Linux_OTHER|leaf:Windows_10|leaf:macOS_10_11.0
7368,fam:Windows,fam:Android,fam:Android|fam:Linux,maj:Windows_10,maj:Android_9,maj:Android_10|maj:Android_7|maj:Android_8|maj:Android_9|maj:Linux_OTHER,leaf:Windows_10,leaf:Android_8_0.0,leaf:Android_10|leaf:Android_7_0.0|leaf:Android_8_0.0|leaf:Android_8_1.0|leaf:Android_9|leaf:Linux_OTHER
7369,fam:Windows,fam:Windows,fam:Windows,maj:Windows_10,maj:Windows_10,maj:Windows_10,leaf:Windows_10,leaf:Windows_10,leaf:Windows_10
7370,fam:Windows,fam:Windows,fam:Windows,maj:Windows_10,maj:Windows_10,maj:Windows_10,leaf:Windows_10,leaf:Windows_10,leaf:Windows_10
7371,fam:Windows,fam:Windows,fam:Windows,maj:Windows_10,maj:Windows_10,maj:Windows_10,leaf:Windows_10,leaf:Windows_10,leaf:Windows_10
7372,fam:Windows,fam:Windows,fam:Windows,maj:Windows_10,maj:Windows_10,maj:Windows_10|maj:Windows_7|maj:Windows_8,leaf:Windows_10,leaf:Windows_10,leaf:Windows_10|leaf:Windows_7|leaf:Windows_8_1.0
7373,fam:Windows,fam:iOS,fam:iOS|fam:macOS,maj:Windows_10,maj:iOS_13,maj:iOS_13|maj:macOS_10,leaf:Windows_10,leaf:iOS_13_5.0,leaf:iOS_13_3.0|leaf:iOS_13_4.0|leaf:iOS_13_5.0|leaf:macOS_10_15.0
7374,fam:Windows,fam:Windows,fam:Windows,maj:Windows_10,maj:Windows_10,maj:Windows_10,leaf:Windows_10,leaf:Windows_10,leaf:Windows_10
7379,fam:Windows,fam:Windows,fam:Windows,maj:Windows_10,maj:Windows_10,maj:Windows_10,leaf:Windows_10,leaf:Windows_10,leaf:Windows_10
7381,fam:Windows,fam:Windows,fam:Windows,maj:Windows_10,maj:Windows_10,maj:Windows_10,leaf:Windows_10,leaf:Windows_10,leaf:Windows_10
7382,fam:Windows,fam:Windows,fam:Windows,maj:Windows_10,maj:Windows_10,maj:Windows_10,leaf:Windows_10,leaf:Windows_10,leaf:Windows_10
7383,fam:Windows,fam:Windows,fam:Windows,maj:Windows_10,maj:Windows_10,maj:Windows_10|maj:Windows_7,leaf:Windows_10,leaf:Windows_10,leaf:Windows_10|leaf:Windows_7
7387,fam:Windows,fam:Windows,fam:Windows,maj:Windows_10,maj:Windows_10,maj:Windows_10,leaf:Windows_10,leaf:Windows_10,leaf:Windows_10
7388,fam:Windows,fam:Windows,fam:Windows,maj:Windows_10,maj:Windows_10,maj:Windows_10|maj:Windows_7|maj:Windows_8,leaf:Windows_10,leaf:Windows_10,leaf:Windows_10|leaf:Windows_7|leaf:Windows_8_1.0|leaf:Windows_8_OTHER
7389,fam:Windows,fam:Windows,fam:Windows,maj:Windows_10,maj:Windows_10,maj:Windows_10,leaf:Windows_10,leaf:Windows_10,leaf:Windows_10
7390,fam:Windows,fam:Windows,fam:Windows,maj:Windows_10,maj:Windows_10,maj:Windows_10,leaf:Windows_10,leaf:Windows_10,leaf:Windows_10
7391,fam:Windows,fam:Windows,fam:Windows|fam:macOS,maj:Windows_10,maj:Windows_10,maj:Windows_10|maj:Windows_7|maj:macOS_10,leaf:Windows_10,leaf:Windows_10,leaf:Windows_10|leaf:Windows_7|leaf:macOS_10_12.0
7395,fam:Windows,fam:Windows,fam:Windows,maj:Windows_10,maj:Windows_10,maj:Windows_10|maj:Windows_7|maj:Windows_8,leaf:Windows_10,leaf:Windows_8_OTHER,leaf:Windows_10|leaf:Windows_7|leaf:Windows_8_1.0|leaf:Windows_8_OTHER
7397,fam:Windows,fam:Windows,fam:Windows,maj:Windows_10,maj:Windows_10,maj:Windows_10|maj:Windows_7,leaf:Windows_10,leaf:Windows_10,leaf:Windows_10|leaf:Windows_7
7407,fam:Windows,fam:Windows,fam:Android|fam:Windows,maj:Windows_10,maj:Windows_10,maj:Android_10|maj:Android_7|maj:Windows_10,leaf:Windows_10,leaf:Windows_10,leaf:Android_10|leaf:Android_7_1.0|leaf:Windows_10
7415,fam:Windows,fam:Windows,fam:Windows,maj:Windows_10,maj:Windows_10,maj:Windows_10,leaf:Windows_10,leaf:Windows_10,leaf:Windows_10
7416,fam:Windows,fam:Windows,fam:Windows,maj:Windows_10,maj:Windows_10,maj:Windows_10,leaf:Windows_10,leaf:Windows_10,leaf:Windows_10
7419,fam:Windows,fam:Windows,fam:Windows,maj:Windows_10,maj:Windows_10,maj:Windows_10,leaf:Windows_10,leaf:Windows_10,leaf:Windows_10
7421,fam:Windows,fam:Windows,fam:Windows,maj:Windows_10,maj:Windows_10,maj:Windows_10,leaf:Windows_10,leaf:Windows_10,leaf:Windows_10
7422,fam:Windows,fam:Windows,fam:Windows,maj:Windows_10,maj:Windows_8,maj:Windows_10|maj:Windows_7|maj:Windows_8,leaf:Windows_10,leaf:Windows_8_1.0,leaf:Windows_10|leaf:Windows_7|leaf:Windows_8_1.0|leaf:Windows_8_OTHER
7425,fam:Windows,fam:Windows,fam:Windows,maj:Windows_10,maj:Windows_10,maj:Windows_10,leaf:Windows_10,leaf:Windows_10,leaf:Windows_10
7429,fam:Windows,fam:Windows,fam:Windows,maj:Windows_10,maj:Windows_10,maj:Windows_10,leaf:Windows_10,leaf:Windows_10,leaf:Windows_10
7430,fam:Windows,fam:Windows,fam:Windows,maj:Windows_10,maj:Windows_10,maj:Windows_10,leaf:Windows_10,leaf:Windows_10,leaf:Windows_10
7433,fam:Windows,fam:Windows,fam:Windows,maj:Windows_10,maj:Windows_10,maj:Windows_10,leaf:Windows_10,leaf:Windows_10,leaf:Windows_10
7435,fam:Windows,fam:Windows,fam:Windows,maj:Windows_10,maj:Windows_10,maj:Windows_10,leaf:Windows_10,leaf:Windows_10,leaf:Windows_10
7436,fam:Windows,fam:Windows,fam:Windows,maj:Windows_10,maj:Windows_10,maj:Windows_10,leaf:Windows_10,leaf:Windows_10,leaf:Windows_10
7439,fam:Windows,fam:Windows,fam:Windows,maj:Windows_10,maj:Windows_10,maj:Windows_10,leaf:Windows_10,leaf:Windows_10,leaf:Windows_10
7441,fam:Windows,fam:Windows,fam:Windows,maj:Windows_10,maj:Windows_10,maj:Windows_10,leaf:Windows_10,leaf:Windows_10,leaf:Windows_10
7442,fam:Windows,fam:Windows,fam:Windows,maj:Windows_10,maj:Windows_10,maj:Windows_10,leaf:Windows_10,leaf:Windows_10,leaf:Windows_10
7443,fam:Windows,fam:Windows,fam:Windows|fam:macOS,maj:Windows_10,maj:Windows_10,maj:Windows_10|maj:Windows_7|maj:Windows_8|maj:macOS_10,leaf:Windows_10,leaf:Windows_10,leaf:Windows_10|leaf:Windows_7|leaf:Windows_8_1.0|leaf:macOS_10_10.0|leaf:macOS_10_12.0
7444,fam:Windows,fam:Windows,fam:Windows,maj:Windows_10,maj:Windows_10,maj:Windows_10|maj:Windows_8,leaf:Windows_10,leaf:Windows_10,leaf:Windows_10|leaf:Windows_8_OTHER
7445,fam:Windows,fam:Windows,fam:Windows,maj:Windows_10,maj:Windows_10,maj:Windows_10,leaf:Windows_10,leaf:Windows_10,leaf:Windows_10
7449,fam:Windows,fam:Windows,fam:Windows,maj:Windows_10,maj:Windows_10,maj:Windows_10,leaf:Windows_10,leaf:Windows_10,leaf:Windows_10
7453,fam:Windows,fam:Windows,fam:Windows,maj:Windows_10,maj:Windows_10,maj:Windows_10|maj:Windows_8,leaf:Windows_10,leaf:Windows_10,leaf:Windows_10|leaf:Windows_8_OTHER
7454,fam:Windows,fam:Windows,fam:Windows,maj:Windows_10,maj:Windows_10,maj:Windows_10,leaf:Windows_10,leaf:Windows_10,leaf:Windows_10
7455,fam:Windows,fam:Windows,fam:Windows,maj:Windows_10,maj:Windows_10,maj:Windows_10,leaf:Windows_10,leaf:Windows_10,leaf:Windows_10
7456,fam:Windows,fam:Windows,fam:Windows,maj:Windows_10,maj:Windows_10,maj:Windows_10,leaf:Windows_10,leaf:Windows_10,leaf:Windows_10
7460,fam:Windows,fam:Windows,fam:Windows,maj:Windows_10,maj:Windows_10,maj:Windows_10,leaf:Windows_10,leaf:Windows_10,leaf:Windows_10
7466,fam:Windows,fam:Windows,fam:Windows,maj:Windows_10,maj:Windows_10,maj:Windows_10,leaf:Windows_10,leaf:Windows_10,leaf:Windows_10
7469,fam:Windows,fam:Windows,fam:Windows,maj:Windows_10,maj:Windows_10,maj:Windows_10|maj:Windows_8,leaf:Windows_10,leaf:Windows_10,leaf:Windows_10|leaf:Windows_8_OTHER
7471,fam:Windows,fam:Windows,fam:Windows,maj:Windows_10,maj:Windows_10,maj:Windows_10|maj:Windows_8,leaf:Windows_10,leaf:Windows_10,leaf:Windows_10|leaf:Windows_8_OTHER
7473,fam:Windows,fam:Windows,fam:Android|fam:Linux|fam:Windows|fam:macOS,maj:Windows_10,maj:Windows_10,maj:Android_10|maj:Android_4|maj:Android_9|maj:Linux_OTHER|maj:Windows_10|maj:Windows_7|maj:Windows_8|maj:macOS_10,leaf:Windows_10,leaf:Windows_8_1.0,leaf:Android_10|leaf:Android_4_1.0|leaf:Android_9|leaf:Linux_OTHER|leaf:Windows_10|leaf:Windows_7|leaf:Windows_8_1.0|leaf:Windows_8_OTHER|leaf:macOS_10_11.0
7475,fam:Windows,fam:Windows,fam:Windows,maj:Windows_10,maj:Windows_10,maj:Windows_10,leaf:Windows_10,leaf:Windows_10,leaf:Windows_10
7479,fam:Windows,fam:Windows,fam:Windows,maj:Windows_10,maj:Windows_10,maj:Windows_10,leaf:Windows_10,leaf:Windows_10,leaf:Windows_10
7481,fam:Windows,fam:Windows,fam:Windows,maj:Windows_10,maj:Windows_10,maj:Windows_10,leaf:Windows_10,leaf:Windows_10,leaf:Windows_10
7482,fam:Windows,fam:Windows,fam:Windows,maj:Windows_10,maj:Windows_10,maj:Windows_10,leaf:Windows_10,leaf:Windows_10,leaf:Windows_10
7483,fam:Windows,fam:Windows,fam:Windows,maj:Windows_10,maj:Windows_10,maj:Windows_10,leaf:Windows_10,leaf:Windows_10,leaf:Windows_10
7486,fam:Windows,fam:Windows,fam:Windows,maj:Windows_10,maj:Windows_10,maj:Windows_10|maj:Windows_8,leaf:Windows_10,leaf:Windows_10,leaf:Windows_10|leaf:Windows_8_OTHER
7487,fam:Windows,fam:macOS,fam:Windows|fam:macOS,maj:Windows_10,maj:macOS_10,maj:Windows_7|maj:macOS_10|maj:macOS_OTHER,leaf:Windows_10,leaf:macOS_10_13.0,leaf:Windows_7|leaf:macOS_10_11.0|leaf:macOS_10_12.0|leaf:macOS_10_13.0|leaf:macOS_OTHER
7492,fam:Windows,fam:Windows,fam:Windows,maj:Windows_10,maj:Windows_10,maj:Windows_10,leaf:Windows_10,leaf:Windows_10,leaf:Windows_10
7494,fam:Windows,fam:Windows,fam:Windows,maj:Windows_10,maj:Windows_10,maj:Windows_10,leaf:Windows_10,leaf:Windows_10,leaf:Windows_10
7497,fam:Windows,fam:Windows,fam:Android|fam:Windows,maj:Windows_10,maj:Windows_10,maj:Android_10|maj:Android_7|maj:Android_8|maj:Android_9|maj:Windows_10|maj:Windows_7,leaf:Windows_10,leaf:Windows_10,leaf:Android_10|leaf:Android_7_1.0|leaf:Android_8_0.0|leaf:Android_8_1.0|leaf:Android_9|leaf:Windows_10|leaf:Windows_7
7499,fam:Windows,fam:Windows,fam:Windows,maj:Windows_10,maj:Windows_10,maj:Windows_10,leaf:Windows_10,leaf:Windows_10,leaf:Windows_10
7502,fam:Windows,fam:Windows,fam:Windows|fam:macOS,maj:Windows_10,maj:Windows_10,maj:Windows_10|maj:macOS_10,leaf:Windows_10,leaf:Windows_10,leaf:Windows_10|leaf:macOS_10_12.0
7503,fam:Windows,fam:Windows,fam:Windows,maj:Windows_10,maj:Windows_10,maj:Windows_10|maj:Windows_8,leaf:Windows_10,leaf:Windows_10,leaf:Windows_10|leaf:Windows_8_1.0
7505,fam:Windows,fam:Windows,fam:Android|fam:Windows,maj:Windows_10,maj:Windows_10,maj:Android_10|maj:Android_7|maj:Android_8|maj:Android_9|maj:Windows_10,leaf:Windows_10,leaf:Windows_10,leaf:Android_10|leaf:Android_7_1.0|leaf:Android_8_0.0|leaf:Android_8_1.0|leaf:Android_9|leaf:Windows_10
7506,fam:Windows,fam:Windows,fam:Windows,maj:Windows_10,maj:Windows_10,maj:Windows_10,leaf:Windows_10,leaf:Windows_10,leaf:Windows_10
7507,fam:Windows,fam:Windows,fam:Windows,maj:Windows_10,maj:Windows_10,maj:Windows_10|maj:Windows_8,leaf:Windows_10,leaf:Windows_10,leaf:Windows_10|leaf:Windows_8_OTHER
7508,fam:Windows,fam:Windows,fam:Windows,maj:Windows_10,maj:Windows_10,maj:Windows_10|maj:Windows_8,leaf:Windows_10,leaf:Windows_10,leaf:Windows_10|leaf:Windows_8_OTHER
7510,fam:Windows,fam:Windows,fam:Windows,maj:Windows_10,maj:Windows_10,maj:Windows_10,leaf:Windows_10,leaf:Windows_10,leaf:Windows_10
7513,fam:Windows,fam:Windows,fam:Windows,maj:Windows_10,maj:Windows_10,maj:Windows_10,leaf:Windows_10,leaf:Windows_10,leaf:Windows_10
7514,fam:Windows,fam:Windows,fam:Windows,maj:Windows_10,maj:Windows_10,maj:Windows_10,leaf:Windows_10,leaf:Windows_10,leaf:Windows_10
7516,fam:Windows,fam:Windows,fam:Windows,maj:Windows_10,maj:Windows_10,maj:Windows_10|maj:Windows_8,leaf:Windows_10,leaf:Windows_10,leaf:Windows_10|leaf:Windows_8_OTHER
7517,fam:Windows,fam:Windows,fam:Windows,maj:Windows_10,maj:Windows_10,maj:Windows_10,leaf:Windows_10,leaf:Windows_10,leaf:Windows_10
7518,fam:Windows,fam:Windows,fam:Windows|fam:macOS,maj:Windows_10,maj:Windows_10,maj:Windows_10|maj:Windows_7|maj:Windows_8|maj:macOS_10,leaf:Windows_10,leaf:Windows_8_1.0,leaf:Windows_10|leaf:Windows_7|leaf:Windows_8_1.0|leaf:macOS_10_11.0
7519,fam:Windows,fam:Windows,fam:Windows,maj:Windows_10,maj:Windows_10,maj:Windows_10,leaf:Windows_10,leaf:Windows_10,leaf:Windows_10
7520,fam:Windows,fam:Windows,fam:Linux|fam:Windows|fam:macOS,maj:Windows_10,maj:Windows_10,maj:Linux_OTHER|maj:Windows_10|maj:Windows_7|maj:Windows_8|maj:Windows_XP|maj:macOS_10,leaf:Windows_10,leaf:Windows_10,leaf:Linux_OTHER|leaf:Windows_10|leaf:Windows_7|leaf:Windows_8_1.0|leaf:Windows_8_OTHER|leaf:Windows_XP|leaf:macOS_10_10.0|leaf:macOS_10_11.0|leaf:macOS_10_13.0|leaf:macOS_10_8.0|leaf:macOS_10_9.0
7523,fam:Windows,fam:Windows,fam:Windows,maj:Windows_10,maj:Windows_10,maj:Windows_10,leaf:Windows_10,leaf:Windows_10,leaf:Windows_10
7524,fam:Windows,fam:Windows,fam:Windows,maj:Windows_10,maj:Windows_10,maj:Windows_10,leaf:Windows_10,leaf:Windows_10,leaf:Windows_10
7525,fam:Windows,fam:Windows,fam:Windows,maj:Windows_10,maj:Windows_10,maj:Windows_10,leaf:Windows_10,leaf:Windows_10,leaf:Windows_10
7526,fam:Windows,fam:Windows,fam:Windows,maj:Windows_10,maj:Windows_10,maj:Windows_10|maj:Windows_7|maj:Windows_XP,leaf:Windows_10,leaf:Windows_10,leaf:Windows_10|leaf:Windows_7|leaf:Windows_XP
7527,fam:Windows,fam:Windows,fam:Windows,maj:Windows_10,maj:Windows_10,maj:Windows_10,leaf:Windows_10,leaf:Windows_10,leaf:Windows_10
7530,fam:Windows,fam:Windows,fam:Windows,maj:Windows_10,maj:Windows_10,maj:Windows_10,leaf:Windows_10,leaf:Windows_10,leaf:Windows_10
7532,fam:Windows,fam:Windows,fam:Windows,maj:Windows_10,maj:Windows_10,maj:Windows_10|maj:Windows_8,leaf:Windows_10,leaf:Windows_10,leaf:Windows_10|leaf:Windows_8_OTHER
7533,fam:Windows,fam:Windows,fam:Windows,maj:Windows_10,maj:Windows_10,maj:Windows_10,leaf:Windows_10,leaf:Windows_10,leaf:Windows_10
7535,fam:Windows,fam:Windows,fam:Windows,maj:Windows_10,maj:Windows_10,maj:Windows_10,leaf:Windows_10,leaf:Windows_10,leaf:Windows_10
7538,fam:Windows,fam:Windows,fam:Windows,maj:Windows_10,maj:Windows_10,maj:Windows_10,leaf:Windows_10,leaf:Windows_10,leaf:Windows_10
7540,fam:Windows,fam:Windows,fam:Windows,maj:Windows_10,maj:Windows_10,maj:Windows_10,leaf:Windows_10,leaf:Windows_10,leaf:Windows_10
7547,fam:Windows,fam:Windows,fam:Android|fam:Windows,maj:Windows_10,maj:Windows_10,maj:Android_5|maj:Windows_10,leaf:Windows_10,leaf:Windows_10,leaf:Android_5_1.0|leaf:Windows_10
7551,fam:Windows,fam:Windows,fam:Windows,maj:Windows_10,maj:Windows_10,maj:Windows_10,leaf:Windows_10,leaf:Windows_10,leaf:Windows_10
7552,fam:Windows,fam:Windows,fam:Windows,maj:Windows_10,maj:Windows_10,maj:Windows_10,leaf:Windows_10,leaf:Windows_10,leaf:Windows_10
7560,fam:Windows,fam:Windows,fam:Windows,maj:Windows_10,maj:Windows_10,maj:Windows_10,leaf:Windows_10,leaf:Windows_10,leaf:Windows_10
7563,fam:Windows,fam:Windows,fam:Windows,maj:Windows_10,maj:Windows_10,maj:Windows_10,leaf:Windows_10,leaf:Windows_10,leaf:Windows_10
7566,fam:Windows,fam:Windows,fam:Windows,maj:Windows_10,maj:Windows_10,maj:Windows_10,leaf:Windows_10,leaf:Windows_10,leaf:Windows_10
7567,fam:Windows,fam:Windows,fam:Windows,maj:Windows_10,maj:Windows_8,maj:Windows_10|maj:Windows_7|maj:Windows_8,leaf:Windows_10,leaf:Windows_10,leaf:Windows_10|leaf:Windows_7|leaf:Windows_8_1.0
7568,fam:Windows,fam:Windows,fam:Windows,maj:Windows_10,maj:Windows_10,maj:Windows_10,leaf:Windows_10,leaf:Windows_10,leaf:Windows_10
7569,fam:Windows,fam:Windows,fam:Windows,maj:Windows_10,maj:Windows_10,maj:Windows_10,leaf:Windows_10,leaf:Windows_10,leaf:Windows_10
7571,fam:Windows,fam:Windows,fam:Windows,maj:Windows_10,maj:Windows_10,maj:Windows_10,leaf:Windows_10,leaf:Windows_10,leaf:Windows_10
7572,fam:Windows,fam:Windows,fam:Linux|fam:Windows,maj:Windows_10,maj:Windows_10,maj:Linux_OTHER|maj:Windows_10|maj:Windows_7|maj:Windows_8,leaf:Windows_10,leaf:Windows_10,leaf:Linux_OTHER|leaf:Windows_10|leaf:Windows_7|leaf:Windows_8_1.0
7574,fam:Windows,fam:Windows,fam:Windows,maj:Windows_10,maj:Windows_8,maj:Windows_10|maj:Windows_7|maj:Windows_8,leaf:Windows_10,leaf:Windows_8_1.0,leaf:Windows_10|leaf:Windows_7|leaf:Windows_8_1.0|leaf:Windows_8_OTHER
7576,fam:Windows,fam:Windows,fam:Android|fam:Linux|fam:Windows,maj:Windows_10,maj:Windows_10,maj:Android_4|maj:Android_6|maj:Android_7|maj:Linux_OTHER|maj:Windows_10|maj:Windows_7|maj:Windows_8,leaf:Windows_10,leaf:Android_4_4.0,leaf:Android_4_2.0|leaf:Android_4_4.0|leaf:Android_6_0.0|leaf:Android_7_1.0|leaf:Linux_OTHER|leaf:Windows_10|leaf:Windows_7|leaf:Windows_8_1.0
7578,fam:Windows,fam:Windows,fam:Windows,maj:Windows_10,maj:Windows_10,maj:Windows_10,leaf:Windows_10,leaf:Windows_10,leaf:Windows_10
7579,fam:Windows,fam:Windows,fam:Windows,maj:Windows_10,maj:Windows_10,maj:Windows_10,leaf:Windows_10,leaf:Windows_10,leaf:Windows_10
7581,fam:Windows,fam:Windows,fam:Windows,maj:Windows_10,maj:Windows_10,maj:Windows_10,leaf:Windows_10,leaf:Windows_10,leaf:Windows_10
7582,fam:Windows,fam:Windows,fam:Windows,maj:Windows_10,maj:Windows_10,maj:Windows_10,leaf:Windows_10,leaf:Windows_10,leaf:Windows_10
7583,fam:Windows,fam:Windows,fam:Windows,maj:Windows_10,maj:Windows_10,maj:Windows_10|maj:Windows_8,leaf:Windows_10,leaf:Windows_10,leaf:Windows_10|leaf:Windows_8_1.0|leaf:Windows_8_OTHER
7584,fam:Windows,fam:Windows,fam:Android|fam:Windows|fam:macOS,maj:Windows_10,maj:Windows_10,maj:Android_10|maj:Android_7|maj:Android_8|maj:Android_9|maj:Windows_10|maj:Windows_7|maj:macOS_10,leaf:Windows_10,leaf:Windows_10,leaf:Android_10|leaf:Android_7_0.0|leaf:Android_8_0.0|leaf:Android_8_1.0|leaf:Android_9|leaf:Windows_10|leaf:Windows_7|leaf:macOS_10_12.0
7585,fam:Windows,fam:Windows,fam:Windows,maj:Windows_10,maj:Windows_10,maj:Windows_10,leaf:Windows_10,leaf:Windows_10,leaf:Windows_10
7588,fam:Windows,fam:Windows,fam:Android|fam:Windows,maj:Windows_10,maj:Windows_10,maj:Android_4|maj:Android_7|maj:Windows_10|maj:Windows_7,leaf:Windows_10,leaf:Windows_7,leaf:Android_4_1.0|leaf:Android_7_1.0|leaf:Windows_10|leaf:Windows_7
7589,fam:Windows,fam:Windows,fam:Windows,maj:Windows_10,maj:Windows_10,maj:Windows_10,leaf:Windows_10,leaf:Windows_10,leaf:Windows_10
7590,fam:Windows,fam:Windows,fam:Windows,maj:Windows_10,maj:Windows_10,maj:Windows_10,leaf:Windows_10,leaf:Windows_10,leaf:Windows_10
7593,fam:Windows,fam:Windows,fam:Windows,maj:Windows_10,maj:Windows_10,maj:Windows_10,leaf:Windows_10,leaf:Windows_10,leaf:Windows_10
7594,fam:Windows,fam:Windows,fam:Windows,maj:Windows_10,maj:Windows_10,maj:Windows_10,leaf:Windows_10,leaf:Windows_10,leaf:Windows_10
7596,fam:Windows,fam:Windows,fam:Windows,maj:Windows_10,maj:Windows_10,maj:Windows_10,leaf:Windows_10,leaf:Windows_10,leaf:Windows_10
7598,fam:Windows,fam:Windows,fam:Windows,maj:Windows_10,maj:Windows_10,maj:Windows_10,leaf:Windows_10,leaf:Windows_10,leaf:Windows_10
7599,fam:Windows,fam:Windows,fam:Windows,maj:Windows_10,maj:Windows_10,maj:Windows_10,leaf:Windows_10,leaf:Windows_10,leaf:Windows_10
7601,fam:Windows,fam:Windows,fam:Windows,maj:Windows_10,maj:Windows_10,maj:Windows_10,leaf:Windows_10,leaf:Windows_10,leaf:Windows_10
7606,fam:Windows,fam:Windows,fam:Windows,maj:Windows_10,maj:Windows_10,maj:Windows_10,leaf:Windows_10,leaf:Windows_10,leaf:Windows_10
7607,fam:Windows,fam:Windows,fam:Windows,maj:Windows_10,maj:Windows_10,maj:Windows_10,leaf:Windows_10,leaf:Windows_10,leaf:Windows_10
7608,fam:Windows,fam:Windows,fam:Windows,maj:Windows_10,maj:Windows_10,maj:Windows_10|maj:Windows_8,leaf:Windows_10,leaf:Windows_10,leaf:Windows_10|leaf:Windows_8_OTHER
7613,fam:Windows,fam:Windows,fam:Windows,maj:Windows_10,maj:Windows_10,maj:Windows_10,leaf:Windows_10,leaf:Windows_10,leaf:Windows_10
7616,fam:Windows,fam:Windows,fam:Windows,maj:Windows_10,maj:Windows_10,maj:Windows_10,leaf:Windows_10,leaf:Windows_10,leaf:Windows_10
7617,fam:Windows,fam:Windows,fam:Windows,maj:Windows_10,maj:Windows_10,maj:Windows_10,leaf:Windows_10,leaf:Windows_10,leaf:Windows_10
7618,fam:Windows,fam:Windows,fam:Windows,maj:Windows_10,maj:Windows_8,maj:Windows_10|maj:Windows_8,leaf:Windows_10,leaf:Windows_8_1.0,leaf:Windows_10|leaf:Windows_8_1.0
7622,fam:Windows,fam:Windows,fam:Windows,maj:Windows_10,maj:Windows_10,maj:Windows_10,leaf:Windows_10,leaf:Windows_10,leaf:Windows_10
7623,fam:Windows,fam:Windows,fam:Windows,maj:Windows_10,maj:Windows_10,maj:Windows_10,leaf:Windows_10,leaf:Windows_10,leaf:Windows_10
7625,fam:Windows,fam:Windows,fam:Windows,maj:Windows_10,maj:Windows_10,maj:Windows_10,leaf:Windows_10,leaf:Windows_10,leaf:Windows_10
7630,fam:Windows,fam:Windows,fam:Windows,maj:Windows_10,maj:Windows_10,maj:Windows_10|maj:Windows_8,leaf:Windows_10,leaf:Windows_10,leaf:Windows_10|leaf:Windows_8_OTHER
7635,fam:Windows,fam:Windows,fam:Windows,maj:Windows_10,maj:Windows_10,maj:Windows_10,leaf:Windows_10,leaf:Windows_10,leaf:Windows_10
7637,fam:Windows,fam:Windows,fam:Windows,maj:Windows_10,maj:Windows_10,maj:Windows_10,leaf:Windows_10,leaf:Windows_10,leaf:Windows_10
7641,fam:Windows,fam:Windows,fam:Windows,maj:Windows_10,maj:Windows_10,maj:Windows_10,leaf:Windows_10,leaf:Windows_10,leaf:Windows_10
7642,fam:Windows,fam:Windows,fam:Windows,maj:Windows_10,maj:Windows_10,maj:Windows_10|maj:Windows_8,leaf:Windows_10,leaf:Windows_10,leaf:Windows_10|leaf:Windows_8_OTHER
7645,fam:Windows,fam:Windows,fam:Linux|fam:Windows|fam:macOS,maj:Windows_10,maj:Windows_10,maj:Linux_OTHER|maj:Linux_Ubuntu|maj:Windows_10|maj:Windows_7|maj:Windows_8|maj:macOS_10,leaf:Windows_10,leaf:Windows_7,leaf:Linux_OTHER|leaf:Linux_Ubuntu|leaf:Windows_10|leaf:Windows_7|leaf:Windows_8_1.0|leaf:Windows_8_OTHER|leaf:macOS_10_11.0|leaf:macOS_10_12.0|leaf:macOS_10_13.0|leaf:macOS_10_15.0
7646,fam:Windows,fam:Windows,fam:Windows,maj:Windows_10,maj:Windows_10,maj:Windows_10|maj:Windows_8,leaf:Windows_10,leaf:Windows_10,leaf:Windows_10|leaf:Windows_8_OTHER
7648,fam:Windows,fam:Windows,fam:Windows,maj:Windows_10,maj:Windows_10,maj:Windows_10,leaf:Windows_10,leaf:Windows_10,leaf:Windows_10
7649,fam:Windows,fam:Windows,fam:Windows,maj:Windows_10,maj:Windows_10,maj:Windows_10,leaf:Windows_10,leaf:Windows_10,leaf:Windows_10
7650,fam:Windows,fam:Windows,fam:Windows,maj:Windows_10,maj:Windows_10,maj:Windows_10,leaf:Windows_10,leaf:Windows_10,leaf:Windows_10
7651,fam:Windows,fam:Windows,fam:Windows,maj:Windows_10,maj:Windows_10,maj:Windows_10,leaf:Windows_10,leaf:Windows_10,leaf:Windows_10
7652,fam:Windows,fam:Windows,fam:Windows,maj:Windows_10,maj:Windows_10,maj:Windows_10,leaf:Windows_10,leaf:Windows_10,leaf:Windows_10
7659,fam:Windows,fam:Windows,fam:Windows,maj:Windows_10,maj:Windows_10,maj:Windows_10,leaf:Windows_10,leaf:Windows_10,leaf:Windows_10
7661,fam:Windows,fam:Windows,fam:Windows,maj:Windows_10,maj:Windows_10,maj:Windows_10,leaf:Windows_10,leaf:Windows_10,leaf:Windows_10
7662,fam:Windows,fam:Windows,fam:Windows,maj:Windows_10,maj:Windows_10,maj:Windows_10,leaf:Windows_10,leaf:Windows_10,leaf:Windows_10
7663,fam:Windows,fam:Windows,fam:Windows,maj:Windows_10,maj:Windows_10,maj:Windows_10|maj:Windows_7,leaf:Windows_10,leaf:Windows_10,leaf:Windows_10|leaf:Windows_7
7664,fam:Windows,fam:Windows,fam:Windows,maj:Windows_10,maj:Windows_10,maj:Windows_10,leaf:Windows_10,leaf:Windows_10,leaf:Windows_10
7665,fam:Windows,fam:Windows,fam:Android|fam:Windows,maj:Windows_10,maj:Windows_10,maj:Android_5|maj:Android_7|maj:Windows_10,leaf:Windows_10,leaf:Windows_10,leaf:Android_5_1.0|leaf:Android_7_1.0|leaf:Windows_10
7666,fam:Windows,fam:Windows,fam:Windows,maj:Windows_10,maj:Windows_10,maj:Windows_10,leaf:Windows_10,leaf:Windows_10,leaf:Windows_10
7670,fam:Windows,fam:Windows,fam:Windows,maj:Windows_10,maj:Windows_10,maj:Windows_10|maj:Windows_7,leaf:Windows_10,leaf:Windows_10,leaf:Windows_10|leaf:Windows_7
7672,fam:Windows,fam:Windows,fam:Windows,maj:Windows_10,maj:Windows_10,maj:Windows_10,leaf:Windows_10,leaf:Windows_10,leaf:Windows_10
7675,fam:Windows,fam:Windows,fam:Windows,maj:Windows_10,maj:Windows_10,maj:Windows_10|maj:Windows_8,leaf:Windows_10,leaf:Windows_10,leaf:Windows_10|leaf:Windows_8_1.0
7676,fam:Windows,fam:Windows,fam:Windows,maj:Windows_10,maj:Windows_10,maj:Windows_10,leaf:Windows_10,leaf:Windows_10,leaf:Windows_10
7677,fam:Windows,fam:Windows,fam:Windows,maj:Windows_10,maj:Windows_10,maj:Windows_10,leaf:Windows_10,leaf:Windows_10,leaf:Windows_10
7680,fam:Windows,fam:Windows,fam:Windows,maj:Windows_10,maj:Windows_10,maj:Windows_10,leaf:Windows_10,leaf:Windows_10,leaf:Windows_10
7681,fam:Windows,fam:Windows,fam:Windows,maj:Windows_10,maj:Windows_10,maj:Windows_10,leaf:Windows_10,leaf:Windows_10,leaf:Windows_10
7684,fam:Windows,fam:Windows,fam:Windows,maj:Windows_10,maj:Windows_10,maj:Windows_7|maj:Windows_8,leaf:Windows_10,leaf:Windows_7,leaf:Windows_7|leaf:Windows_8_1.0|leaf:Windows_8_OTHER
7686,fam:Windows,fam:Windows,fam:Windows|fam:macOS,maj:Windows_10,maj:Windows_10,maj:Windows_10|maj:Windows_7|maj:Windows_8|maj:macOS_10,leaf:Windows_10,leaf:Windows_10,leaf:Windows_10|leaf:Windows_7|leaf:Windows_8_1.0|leaf:macOS_10_10.0|leaf:macOS_10_13.0
7689,fam:Windows,fam:Windows,fam:Windows,maj:Windows_10,maj:Windows_10,maj:Windows_10|maj:Windows_7,leaf:Windows_10,leaf:Windows_10,leaf:Windows_10|leaf:Windows_7
7692,fam:Windows,fam:Windows,fam:Windows,maj:Windows_10,maj:Windows_10,maj:Windows_10,leaf:Windows_10,leaf:Windows_10,leaf:Windows_10
7693,fam:Windows,fam:Windows,fam:Windows,maj:Windows_10,maj:Windows_10,maj:Windows_10,leaf:Windows_10,leaf:Windows_10,leaf:Windows_10
7696,fam:Windows,fam:Windows,fam:Windows,maj:Windows_10,maj:Windows_10,maj:Windows_10|maj:Windows_8,leaf:Windows_10,leaf:Windows_10,leaf:Windows_10|leaf:Windows_8_OTHER
7699,fam:Windows,fam:Windows,fam:Android|fam:Windows,maj:Windows_10,maj:Windows_10,maj:Android_8|maj:Android_9|maj:Windows_10,leaf:Windows_10,leaf:Windows_10,leaf:Android_8_0.0|leaf:Android_8_1.0|leaf:Android_9|leaf:Windows_10
7702,fam:Windows,fam:Windows,fam:Windows,maj:Windows_10,maj:Windows_10,maj:Windows_10,leaf:Windows_10,leaf:Windows_10,leaf:Windows_10
7703,fam:Windows,fam:Windows,fam:Windows,maj:Windows_10,maj:Windows_10,maj:Windows_10,leaf:Windows_10,leaf:Windows_10,leaf:Windows_10
7704,fam:Windows,fam:Windows,fam:Windows,maj:Windows_10,maj:Windows_10,maj:Windows_10,leaf:Windows_10,leaf:Windows_10,leaf:Windows_10
7705,fam:Windows,fam:Windows,fam:Windows,maj:Windows_10,maj:Windows_10,maj:Windows_10,leaf:Windows_10,leaf:Windows_10,leaf:Windows_10
7706,fam:Windows,fam:Windows,fam:Windows,maj:Windows_10,maj:Windows_10,maj:Windows_10,leaf:Windows_10,leaf:Windows_10,leaf:Windows_10
7709,fam:Windows,fam:Windows,fam:Windows|fam:macOS,maj:Windows_10,maj:Windows_10,maj:Windows_10|maj:macOS_10,leaf:Windows_10,leaf:Windows_10,leaf:Windows_10|leaf:macOS_10_12.0
7710,fam:Windows,fam:Windows,fam:Windows,maj:Windows_10,maj:Windows_10,maj:Windows_10,leaf:Windows_10,leaf:Windows_10,leaf:Windows_10
7713,fam:Windows,fam:Windows,fam:Windows,maj:Windows_10,maj:Windows_10,maj:Windows_10,leaf:Windows_10,leaf:Windows_10,leaf:Windows_10
7714,fam:Windows,fam:Windows,fam:Windows,maj:Windows_10,maj:Windows_10,maj:Windows_10,leaf:Windows_10,leaf:Windows_10,leaf:Windows_10
7716,fam:Windows,fam:Windows,fam:Windows,maj:Windows_10,maj:Windows_10,maj:Windows_10,leaf:Windows_10,leaf:Windows_10,leaf:Windows_10
7717,fam:Windows,fam:Windows,fam:Windows,maj:Windows_10,maj:Windows_10,maj:Windows_10,leaf:Windows_10,leaf:Windows_10,leaf:Windows_10
7718,fam:Windows,fam:Windows,fam:Windows,maj:Windows_10,maj:Windows_10,maj:Windows_10,leaf:Windows_10,leaf:Windows_10,leaf:Windows_10
7720,fam:Windows,fam:Windows,fam:Windows,maj:Windows_10,maj:Windows_10,maj:Windows_10,leaf:Windows_10,leaf:Windows_10,leaf:Windows_10
7723,fam:Windows,fam:Windows,fam:Windows,maj:Windows_10,maj:Windows_10,maj:Windows_10,leaf:Windows_10,leaf:Windows_10,leaf:Windows_10
7724,fam:Windows,fam:Windows,fam:Windows,maj:Windows_10,maj:Windows_10,maj:Windows_10,leaf:Windows_10,leaf:Windows_10,leaf:Windows_10
7725,fam:Windows,fam:Windows,fam:Windows,maj:Windows_10,maj:Windows_10,maj:Windows_10,leaf:Windows_10,leaf:Windows_10,leaf:Windows_10
7728,fam:Windows,fam:Windows,fam:Windows,maj:Windows_10,maj:Windows_10,maj:Windows_10|maj:Windows_7,leaf:Windows_10,leaf:Windows_10,leaf:Windows_10|leaf:Windows_7
7729,fam:Windows,fam:Windows,fam:Windows,maj:Windows_10,maj:Windows_10,maj:Windows_10,leaf:Windows_10,leaf:Windows_10,leaf:Windows_10
7730,fam:Windows,fam:Windows,fam:Linux|fam:Windows,maj:Windows_10,maj:Windows_10,maj:Linux_OTHER|maj:Windows_10|maj:Windows_7|maj:Windows_8,leaf:Windows_10,leaf:Windows_7,leaf:Linux_OTHER|leaf:Windows_10|leaf:Windows_7|leaf:Windows_8_1.0|leaf:Windows_8_OTHER
7731,fam:Windows,fam:Windows,fam:Windows,maj:Windows_10,maj:Windows_10,maj:Windows_10,leaf:Windows_10,leaf:Windows_10,leaf:Windows_10
7733,fam:Windows,fam:Windows,fam:Windows,maj:Windows_10,maj:Windows_10,maj:Windows_10,leaf:Windows_10,leaf:Windows_10,leaf:Windows_10
7735,fam:Windows,fam:Windows,fam:Windows,maj:Windows_10,maj:Windows_10,maj:Windows_10,leaf:Windows_10,leaf:Windows_10,leaf:Windows_10
7737,fam:Windows,fam:Windows,fam:Windows,maj:Windows_10,maj:Windows_10,maj:Windows_10,leaf:Windows_10,leaf:Windows_10,leaf:Windows_10
7738,fam:Windows,fam:Windows,fam:Windows,maj:Windows_10,maj:Windows_10,maj:Windows_10,leaf:Windows_10,leaf:Windows_10,leaf:Windows_10
7744,fam:Windows,fam:Windows,fam:Windows,maj:Windows_10,maj:Windows_10,maj:Windows_10,leaf:Windows_10,leaf:Windows_10,leaf:Windows_10
7745,fam:Windows,fam:Windows,fam:Windows,maj:Windows_10,maj:Windows_10,maj:Windows_10,leaf:Windows_10,leaf:Windows_10,leaf:Windows_10
7746,fam:Windows,fam:Windows,fam:Windows,maj:Windows_10,maj:Windows_10,maj:Windows_10,leaf:Windows_10,leaf:Windows_10,leaf:Windows_10
7750,fam:Windows,fam:Windows,fam:Windows,maj:Windows_10,maj:Windows_10,maj:Windows_10,leaf:Windows_10,leaf:Windows_10,leaf:Windows_10
7751,fam:Windows,fam:Windows,fam:Windows,maj:Windows_10,maj:Windows_8,maj:Windows_7|maj:Windows_8,leaf:Windows_10,leaf:Windows_8_OTHER,leaf:Windows_7|leaf:Windows_8_1.0|leaf:Windows_8_OTHER
7753,fam:Windows,fam:Windows,fam:Windows,maj:Windows_10,maj:Windows_10,maj:Windows_10,leaf:Windows_10,leaf:Windows_10,leaf:Windows_10
7754,fam:Windows,fam:Windows,fam:Windows,maj:Windows_10,maj:Windows_10,maj:Windows_10|maj:Windows_8,leaf:Windows_10,leaf:Windows_10,leaf:Windows_10|leaf:Windows_8_OTHER
7756,fam:Windows,fam:Windows,fam:Android|fam:Windows,maj:Windows_10,maj:Windows_10,maj:Android_6|maj:Android_7|maj:Windows_10|maj:Windows_7|maj:Windows_8,leaf:Windows_10,leaf:Windows_10,leaf:Android_6_0.0|leaf:Android_7_0.0|leaf:Windows_10|leaf:Windows_7|leaf:Windows_8_1.0
7758,fam:Windows,fam:Windows,fam:Windows,maj:Windows_10,maj:Windows_10,maj:Windows_10,leaf:Windows_10,leaf:Windows_10,leaf:Windows_10
7759,fam:Windows,fam:Windows,fam:Linux|fam:Windows|fam:macOS,maj:Windows_10,maj:Windows_10,maj:Linux_OTHER|maj:Windows_10|maj:Windows_7|maj:Windows_8|maj:macOS_10,leaf:Windows_10,leaf:Windows_10,leaf:Linux_OTHER|leaf:Windows_10|leaf:Windows_7|leaf:Windows_8_1.0|leaf:macOS_10_13.0|leaf:macOS_10_8.0
7760,fam:Windows,fam:Windows,fam:Windows,maj:Windows_10,maj:Windows_10,maj:Windows_10,leaf:Windows_10,leaf:Windows_10,leaf:Windows_10
7764,fam:Windows,fam:Windows,fam:Windows|fam:macOS,maj:Windows_10,maj:Windows_10,maj:Windows_10|maj:Windows_8|maj:macOS_10,leaf:Windows_10,leaf:Windows_8_1.0,leaf:Windows_10|leaf:Windows_8_1.0|leaf:macOS_10_10.0|leaf:macOS_10_13.0
7765,fam:Windows,fam:Windows,fam:Windows,maj:Windows_10,maj:Windows_10,maj:Windows_10,leaf:Windows_10,leaf:Windows_10,leaf:Windows_10
7767,fam:Windows,fam:Windows,fam:Windows,maj:Windows_10,maj:Windows_10,maj:Windows_10,leaf:Windows_10,leaf:Windows_10,leaf:Windows_10
7769,fam:Windows,fam:Windows,fam:Windows,maj:Windows_10,maj:Windows_10,maj:Windows_10,leaf:Windows_10,leaf:Windows_10,leaf:Windows_10
7770,fam:Windows,fam:Windows,fam:Windows,maj:Windows_10,maj:Windows_10,maj:Windows_10,leaf:Windows_10,leaf:Windows_10,leaf:Windows_10
7771,fam:Windows,fam:Windows,fam:Windows,maj:Windows_10,maj:Windows_10,maj:Windows_10,leaf:Windows_10,leaf:Windows_10,leaf:Windows_10
7773,fam:Windows,fam:Windows,fam:Windows,maj:Windows_10,maj:Windows_10,maj:Windows_10,leaf:Windows_10,leaf:Windows_10,leaf:Windows_10
7776,fam:Windows,fam:Windows,fam:Windows,maj:Windows_10,maj:Windows_10,maj:Windows_10,leaf:Windows_10,leaf:Windows_10,leaf:Windows_10
7777,fam:Windows,fam:Windows,fam:Windows,maj:Windows_10,maj:Windows_10,maj:Windows_10,leaf:Windows_10,leaf:Windows_10,leaf:Windows_10
7778,fam:Windows,fam:Windows,fam:Windows,maj:Windows_10,maj:Windows_10,maj:Windows_10,leaf:Windows_10,leaf:Windows_10,leaf:Windows_10
7780,fam:Windows,fam:Windows,fam:Windows,maj:Windows_10,maj:Windows_10,maj:Windows_10,leaf:Windows_10,leaf:Windows_10,leaf:Windows_10
7781,fam:Windows,fam:Windows,fam:Windows,maj:Windows_10,maj:Windows_10,maj:Windows_10,leaf:Windows_10,leaf:Windows_10,leaf:Windows_10
7783,fam:Windows,fam:Windows,fam:Windows,maj:Windows_10,maj:Windows_10,maj:Windows_10,leaf:Windows_10,leaf:Windows_10,leaf:Windows_10
7784,fam:Windows,fam:Windows,fam:Windows,maj:Windows_10,maj:Windows_10,maj:Windows_10,leaf:Windows_10,leaf:Windows_10,leaf:Windows_10
7785,fam:Windows,fam:Windows,fam:Windows,maj:Windows_10,maj:Windows_10,maj:Windows_10,leaf:Windows_10,leaf:Windows_10,leaf:Windows_10
7789,fam:Windows,fam:Windows,fam:Windows,maj:Windows_10,maj:Windows_10,maj:Windows_10,leaf:Windows_10,leaf:Windows_10,leaf:Windows_10
7791,fam:Windows,fam:Windows,fam:Windows,maj:Windows_10,maj:Windows_10,maj:Windows_10,leaf:Windows_10,leaf:Windows_10,leaf:Windows_10
7793,fam:Windows,fam:Android,fam:Android,maj:Windows_10,maj:Android_7,maj:Android_5|maj:Android_6|maj:Android_7|maj:Android_8,leaf:Windows_10,leaf:Android_7_0.0,leaf:Android_5_1.0|leaf:Android_6_0.0|leaf:Android_7_0.0|leaf:Android_8_0.0|leaf:Android_8_1.0
7794,fam:Windows,fam:Windows,fam:Windows,maj:Windows_10,maj:Windows_10,maj:Windows_10,leaf:Windows_10,leaf:Windows_10,leaf:Windows_10
7795,fam:Windows,fam:Windows,fam:Windows,maj:Windows_10,maj:Windows_10,maj:Windows_10,leaf:Windows_10,leaf:Windows_10,leaf:Windows_10
7796,fam:Windows,fam:Windows,fam:Windows,maj:Windows_10,maj:Windows_10,maj:Windows_10,leaf:Windows_10,leaf:Windows_10,leaf:Windows_10
7797,fam:Windows,fam:Windows,fam:Windows,maj:Windows_10,maj:Windows_8,maj:Windows_10|maj:Windows_7|maj:Windows_8,leaf:Windows_10,leaf:Windows_8_1.0,leaf:Windows_10|leaf:Windows_7|leaf:Windows_8_1.0|leaf:Windows_8_OTHER
7798,fam:Windows,fam:Windows,fam:Windows,maj:Windows_10,maj:Windows_10,maj:Windows_10,leaf:Windows_10,leaf:Windows_10,leaf:Windows_10
7799,fam:Windows,fam:Windows,fam:Windows,maj:Windows_10,maj:Windows_10,maj:Windows_10|maj:Windows_8,leaf:Windows_10,leaf:Windows_10,leaf:Windows_10|leaf:Windows_8_OTHER
7800,fam:Windows,fam:Windows,fam:Windows,maj:Windows_10,maj:Windows_10,maj:Windows_10|maj:Windows_8,leaf:Windows_10,leaf:Windows_10,leaf:Windows_10|leaf:Windows_8_OTHER
7802,fam:Windows,fam:Windows,fam:Windows,maj:Windows_10,maj:Windows_10,maj:Windows_10,leaf:Windows_10,leaf:Windows_10,leaf:Windows_10
7804,fam:Windows,fam:Windows,fam:Windows,maj:Windows_10,maj:Windows_10,maj:Windows_10,leaf:Windows_10,leaf:Windows_10,leaf:Windows_10
7805,fam:Windows,fam:Windows,fam:Windows,maj:Windows_10,maj:Windows_10,maj:Windows_10|maj:Windows_7,leaf:Windows_10,leaf:Windows_10,leaf:Windows_10|leaf:Windows_7
7808,fam:Windows,fam:Windows,fam:Windows,maj:Windows_10,maj:Windows_10,maj:Windows_10,leaf:Windows_10,leaf:Windows_10,leaf:Windows_10
7810,fam:Windows,fam:Windows,fam:Windows,maj:Windows_10,maj:Windows_10,maj:Windows_10,leaf:Windows_10,leaf:Windows_10,leaf:Windows_10
7811,fam:Windows,fam:Windows,fam:Windows,maj:Windows_10,maj:Windows_10,maj:Windows_10,leaf:Windows_10,leaf:Windows_10,leaf:Windows_10
7812,fam:Windows,fam:Windows,fam:Android|fam:Linux|fam:Windows,maj:Windows_10,maj:Windows_10,maj:Android_10|maj:Android_5|maj:Android_6|maj:Android_7|maj:Android_8|maj:Android_9|maj:Linux_OTHER|maj:Windows_10,leaf:Windows_10,leaf:Android_8_0.0,leaf:Android_10|leaf:Android_5_1.0|leaf:Android_6_0.0|leaf:Android_7_0.0|leaf:Android_7_1.0|leaf:Android_8_0.0|leaf:Android_8_1.0|leaf:Android_9|leaf:Linux_OTHER|leaf:Windows_10
7814,fam:Windows,fam:Windows,fam:Windows,maj:Windows_10,maj:Windows_10,maj:Windows_10,leaf:Windows_10,leaf:Windows_10,leaf:Windows_10
7817,fam:Windows,fam:Windows,fam:Windows,maj:Windows_10,maj:Windows_10,maj:Windows_10,leaf:Windows_10,leaf:Windows_10,leaf:Windows_10
7818,fam:Windows,fam:Windows,fam:Windows,maj:Windows_10,maj:Windows_10,maj:Windows_10,leaf:Windows_10,leaf:Windows_10,leaf:Windows_10
7820,fam:Windows,fam:Windows,fam:Windows,maj:Windows_10,maj:Windows_7,maj:Windows_7,leaf:Windows_10,leaf:Windows_7,leaf:Windows_7
7821,fam:Windows,fam:Windows,fam:Android|fam:Windows,maj:Windows_10,maj:Windows_8,maj:Android_6|maj:Android_OTHER|maj:Windows_10|maj:Windows_7|maj:Windows_8,leaf:Windows_10,leaf:Windows_7,leaf:Android_6_0.0|leaf:Android_OTHER|leaf:Windows_10|leaf:Windows_7|leaf:Windows_8_1.0|leaf:Windows_8_OTHER
7824,fam:Windows,fam:Windows,fam:Windows,maj:Windows_10,maj:Windows_10,maj:Windows_10,leaf:Windows_10,leaf:Windows_10,leaf:Windows_10
7825,fam:Windows,fam:Windows,fam:Android|fam:Windows,maj:Windows_10,maj:Windows_8,maj:Android_6|maj:Android_OTHER|maj:Windows_10|maj:Windows_7|maj:Windows_8,leaf:Windows_10,leaf:Windows_7,leaf:Android_6_0.0|leaf:Android_OTHER|leaf:Windows_10|leaf:Windows_7|leaf:Windows_8_1.0|leaf:Windows_8_OTHER
7828,fam:Windows,fam:Windows,fam:Windows,maj:Windows_10,maj:Windows_10,maj:Windows_10,leaf:Windows_10,leaf:Windows_10,leaf:Windows_10
7829,fam:Windows,fam:Windows,fam:Windows,maj:Windows_10,maj:Windows_10,maj:Windows_10,leaf:Windows_10,leaf:Windows_10,leaf:Windows_10
7832,fam:Windows,fam:Windows,fam:Windows,maj:Windows_10,maj:Windows_10,maj:Windows_10,leaf:Windows_10,leaf:Windows_10,leaf:Windows_10
7836,fam:Windows,fam:Windows,fam:Windows,maj:Windows_10,maj:Windows_10,maj:Windows_10,leaf:Windows_10,leaf:Windows_10,leaf:Windows_10
7837,fam:Windows,fam:Windows,fam:Windows,maj:Windows_10,maj:Windows_10,maj:Windows_10,leaf:Windows_10,leaf:Windows_10,leaf:Windows_10
7839,fam:Windows,fam:Windows,fam:Windows,maj:Windows_10,maj:Windows_10,maj:Windows_10,leaf:Windows_10,leaf:Windows_10,leaf:Windows_10
7840,fam:Windows,fam:Windows,fam:Windows,maj:Windows_10,maj:Windows_10,maj:Windows_10|maj:Windows_8,leaf:Windows_10,leaf:Windows_10,leaf:Windows_10|leaf:Windows_8_1.0
7842,fam:Windows,fam:Windows,fam:Windows,maj:Windows_10,maj:Windows_10,maj:Windows_10,leaf:Windows_10,leaf:Windows_10,leaf:Windows_10
7843,fam:Windows,fam:Windows,fam:Windows,maj:Windows_10,maj:Windows_10,maj:Windows_10,leaf:Windows_10,leaf:Windows_10,leaf:Windows_10
7844,fam:Windows,fam:Windows,fam:Windows,maj:Windows_10,maj:Windows_10,maj:Windows_10,leaf:Windows_10,leaf:Windows_10,leaf:Windows_10
7846,fam:Windows,fam:Windows,fam:Windows,maj:Windows_10,maj:Windows_10,maj:Windows_10|maj:Windows_8,leaf:Windows_10,leaf:Windows_10,leaf:Windows_10|leaf:Windows_8_OTHER
7847,fam:Windows,fam:Windows,fam:Android|fam:Linux|fam:Windows,maj:Windows_10,maj:Windows_10,maj:Android_7|maj:Android_8|maj:Android_9|maj:Linux_OTHER|maj:Linux_Ubuntu|maj:Windows_10|maj:Windows_7,leaf:Windows_10,leaf:Android_9,leaf:Android_7_0.0|leaf:Android_8_0.0|leaf:Android_8_1.0|leaf:Android_9|leaf:Linux_OTHER|leaf:Linux_Ubuntu|leaf:Windows_10|leaf:Windows_7
7849,fam:Windows,fam:Windows,fam:Windows,maj:Windows_10,maj:Windows_10,maj:Windows_10,leaf:Windows_10,leaf:Windows_10,leaf:Windows_10
7850,fam:Windows,fam:Windows,fam:Windows,maj:Windows_10,maj:Windows_10,maj:Windows_10,leaf:Windows_10,leaf:Windows_10,leaf:Windows_10
7851,fam:Windows,fam:Windows,fam:Windows,maj:Windows_10,maj:Windows_10,maj:Windows_10,leaf:Windows_10,leaf:Windows_10,leaf:Windows_10
7854,fam:Windows,fam:Windows,fam:Windows,maj:Windows_10,maj:Windows_10,maj:Windows_10,leaf:Windows_10,leaf:Windows_10,leaf:Windows_10
7858,fam:Windows,fam:Windows,fam:Linux|fam:Windows,maj:Windows_10,maj:Windows_10,maj:Linux_OTHER|maj:Windows_10|maj:Windows_7|maj:Windows_8,leaf:Windows_10,leaf:Windows_10,leaf:Linux_OTHER|leaf:Windows_10|leaf:Windows_7|leaf:Windows_8_1.0
7861,fam:Windows,fam:Windows,fam:Windows,maj:Windows_10,maj:Windows_10,maj:Windows_10,leaf:Windows_10,leaf:Windows_10,leaf:Windows_10
7862,fam:Windows,fam:Windows,fam:Windows,maj:Windows_10,maj:Windows_10,maj:Windows_10,leaf:Windows_10,leaf:Windows_10,leaf:Windows_10
7863,fam:Windows,fam:Windows,fam:Windows,maj:Windows_10,maj:Windows_10,maj:Windows_10,leaf:Windows_10,leaf:Windows_10,leaf:Windows_10
7864,fam:Windows,fam:Windows,fam:Windows,maj:Windows_10,maj:Windows_10,maj:Windows_10,leaf:Windows_10,leaf:Windows_10,leaf:Windows_10
7865,fam:Windows,fam:Windows,fam:Windows,maj:Windows_10,maj:Windows_10,maj:Windows_10,leaf:Windows_10,leaf:Windows_10,leaf:Windows_10
7866,fam:Windows,fam:Windows,fam:Windows,maj:Windows_10,maj:Windows_10,maj:Windows_10|maj:Windows_7|maj:Windows_8,leaf:Windows_10,leaf:Windows_10,leaf:Windows_10|leaf:Windows_7|leaf:Windows_8_1.0
7869,fam:Windows,fam:Windows,fam:Linux|fam:Windows|fam:macOS,maj:Windows_10,maj:Windows_10,maj:Linux_OTHER|maj:Windows_10|maj:Windows_7|maj:Windows_8|maj:Windows_XP|maj:macOS_10,leaf:Windows_10,leaf:Windows_10,leaf:Linux_OTHER|leaf:Windows_10|leaf:Windows_7|leaf:Windows_8_1.0|leaf:Windows_8_OTHER|leaf:Windows_XP|leaf:macOS_10_10.0|leaf:macOS_10_11.0|leaf:macOS_10_13.0|leaf:macOS_10_8.0|leaf:macOS_10_9.0
7870,fam:Windows,fam:Windows,fam:Windows,maj:Windows_10,maj:Windows_10,maj:Windows_10,leaf:Windows_10,leaf:Windows_10,leaf:Windows_10
7871,fam:Windows,fam:Windows,fam:Windows,maj:Windows_10,maj:Windows_10,maj:Windows_10,leaf:Windows_10,leaf:Windows_10,leaf:Windows_10
7873,fam:Windows,fam:Windows,fam:Android|fam:Linux|fam:Windows,maj:Windows_10,maj:Windows_10,maj:Android_4|maj:Android_6|maj:Android_7|maj:Linux_OTHER|maj:Windows_10|maj:Windows_7|maj:Windows_8,leaf:Windows_10,leaf:Windows_10,leaf:Android_4_0.0|leaf:Android_4_4.0|leaf:Android_6_0.0|leaf:Android_7_1.0|leaf:Linux_OTHER|leaf:Windows_10|leaf:Windows_7|leaf:Windows_8_1.0
7874,fam:Windows,fam:Windows,fam:Windows,maj:Windows_10,maj:Windows_8,maj:Windows_7|maj:Windows_8,leaf:Windows_10,leaf:Windows_8_1.0,leaf:Windows_7|leaf:Windows_8_1.0|leaf:Windows_8_OTHER
7875,fam:Windows,fam:Windows,fam:Windows,maj:Windows_10,maj:Windows_10,maj:Windows_10,leaf:Windows_10,leaf:Windows_10,leaf:Windows_10
7876,fam:Windows,fam:Windows,fam:Windows,maj:Windows_10,maj:Windows_10,maj:Windows_10,leaf:Windows_10,leaf:Windows_10,leaf:Windows_10
7877,fam:Windows,fam:Windows,fam:Windows,maj:Windows_10,maj:Windows_10,maj:Windows_10,leaf:Windows_10,leaf:Windows_10,leaf:Windows_10
7878,fam:Windows,fam:Windows,fam:Windows,maj:Windows_10,maj:Windows_10,maj:Windows_10,leaf:Windows_10,leaf:Windows_10,leaf:Windows_10
7880,fam:Windows,fam:Windows,fam:Windows,maj:Windows_10,maj:Windows_10,maj:Windows_10,leaf:Windows_10,leaf:Windows_10,leaf:Windows_10
7881,fam:Windows,fam:Windows,fam:Windows,maj:Windows_10,maj:Windows_10,maj:Windows_10,leaf:Windows_10,leaf:Windows_10,leaf:Windows_10
7882,fam:Windows,fam:Windows,fam:Windows,maj:Windows_10,maj:Windows_10,maj:Windows_10|maj:Windows_8,leaf:Windows_10,leaf:Windows_10,leaf:Windows_10|leaf:Windows_8_OTHER
7884,fam:Windows,fam:Windows,fam:Android|fam:Windows|fam:macOS,maj:Windows_10,maj:Android_4,maj:Android_4|maj:Android_6|maj:Windows_10|maj:Windows_7|maj:Windows_8|maj:macOS_10,leaf:Windows_10,leaf:Windows_10,leaf:Android_4_4.0|leaf:Android_6_0.0|leaf:Windows_10|leaf:Windows_7|leaf:Windows_8_1.0|leaf:Windows_8_OTHER|leaf:macOS_10_15.0
7885,fam:Windows,fam:Windows,fam:Android|fam:Windows|fam:macOS,maj:Windows_10,maj:Windows_7,maj:Android_4|maj:Windows_10|maj:Windows_7|maj:Windows_8|maj:macOS_10,leaf:Windows_10,leaf:Windows_10,leaf:Android_4_4.0|leaf:Windows_10|leaf:Windows_7|leaf:Windows_8_1.0|leaf:Windows_8_OTHER|leaf:macOS_10_15.0
7886,fam:Windows,fam:Android,fam:Android|fam:Linux|fam:Windows|fam:macOS,maj:Windows_10,maj:Windows_10,maj:Android_10|maj:Android_9|maj:Linux_OTHER|maj:Windows_10|maj:macOS_10,leaf:Windows_10,leaf:Android_9,leaf:Android_10|leaf:Android_9|leaf:Linux_OTHER|leaf:Windows_10|leaf:macOS_10_11.0
7887,fam:Windows,fam:Windows,fam:Windows,maj:Windows_10,maj:Windows_10,maj:Windows_10,leaf:Windows_10,leaf:Windows_10,leaf:Windows_10
7888,fam:Windows,fam:Windows,fam:Windows,maj:Windows_10,maj:Windows_10,maj:Windows_10,leaf:Windows_10,leaf:Windows_10,leaf:Windows_10
7889,fam:Windows,fam:Windows,fam:Windows,maj:Windows_10,maj:Windows_10,maj:Windows_10,leaf:Windows_10,leaf:Windows_10,leaf:Windows_10
7890,fam:Windows,fam:Windows,fam:Windows,maj:Windows_10,maj:Windows_10,maj:Windows_10,leaf:Windows_10,leaf:Windows_10,leaf:Windows_10
7891,fam:Windows,fam:Windows,fam:Windows,maj:Windows_10,maj:Windows_10,maj:Windows_10,leaf:Windows_10,leaf:Windows_10,leaf:Windows_10
7894,fam:Windows,fam:Windows,fam:Windows,maj:Windows_10,maj:Windows_10,maj:Windows_10,leaf:Windows_10,leaf:Windows_10,leaf:Windows_10
7897,fam:Windows,fam:Windows,fam:Windows,maj:Windows_10,maj:Windows_10,maj:Windows_10,leaf:Windows_10,leaf:Windows_10,leaf:Windows_10
7899,fam:Windows,fam:Windows,fam:Windows,maj:Windows_10,maj:Windows_10,maj:Windows_10,leaf:Windows_10,leaf:Windows_10,leaf:Windows_10
7900,fam:Windows,fam:Windows,fam:Windows,maj:Windows_10,maj:Windows_10,maj:Windows_10,leaf:Windows_10,leaf:Windows_10,leaf:Windows_10
7911,fam:Windows,fam:Windows,fam:Windows,maj:Windows_10,maj:Windows_10,maj:Windows_10,leaf:Windows_10,leaf:Windows_10,leaf:Windows_10
7913,fam:Windows,fam:Windows,fam:Windows,maj:Windows_10,maj:Windows_10,maj:Windows_10,leaf:Windows_10,leaf:Windows_10,leaf:Windows_10
7916,fam:Windows,fam:Windows,fam:Windows,maj:Windows_10,maj:Windows_10,maj:Windows_10,leaf:Windows_10,leaf:Windows_10,leaf:Windows_10
7919,fam:Windows,fam:Windows,fam:Android|fam:Linux|fam:Windows,maj:Windows_10,maj:Windows_10,maj:Android_4|maj:Android_7|maj:Linux_OTHER|maj:Windows_10|maj:Windows_7,leaf:Windows_10,leaf:Windows_10,leaf:Android_4_4.0|leaf:Android_7_1.0|leaf:Linux_OTHER|leaf:Windows_10|leaf:Windows_7
7920,fam:Windows,fam:Windows,fam:Android|fam:Windows,maj:Windows_10,maj:Android_4,maj:Android_4|maj:Windows_10|maj:Windows_7|maj:Windows_8,leaf:Windows_10,leaf:Android_4_4.0,leaf:Android_4_4.0|leaf:Windows_10|leaf:Windows_7|leaf:Windows_8_1.0|leaf:Windows_8_OTHER
7923,fam:Windows,fam:Windows,fam:Windows,maj:Windows_10,maj:Windows_10,maj:Windows_10,leaf:Windows_10,leaf:Windows_10,leaf:Windows_10
7927,fam:Windows,fam:Windows,fam:Windows,maj:Windows_10,maj:Windows_10,maj:Windows_10,leaf:Windows_10,leaf:Windows_10,leaf:Windows_10
7928,fam:Windows,fam:Windows,fam:Windows,maj:Windows_10,maj:Windows_10,maj:Windows_10,leaf:Windows_10,leaf:Windows_10,leaf:Windows_10
7934,fam:Windows,fam:Windows,fam:Windows,maj:Windows_10,maj:Windows_10,maj:Windows_10,leaf:Windows_10,leaf:Windows_10,leaf:Windows_10
7939,fam:Windows,fam:Windows,fam:Windows,maj:Windows_10,maj:Windows_10,maj:Windows_10,leaf:Windows_10,leaf:Windows_10,leaf:Windows_10
7940,fam:Windows,fam:Windows,fam:Windows,maj:Windows_10,maj:Windows_10,maj:Windows_10,leaf:Windows_10,leaf:Windows_10,leaf:Windows_10
7941,fam:Windows,fam:Windows,fam:Windows,maj:Windows_10,maj:Windows_10,maj:Windows_10,leaf:Windows_10,leaf:Windows_10,leaf:Windows_10
7943,fam:Windows,fam:Windows,fam:Windows,maj:Windows_10,maj:Windows_10,maj:Windows_10,leaf:Windows_10,leaf:Windows_10,leaf:Windows_10
7945,fam:Windows,fam:Windows,fam:Windows,maj:Windows_10,maj:Windows_10,maj:Windows_10,leaf:Windows_10,leaf:Windows_10,leaf:Windows_10
7946,fam:Windows,fam:Windows,fam:Windows,maj:Windows_10,maj:Windows_8,maj:Windows_10|maj:Windows_7|maj:Windows_8,leaf:Windows_10,leaf:Windows_8_1.0,leaf:Windows_10|leaf:Windows_7|leaf:Windows_8_1.0|leaf:Windows_8_OTHER
7949,fam:Windows,fam:Windows,fam:Windows,maj:Windows_10,maj:Windows_10,maj:Windows_10,leaf:Windows_10,leaf:Windows_10,leaf:Windows_10
7950,fam:Windows,fam:Windows,fam:Windows,maj:Windows_10,maj:Windows_10,maj:Windows_10,leaf:Windows_10,leaf:Windows_10,leaf:Windows_10
7951,fam:Windows,fam:Windows,fam:Windows,maj:Windows_10,maj:Windows_10,maj:Windows_10,leaf:Windows_10,leaf:Windows_10,leaf:Windows_10
7952,fam:Windows,fam:Windows,fam:Windows,maj:Windows_10,maj:Windows_10,maj:Windows_10,leaf:Windows_10,leaf:Windows_10,leaf:Windows_10
7953,fam:Windows,fam:Windows,fam:Windows,maj:Windows_10,maj:Windows_10,maj:Windows_10,leaf:Windows_10,leaf:Windows_10,leaf:Windows_10
7954,fam:Windows,fam:Windows,fam:Windows,maj:Windows_10,maj:Windows_10,maj:Windows_10|maj:Windows_8,leaf:Windows_10,leaf:Windows_10,leaf:Windows_10|leaf:Windows_8_OTHER
7955,fam:Windows,fam:Windows,fam:Windows,maj:Windows_10,maj:Windows_10,maj:Windows_10,leaf:Windows_10,leaf:Windows_10,leaf:Windows_10
7956,fam:Windows,fam:Windows,fam:Windows,maj:Windows_10,maj:Windows_10,maj:Windows_10,leaf:Windows_10,leaf:Windows_10,leaf:Windows_10
7961,fam:Windows,fam:Windows,fam:Windows,maj:Windows_10,maj:Windows_10,maj:Windows_10,leaf:Windows_10,leaf:Windows_10,leaf:Windows_10
7962,fam:Windows,fam:Windows,fam:Windows,maj:Windows_10,maj:Windows_10,maj:Windows_10,leaf:Windows_10,leaf:Windows_10,leaf:Windows_10
7963,fam:Windows,fam:Windows,fam:Windows,maj:Windows_10,maj:Windows_7,maj:Windows_7|maj:Windows_8,leaf:Windows_10,leaf:Windows_8_OTHER,leaf:Windows_7|leaf:Windows_8_1.0|leaf:Windows_8_OTHER
7964,fam:Windows,fam:Windows,fam:Windows,maj:Windows_10,maj:Windows_10,maj:Windows_10,leaf:Windows_10,leaf:Windows_10,leaf:Windows_10
7967,fam:Windows,fam:Windows,fam:Windows,maj:Windows_10,maj:Windows_10,maj:Windows_10,leaf:Windows_10,leaf:Windows_10,leaf:Windows_10
7969,fam:Windows,fam:Windows,fam:Windows,maj:Windows_10,maj:Windows_10,maj:Windows_10,leaf:Windows_10,leaf:Windows_10,leaf:Windows_10
7970,fam:Windows,fam:Windows,fam:Windows,maj:Windows_10,maj:Windows_10,maj:Windows_10,leaf:Windows_10,leaf:Windows_10,leaf:Windows_10
7972,fam:Windows,fam:Windows,fam:Windows,maj:Windows_10,maj:Windows_10,maj:Windows_10,leaf:Windows_10,leaf:Windows_10,leaf:Windows_10
7973,fam:Windows,fam:Windows,fam:Windows,maj:Windows_10,maj:Windows_10,maj:Windows_10|maj:Windows_8,leaf:Windows_10,leaf:Windows_10,leaf:Windows_10|leaf:Windows_8_OTHER
7981,fam:Windows,fam:Windows,fam:Windows,maj:Windows_10,maj:Windows_7,maj:Windows_10|maj:Windows_7,leaf:Windows_10,leaf:Windows_7,leaf:Windows_10|leaf:Windows_7
7982,fam:Windows,fam:Windows,fam:Windows,maj:Windows_10,maj:Windows_10,maj:Windows_10,leaf:Windows_10,leaf:Windows_10,leaf:Windows_10
7983,fam:Windows,fam:Windows,fam:Windows,maj:Windows_10,maj:Windows_10,maj:Windows_10,leaf:Windows_10,leaf:Windows_10,leaf:Windows_10
7984,fam:Windows,fam:Windows,fam:Windows,maj:Windows_10,maj:Windows_10,maj:Windows_10,leaf:Windows_10,leaf:Windows_10,leaf:Windows_10
7985,fam:Windows,fam:Windows,fam:Windows,maj:Windows_10,maj:Windows_10,maj:Windows_10|maj:Windows_8,leaf:Windows_10,leaf:Windows_10,leaf:Windows_10|leaf:Windows_8_OTHER
7986,fam:Windows,fam:Windows,fam:Linux|fam:Windows|fam:macOS,maj:Windows_10,maj:Windows_10,maj:Linux_OTHER|maj:Windows_10|maj:Windows_7|maj:Windows_8|maj:macOS_10,leaf:Windows_10,leaf:Windows_10,leaf:Linux_OTHER|leaf:Windows_10|leaf:Windows_7|leaf:Windows_8_1.0|leaf:macOS_10_13.0|leaf:macOS_10_8.0
7987,fam:Windows,fam:Windows,fam:Windows,maj:Windows_10,maj:Windows_10,maj:Windows_10,leaf:Windows_10,leaf:Windows_10,leaf:Windows_10
7991,fam:Windows,fam:Windows,fam:Windows,maj:Windows_10,maj:Windows_10,maj:Windows_10|maj:Windows_7,leaf:Windows_10,leaf:Windows_10,leaf:Windows_10|leaf:Windows_7
7992,fam:Windows,fam:Windows,fam:Windows,maj:Windows_10,maj:Windows_10,maj:Windows_10,leaf:Windows_10,leaf:Windows_10,leaf:Windows_10
7993,fam:Windows,fam:Windows,fam:Windows,maj:Windows_10,maj:Windows_10,maj:Windows_10,leaf:Windows_10,leaf:Windows_10,leaf:Windows_10
7994,fam:Windows,fam:Windows,fam:Windows,maj:Windows_10,maj:Windows_10,maj:Windows_10,leaf:Windows_10,leaf:Windows_10,leaf:Windows_10
7997,fam:Windows,fam:Windows,fam:Windows,maj:Windows_10,maj:Windows_10,maj:Windows_10|maj:Windows_8,leaf:Windows_10,leaf:Windows_10,leaf:Windows_10|leaf:Windows_8_OTHER
7999,fam:Windows,fam:Windows,fam:Windows,maj:Windows_10,maj:Windows_8,maj:Windows_10|maj:Windows_7|maj:Windows_8,leaf:Windows_10,leaf:Windows_10,leaf:Windows_10|leaf:Windows_7|leaf:Windows_8_1.0
8008,fam:Windows,fam:Windows,fam:Linux|fam:Windows,maj:Windows_10,maj:Windows_10,maj:Linux_OTHER|maj:Windows_10|maj:Windows_7|maj:Windows_8,leaf:Windows_10,leaf:Windows_10,leaf:Linux_OTHER|leaf:Windows_10|leaf:Windows_7|leaf:Windows_8_1.0
8011,fam:Windows,fam:Windows,fam:Windows,maj:Windows_10,maj:Windows_7,maj:Windows_10|maj:Windows_7|maj:Windows_8,leaf:Windows_10,leaf:Windows_7,leaf:Windows_10|leaf:Windows_7|leaf:Windows_8_1.0
8012,fam:Windows,fam:Windows,fam:Windows,maj:Windows_10,maj:Windows_10,maj:Windows_10,leaf:Windows_10,leaf:Windows_10,leaf:Windows_10
8015,fam:Windows,fam:Android,fam:Android|fam:Linux|fam:Windows,maj:Windows_10,maj:Windows_XP,maj:Android_6|maj:Linux_OTHER|maj:Windows_XP,leaf:Windows_10,leaf:Windows_XP,leaf:Android_6_0.0|leaf:Linux_OTHER|leaf:Windows_XP
8016,fam:Windows,fam:Windows,fam:Windows,maj:Windows_10,maj:Windows_10,maj:Windows_10|maj:Windows_8,leaf:Windows_10,leaf:Windows_10,leaf:Windows_10|leaf:Windows_8_OTHER
8020,fam:Windows,fam:Windows,fam:Windows|fam:macOS,maj:Windows_10,maj:Linux_Ubuntu,maj:Windows_10|maj:Windows_7|maj:Windows_8|maj:macOS_10,leaf:Windows_10,leaf:Windows_8_1.0,leaf:Windows_10|leaf:Windows_7|leaf:Windows_8_1.0|leaf:macOS_10_11.0
8022,fam:Windows,fam:Windows,fam:Windows,maj:Windows_10,maj:Windows_10,maj:Windows_10,leaf:Windows_10,leaf:Windows_10,leaf:Windows_10
8026,fam:Windows,fam:Windows,fam:Windows,maj:Windows_10,maj:Windows_10,maj:Windows_10,leaf:Windows_10,leaf:Windows_10,leaf:Windows_10
8027,fam:Windows,fam:Windows,fam:Windows,maj:Windows_10,maj:Windows_10,maj:Windows_10|maj:Windows_8,leaf:Windows_10,leaf:Windows_10,leaf:Windows_10|leaf:Windows_8_OTHER
8030,fam:Windows,fam:Windows,fam:Windows,maj:Windows_10,maj:Windows_10,maj:Windows_10,leaf:Windows_10,leaf:Windows_10,leaf:Windows_10
8031,fam:Windows,fam:Windows,fam:Windows,maj:Windows_10,maj:Windows_10,maj:Windows_10,leaf:Windows_10,leaf:Windows_10,leaf:Windows_10
8033,fam:Windows,fam:Windows,fam:Windows,maj:Windows_10,maj:Windows_10,maj:Windows_10,leaf:Windows_10,leaf:Windows_10,leaf:Windows_10
8035,fam:Windows,fam:Windows,fam:Linux|fam:Windows,maj:Windows_10,maj:Windows_10,maj:Linux_OTHER|maj:Windows_10,leaf:Windows_10,leaf:Windows_10,leaf:Linux_OTHER|leaf:Windows_10
8040,fam:Windows,fam:Windows,fam:Android|fam:Windows|fam:macOS,maj:Windows_10,maj:Windows_10,maj:Android_10|maj:Android_4|maj:Android_9|maj:Windows_10|maj:Windows_7|maj:Windows_8|maj:macOS_10,leaf:Windows_10,leaf:macOS_10_11.0,leaf:Android_10|leaf:Android_4_1.0|leaf:Android_9|leaf:Windows_10|leaf:Windows_7|leaf:Windows_8_1.0|leaf:Windows_8_OTHER|leaf:macOS_10_11.0|leaf:macOS_10_12.0
8042,fam:Windows,fam:Windows,fam:Windows,maj:Windows_10,maj:Windows_10,maj:Windows_10|maj:Windows_8,leaf:Windows_10,leaf:Windows_10,leaf:Windows_10|leaf:Windows_8_OTHER
8045,fam:Windows,fam:Windows,fam:Windows,maj:Windows_10,maj:Windows_10,maj:Windows_10,leaf:Windows_10,leaf:Windows_10,leaf:Windows_10
8047,fam:Windows,fam:Windows,fam:Android|fam:Linux|fam:Windows|fam:macOS,maj:Windows_10,maj:Windows_10,maj:Android_7|maj:Android_8|maj:Android_9|maj:Linux_OTHER|maj:Windows_10|maj:macOS_10,leaf:Windows_10,leaf:Windows_10,leaf:Android_7_0.0|leaf:Android_7_1.0|leaf:Android_8_0.0|leaf:Android_8_1.0|leaf:Android_9|leaf:Linux_OTHER|leaf:Windows_10|leaf:macOS_10_14.0|leaf:macOS_10_15.0
8051,fam:Windows,fam:Windows,fam:Windows,maj:Windows_10,maj:Windows_10,maj:Windows_10,leaf:Windows_10,leaf:Windows_10,leaf:Windows_10
8055,fam:Windows,fam:Windows,fam:Android|fam:Windows|fam:macOS,maj:Windows_10,maj:Windows_10,maj:Android_4|maj:Android_6|maj:Android_7|maj:Windows_10|maj:Windows_7|maj:Windows_8|maj:macOS_10,leaf:Windows_10,leaf:Android_7_0.0,leaf:Android_4_4.0|leaf:Android_6_0.0|leaf:Android_7_0.0|leaf:Windows_10|leaf:Windows_7|leaf:Windows_8_1.0|leaf:Windows_8_OTHER|leaf:macOS_10_14.0|leaf:macOS_10_15.0
8057,fam:Windows,fam:Windows,fam:Windows,maj:Windows_10,maj:Windows_10,maj:Windows_10,leaf:Windows_10,leaf:Windows_10,leaf:Windows_10
8061,fam:Windows,fam:Windows,fam:Linux|fam:Windows|fam:macOS,maj:Windows_10,maj:Windows_10,maj:Linux_OTHER|maj:Windows_10|maj:Windows_7|maj:Windows_8|maj:Windows_XP|maj:macOS_10,leaf:Windows_10,leaf:Windows_XP,leaf:Linux_OTHER|leaf:Windows_10|leaf:Windows_7|leaf:Windows_8_1.0|leaf:Windows_8_OTHER|leaf:Windows_XP|leaf:macOS_10_11.0|leaf:macOS_10_8.0
8062,fam:Windows,fam:Windows,fam:Windows,maj:Windows_10,maj:Windows_10,maj:Windows_10|maj:Windows_7,leaf:Windows_10,leaf:Windows_10,leaf:Windows_10|leaf:Windows_7
8064,fam:Windows,fam:Windows,fam:Windows,maj:Windows_10,maj:Windows_10,maj:Windows_10|maj:Windows_8,leaf:Windows_10,leaf:Windows_10,leaf:Windows_10|leaf:Windows_8_OTHER
8066,fam:Windows,fam:Windows,fam:Windows,maj:Windows_10,maj:Windows_10,maj:Windows_10,leaf:Windows_10,leaf:Windows_10,leaf:Windows_10
8071,fam:Windows,fam:Windows,fam:Windows,maj:Windows_10,maj:Windows_10,maj:Windows_10,leaf:Windows_10,leaf:Windows_10,leaf:Windows_10
8074,fam:Windows,fam:Windows,fam:Windows,maj:Windows_10,maj:Windows_10,maj:Windows_10,leaf:Windows_10,leaf:Windows_10,leaf:Windows_10
8075,fam:Windows,fam:Windows,fam:Windows,maj:Windows_10,maj:Windows_10,maj:Windows_10,leaf:Windows_10,leaf:Windows_10,leaf:Windows_10
8078,fam:Windows,fam:Windows,fam:Windows,maj:Windows_10,maj:Windows_10,maj:Windows_10|maj:Windows_8,leaf:Windows_10,leaf:Windows_10,leaf:Windows_10|leaf:Windows_8_OTHER
8080,fam:Windows,fam:Windows,fam:Windows,maj:Windows_10,maj:Windows_10,maj:Windows_10,leaf:Windows_10,leaf:Windows_10,leaf:Windows_10
8082,fam:Windows,fam:Windows,fam:Windows,maj:Windows_10,maj:Windows_10,maj:Windows_10,leaf:Windows_10,leaf:Windows_10,leaf:Windows_10
8083,fam:Windows,fam:Windows,fam:Windows,maj:Windows_10,maj:Windows_10,maj:Windows_10,leaf:Windows_10,leaf:Windows_10,leaf:Windows_10
8088,fam:Windows,fam:Windows,fam:Windows,maj:Windows_10,maj:Windows_10,maj:Windows_10|maj:Windows_8,leaf:Windows_10,leaf:Windows_10,leaf:Windows_10|leaf:Windows_8_OTHER
8089,fam:Windows,fam:Windows,fam:Windows,maj:Windows_10,maj:Windows_10,maj:Windows_10,leaf:Windows_10,leaf:Windows_10,leaf:Windows_10
8095,fam:Windows,fam:Windows,fam:Windows|fam:macOS,maj:Windows_10,maj:Windows_10,maj:Windows_10|maj:macOS_10,leaf:Windows_10,leaf:Windows_10,leaf:Windows_10|leaf:macOS_10_12.0
8097,fam:Windows,fam:Windows,fam:Android|fam:Windows|fam:macOS,maj:Windows_7,maj:Windows_7,maj:Android_4|maj:Android_7|maj:Android_8|maj:Windows_10|maj:Windows_7|maj:macOS_10,leaf:Windows_7,leaf:Android_4_4.0,leaf:Android_4_4.0|leaf:Android_7_0.0|leaf:Android_8_1.0|leaf:Windows_10|leaf:Windows_7|leaf:macOS_10_15.0
8101,fam:Windows,fam:Windows,fam:Windows,maj:Windows_7,maj:Windows_7,maj:Windows_7,leaf:Windows_7,leaf:Windows_7,leaf:Windows_7
8103,fam:Windows,fam:Windows,fam:Windows,maj:Windows_7,maj:Windows_7,maj:Windows_7,leaf:Windows_7,leaf:Windows_7,leaf:Windows_7
8104,fam:Windows,fam:Windows,fam:Windows,maj:Windows_7,maj:Windows_8,maj:Windows_7|maj:Windows_8,leaf:Windows_7,leaf:Windows_8_1.0,leaf:Windows_7|leaf:Windows_8_1.0|leaf:Windows_8_OTHER
8105,fam:Windows,fam:Windows,fam:Windows,maj:Windows_7,maj:Windows_7,maj:Windows_7,leaf:Windows_7,leaf:Windows_7,leaf:Windows_7
8109,fam:Windows,fam:Windows,fam:Windows,maj:Windows_7,maj:Windows_7,maj:Windows_10|maj:Windows_7,leaf:Windows_7,leaf:Windows_7,leaf:Windows_10|leaf:Windows_7
8110,fam:Windows,fam:Windows,fam:Windows,maj:Windows_7,maj:Windows_7,maj:Windows_7,leaf:Windows_7,leaf:Windows_7,leaf:Windows_7
8112,fam:Windows,fam:Windows,fam:Windows,maj:Windows_7,maj:Windows_7,maj:Windows_7,leaf:Windows_7,leaf:Windows_7,leaf:Windows_7
8114,fam:Windows,fam:Windows,fam:Windows,maj:Windows_7,maj:Windows_7,maj:Windows_7|maj:Windows_8,leaf:Windows_7,leaf:Windows_7,leaf:Windows_7|leaf:Windows_8_1.0
8120,fam:Windows,fam:Windows,fam:Windows,maj:Windows_7,maj:Windows_7,maj:Windows_7,leaf:Windows_7,leaf:Windows_7,leaf:Windows_7
8126,fam:Windows,fam:Windows,fam:Windows,maj:Windows_7,maj:Windows_7,maj:Windows_10|maj:Windows_7,leaf:Windows_7,leaf:Windows_7,leaf:Windows_10|leaf:Windows_7
8132,fam:Windows,fam:Windows,fam:Windows,maj:Windows_7,maj:Windows_7,maj:Windows_10|maj:Windows_7,leaf:Windows_7,leaf:Windows_7,leaf:Windows_10|leaf:Windows_7
8134,fam:Windows,fam:Windows,fam:Windows,maj:Windows_7,maj:Windows_8,maj:Windows_10|maj:Windows_7|maj:Windows_8,leaf:Windows_7,leaf:Windows_8_1.0,leaf:Windows_10|leaf:Windows_7|leaf:Windows_8_1.0|leaf:Windows_8_OTHER
8135,fam:Windows,fam:Windows,fam:Windows,maj:Windows_7,maj:Windows_7,maj:Windows_7,leaf:Windows_7,leaf:Windows_7,leaf:Windows_7
8136,fam:Windows,fam:Windows,fam:Windows,maj:Windows_7,maj:Windows_7,maj:Windows_7,leaf:Windows_7,leaf:Windows_7,leaf:Windows_7
8137,fam:Windows,fam:Windows,fam:Windows,maj:Windows_7,maj:Windows_8,maj:Windows_7|maj:Windows_8,leaf:Windows_7,leaf:Windows_7,leaf:Windows_7|leaf:Windows_8_1.0
8141,fam:Windows,fam:Windows,fam:Windows,maj:Windows_7,maj:Windows_7,maj:Windows_7,leaf:Windows_7,leaf:Windows_7,leaf:Windows_7
8142,fam:Windows,fam:Windows,fam:Windows,maj:Windows_7,maj:Windows_7,maj:Windows_7,leaf:Windows_7,leaf:Windows_7,leaf:Windows_7
8145,fam:Windows,fam:Windows,fam:Windows,maj:Windows_7,maj:Windows_7,maj:Windows_10|maj:Windows_7,leaf:Windows_7,leaf:Windows_7,leaf:Windows_10|leaf:Windows_7
8147,fam:Windows,fam:Windows,fam:Windows,maj:Windows_7,maj:Windows_7,maj:Windows_7|maj:Windows_8,leaf:Windows_7,leaf:Windows_8_1.0,leaf:Windows_7|leaf:Windows_8_1.0|leaf:Windows_8_OTHER
8149,fam:Windows,fam:Windows,fam:Windows,maj:Windows_7,maj:Windows_7,maj:Windows_7,leaf:Windows_7,leaf:Windows_7,leaf:Windows_7
8157,fam:Windows,fam:Windows,fam:Windows,maj:Windows_7,maj:Windows_7,maj:Windows_7,leaf:Windows_7,leaf:Windows_7,leaf:Windows_7
8159,fam:Windows,fam:Windows,fam:Windows,maj:Windows_7,maj:Windows_7,maj:Windows_7,leaf:Windows_7,leaf:Windows_7,leaf:Windows_7
8160,fam:Windows,fam:Windows,fam:Linux|fam:Windows|fam:macOS,maj:Windows_7,maj:Windows_7,maj:Linux_OTHER|maj:Windows_10|maj:Windows_7|maj:Windows_8|maj:macOS_10,leaf:Windows_7,leaf:Windows_7,leaf:Linux_OTHER|leaf:Windows_10|leaf:Windows_7|leaf:Windows_8_1.0|leaf:macOS_10_15.0
8161,fam:Windows,fam:Windows,fam:Windows,maj:Windows_7,maj:Windows_8,maj:Windows_10|maj:Windows_7|maj:Windows_8,leaf:Windows_7,leaf:Windows_8_1.0,leaf:Windows_10|leaf:Windows_7|leaf:Windows_8_1.0|leaf:Windows_8_OTHER
8162,fam:Windows,fam:Windows,fam:Windows,maj:Windows_7,maj:Windows_7,maj:Windows_7,leaf:Windows_7,leaf:Windows_7,leaf:Windows_7
8164,fam:Windows,fam:Windows,fam:Windows,maj:Windows_7,maj:Windows_7,maj:Windows_7|maj:Windows_8|maj:Windows_XP,leaf:Windows_7,leaf:Windows_7,leaf:Windows_7|leaf:Windows_8_OTHER|leaf:Windows_XP
8165,fam:Windows,fam:Windows,fam:Windows,maj:Windows_7,maj:Windows_7,maj:Windows_10|maj:Windows_7,leaf:Windows_7,leaf:Windows_7,leaf:Windows_10|leaf:Windows_7
8168,fam:Windows,fam:Windows,fam:Windows,maj:Windows_7,maj:Windows_7,maj:Windows_7|maj:Windows_8,leaf:Windows_7,leaf:Windows_7,leaf:Windows_7|leaf:Windows_8_OTHER
8169,fam:Windows,fam:Windows,fam:Windows|fam:macOS,maj:Windows_7,maj:Windows_7,maj:Windows_7|maj:Windows_8|maj:Windows_XP|maj:macOS_10,leaf:Windows_7,leaf:Windows_7,leaf:Windows_7|leaf:Windows_8_1.0|leaf:Windows_XP|leaf:macOS_10_9.0
8171,fam:Windows,fam:Windows,fam:Windows|fam:macOS,maj:Windows_7,maj:Windows_7,maj:Windows_7|maj:macOS_10,leaf:Windows_7,leaf:Windows_7,leaf:Windows_7|leaf:macOS_10_13.0
8173,fam:Windows,fam:Windows,fam:Windows,maj:Windows_7,maj:Windows_8,maj:Windows_7|maj:Windows_8,leaf:Windows_7,leaf:Windows_8_1.0,leaf:Windows_7|leaf:Windows_8_1.0|leaf:Windows_8_OTHER
8174,fam:Windows,fam:Windows,fam:Windows,maj:Windows_7,maj:Windows_7,maj:Windows_7,leaf:Windows_7,leaf:Windows_7,leaf:Windows_7
8176,fam:Windows,fam:Windows,fam:Windows,maj:Windows_7,maj:Windows_7,maj:Windows_7|maj:Windows_8,leaf:Windows_7,leaf:Windows_7,leaf:Windows_7|leaf:Windows_8_1.0
8177,fam:Windows,fam:Windows,fam:Windows,maj:Windows_7,maj:Windows_7,maj:Windows_7,leaf:Windows_7,leaf:Windows_7,leaf:Windows_7
8179,fam:Windows,fam:Windows,fam:Windows,maj:Windows_7,maj:Windows_7,maj:Windows_7,leaf:Windows_7,leaf:Windows_7,leaf:Windows_7
8180,fam:Windows,fam:Windows,fam:Windows,maj:Windows_7,maj:Windows_7,maj:Windows_7,leaf:Windows_7,leaf:Windows_7,leaf:Windows_7
8181,fam:Windows,fam:Windows,fam:Windows,maj:Windows_7,maj:Windows_7,maj:Windows_7,leaf:Windows_7,leaf:Windows_7,leaf:Windows_7
8188,fam:Windows,fam:Windows,fam:Windows,maj:Windows_7,maj:Windows_8,maj:Windows_10|maj:Windows_7|maj:Windows_8,leaf:Windows_7,leaf:Windows_8_1.0,leaf:Windows_10|leaf:Windows_7|leaf:Windows_8_1.0|leaf:Windows_8_OTHER
8191,fam:Windows,fam:Windows,fam:Windows,maj:Windows_7,maj:Windows_7,maj:Windows_7,leaf:Windows_7,leaf:Windows_7,leaf:Windows_7
8192,fam:Windows,fam:Windows,fam:Windows,maj:Windows_7,maj:Windows_7,maj:Windows_7,leaf:Windows_7,leaf:Windows_7,leaf:Windows_7
8193,fam:Windows,fam:Windows,fam:Windows,maj:Windows_7,maj:Windows_8,maj:Windows_7|maj:Windows_8,leaf:Windows_7,leaf:Windows_8_1.0,leaf:Windows_7|leaf:Windows_8_1.0
8196,fam:Windows,fam:Windows,fam:Windows,maj:Windows_7,maj:Windows_7,maj:Windows_7,leaf:Windows_7,leaf:Windows_7,leaf:Windows_7
8198,fam:Windows,fam:Windows,fam:Windows,maj:Windows_7,maj:Windows_7,maj:Windows_7,leaf:Windows_7,leaf:Windows_7,leaf:Windows_7
8199,fam:Windows,fam:Windows,fam:Windows,maj:Windows_7,maj:Windows_7,maj:Windows_7,leaf:Windows_7,leaf:Windows_7,leaf:Windows_7
8200,fam:Windows,fam:Windows,fam:Windows,maj:Windows_7,maj:Windows_7,maj:Windows_7,leaf:Windows_7,leaf:Windows_7,leaf:Windows_7
8201,fam:Windows,fam:Windows,fam:Windows,maj:Windows_7,maj:Windows_7,maj:Windows_7,leaf:Windows_7,leaf:Windows_7,leaf:Windows_7
8205,fam:Windows,fam:Windows,fam:Windows,maj:Windows_7,maj:Windows_7,maj:Windows_7,leaf:Windows_7,leaf:Windows_7,leaf:Windows_7
8208,fam:Windows,fam:Windows,fam:Windows,maj:Windows_7,maj:Windows_7,maj:Windows_7|maj:Windows_8,leaf:Windows_7,leaf:Windows_8_1.0,leaf:Windows_7|leaf:Windows_8_1.0|leaf:Windows_8_OTHER
8209,fam:Windows,fam:Windows,fam:Windows,maj:Windows_7,maj:Windows_7,maj:Windows_7,leaf:Windows_7,leaf:Windows_7,leaf:Windows_7
8210,fam:Windows,fam:Windows,fam:Windows,maj:Windows_7,maj:Windows_7,maj:Windows_7,leaf:Windows_7,leaf:Windows_7,leaf:Windows_7
8212,fam:Windows,fam:Windows,fam:Android|fam:Linux|fam:Windows,maj:Windows_7,maj:Windows_7,maj:Android_6|maj:Linux_OTHER|maj:Windows_10|maj:Windows_7,leaf:Windows_7,leaf:Windows_7,leaf:Android_6_0.0|leaf:Linux_OTHER|leaf:Windows_10|leaf:Windows_7
8216,fam:Windows,fam:Windows,fam:Windows,maj:Windows_7,maj:Windows_7,maj:Windows_7|maj:Windows_8,leaf:Windows_7,leaf:Windows_7,leaf:Windows_7|leaf:Windows_8_1.0
8218,fam:Windows,fam:Windows,fam:Android|fam:Windows|fam:macOS,maj:Windows_7,maj:Android_7,maj:Android_4|maj:Android_5|maj:Android_6|maj:Android_7|maj:Windows_10|maj:Windows_7|maj:Windows_8|maj:macOS_10,leaf:Windows_7,leaf:Android_4_4.0,leaf:Android_4_4.0|leaf:Android_5_1.0|leaf:Android_6_0.0|leaf:Android_7_0.0|leaf:Android_7_1.0|leaf:Windows_10|leaf:Windows_7|leaf:Windows_8_1.0|leaf:macOS_10_14.0
8219,fam:Windows,fam:Windows,fam:Windows,maj:Windows_7,maj:Windows_7,maj:Windows_7,leaf:Windows_7,leaf:Windows_7,leaf:Windows_7
8221,fam:Windows,fam:Windows,fam:Windows|fam:macOS,maj:Windows_7,maj:macOS_10,maj:Windows_7|maj:Windows_8|maj:macOS_10,leaf:Windows_7,leaf:macOS_10_9.0,leaf:Windows_7|leaf:Windows_8_1.0|leaf:macOS_10_9.0
8222,fam:Windows,fam:Windows,fam:Windows,maj:Windows_7,maj:Windows_8,maj:Windows_7|maj:Windows_8,leaf:Windows_7,leaf:Windows_8_1.0,leaf:Windows_7|leaf:Windows_8_1.0|leaf:Windows_8_OTHER
8223,fam:Windows,fam:Windows,fam:Windows,maj:Windows_7,maj:Windows_7,maj:Windows_7,leaf:Windows_7,leaf:Windows_7,leaf:Windows_7
8225,fam:Windows,fam:Windows,fam:Linux|fam:Windows,maj:Windows_7,maj:Linux_OTHER,maj:Linux_OTHER|maj:Linux_Ubuntu|maj:Windows_10|maj:Windows_7|maj:Windows_8,leaf:Windows_7,leaf:Linux_OTHER,leaf:Linux_OTHER|leaf:Linux_Ubuntu|leaf:Windows_10|leaf:Windows_7|leaf:Windows_8_1.0
8227,fam:Windows,fam:Windows,fam:Windows,maj:Windows_7,maj:Windows_7,maj:Windows_7,leaf:Windows_7,leaf:Windows_7,leaf:Windows_7
8228,fam:Windows,fam:Windows,fam:Windows,maj:Windows_7,maj:Windows_7,maj:Windows_7,leaf:Windows_7,leaf:Windows_7,leaf:Windows_7
8230,fam:Windows,fam:Windows,fam:Windows,maj:Windows_7,maj:Windows_7,maj:Windows_7,leaf:Windows_7,leaf:Windows_7,leaf:Windows_7
8234,fam:Windows,fam:Windows,fam:Windows,maj:Windows_7,maj:Windows_7,maj:Windows_7,leaf:Windows_7,leaf:Windows_7,leaf:Windows_7
8237,fam:Windows,fam:Windows,fam:Windows,maj:Windows_7,maj:Windows_7,maj:Windows_7|maj:Windows_8,leaf:Windows_7,leaf:Windows_7,leaf:Windows_7|leaf:Windows_8_1.0
8238,fam:Windows,fam:Windows,fam:Windows,maj:Windows_7,maj:Windows_7,maj:Windows_7|maj:Windows_8,leaf:Windows_7,leaf:Windows_8_1.0,leaf:Windows_7|leaf:Windows_8_1.0|leaf:Windows_8_OTHER
8239,fam:Windows,fam:Windows,fam:Windows,maj:Windows_7,maj:Windows_7,maj:Windows_7,leaf:Windows_7,leaf:Windows_7,leaf:Windows_7
8240,fam:Windows,fam:Windows,fam:Windows,maj:Windows_7,maj:Windows_7,maj:Windows_7,leaf:Windows_7,leaf:Windows_7,leaf:Windows_7
8244,fam:Windows,fam:Windows,fam:Windows,maj:Windows_7,maj:Windows_7,maj:Windows_7|maj:Windows_8,leaf:Windows_7,leaf:Windows_7,leaf:Windows_7|leaf:Windows_8_1.0
8246,fam:Windows,fam:Windows,fam:Windows,maj:Windows_7,maj:Windows_7,maj:Windows_7|maj:Windows_8,leaf:Windows_7,leaf:Windows_7,leaf:Windows_7|leaf:Windows_8_1.0
8248,fam:Windows,fam:Windows,fam:Windows,maj:Windows_7,maj:Windows_7,maj:Windows_10|maj:Windows_7,leaf:Windows_7,leaf:Windows_7,leaf:Windows_10|leaf:Windows_7
8249,fam:Windows,fam:Windows,fam:Windows,maj:Windows_7,maj:Windows_7,maj:Windows_10|maj:Windows_7,leaf:Windows_7,leaf:Windows_7,leaf:Windows_10|leaf:Windows_7
8253,fam:Windows,fam:Windows,fam:Windows,maj:Windows_7,maj:Windows_7,maj:Windows_7|maj:Windows_8,leaf:Windows_7,leaf:Windows_7,leaf:Windows_7|leaf:Windows_8_1.0
8257,fam:Windows,fam:Windows,fam:Windows,maj:Windows_7,maj:Windows_7,maj:Windows_7,leaf:Windows_7,leaf:Windows_7,leaf:Windows_7
8259,fam:Windows,fam:Windows,fam:Windows,maj:Windows_7,maj:Windows_7,maj:Windows_7,leaf:Windows_7,leaf:Windows_7,leaf:Windows_7
8264,fam:Windows,fam:Windows,fam:Windows,maj:Windows_7,maj:Windows_8,maj:Windows_10|maj:Windows_7|maj:Windows_8,leaf:Windows_7,leaf:Windows_8_1.0,leaf:Windows_10|leaf:Windows_7|leaf:Windows_8_1.0|leaf:Windows_8_OTHER
8265,fam:Windows,fam:Windows,fam:Windows,maj:Windows_7,maj:Windows_7,maj:Windows_10|maj:Windows_7,leaf:Windows_7,leaf:Windows_7,leaf:Windows_10|leaf:Windows_7
8269,fam:Windows,fam:Windows,fam:Windows,maj:Windows_7,maj:Windows_7,maj:Windows_7,leaf:Windows_7,leaf:Windows_7,leaf:Windows_7
8275,fam:Windows,fam:Windows,fam:Windows,maj:Windows_7,maj:Windows_8,maj:Windows_10|maj:Windows_7|maj:Windows_8,leaf:Windows_7,leaf:Windows_8_1.0,leaf:Windows_10|leaf:Windows_7|leaf:Windows_8_1.0|leaf:Windows_8_OTHER
8279,fam:Windows,fam:Windows,fam:Linux|fam:Windows,maj:Windows_7,maj:Windows_7,maj:Linux_OTHER|maj:Windows_10|maj:Windows_7,leaf:Windows_7,leaf:Windows_7,leaf:Linux_OTHER|leaf:Windows_10|leaf:Windows_7
8280,fam:Windows,fam:Windows,fam:Windows,maj:Windows_7,maj:Windows_7,maj:Windows_7,leaf:Windows_7,leaf:Windows_7,leaf:Windows_7
8293,fam:Windows,fam:Windows,fam:Windows,maj:Windows_7,maj:Windows_7,maj:Windows_7,leaf:Windows_7,leaf:Windows_7,leaf:Windows_7
8295,fam:Windows,fam:Windows,fam:Windows,maj:Windows_7,maj:Windows_7,maj:Windows_7,leaf:Windows_7,leaf:Windows_7,leaf:Windows_7
8296,fam:Windows,fam:Windows,fam:Windows,maj:Windows_7,maj:Windows_7,maj:Windows_7,leaf:Windows_7,leaf:Windows_7,leaf:Windows_7
8301,fam:Windows,fam:Linux,fam:Linux|fam:Windows,maj:Windows_7,maj:Linux_OTHER,maj:Linux_OTHER|maj:Linux_Ubuntu|maj:Windows_10|maj:Windows_7|maj:Windows_8,leaf:Windows_7,leaf:Linux_OTHER,leaf:Linux_OTHER|leaf:Linux_Ubuntu|leaf:Windows_10|leaf:Windows_7|leaf:Windows_8_1.0
8302,fam:Windows,fam:Windows,fam:Windows,maj:Windows_7,maj:Windows_7,maj:Windows_7,leaf:Windows_7,leaf:Windows_7,leaf:Windows_7
8303,fam:Windows,fam:Windows,fam:Windows,maj:Windows_7,maj:Windows_7,maj:Windows_7,leaf:Windows_7,leaf:Windows_7,leaf:Windows_7
8306,fam:Windows,fam:Windows,fam:Windows,maj:Windows_7,maj:Windows_7,maj:Windows_7|maj:Windows_8,leaf:Windows_7,leaf:Windows_7,leaf:Windows_7|leaf:Windows_8_1.0
8310,fam:Windows,fam:Windows,fam:Windows|fam:macOS,maj:Windows_7,maj:Windows_7,maj:Windows_7|maj:Windows_8|maj:macOS_10,leaf:Windows_7,leaf:Windows_7,leaf:Windows_7|leaf:Windows_8_1.0|leaf:macOS_10_9.0
8311,fam:Windows,fam:Windows,fam:Windows,maj:Windows_7,maj:Windows_7,maj:Windows_7|maj:Windows_8,leaf:Windows_7,leaf:Windows_8_1.0,leaf:Windows_7|leaf:Windows_8_1.0|leaf:Windows_8_OTHER
8313,fam:Windows,fam:Windows,fam:Windows,maj:Windows_7,maj:Windows_7,maj:Windows_7,leaf:Windows_7,leaf:Windows_7,leaf:Windows_7
8315,fam:Windows,fam:Windows,fam:Windows,maj:Windows_7,maj:Windows_8,maj:Windows_7|maj:Windows_8,leaf:Windows_7,leaf:Windows_8_1.0,leaf:Windows_7|leaf:Windows_8_1.0|leaf:Windows_8_OTHER
8317,fam:Windows,fam:Windows,fam:Windows,maj:Windows_7,maj:Windows_7,maj:Windows_7|maj:Windows_8,leaf:Windows_7,leaf:Windows_7,leaf:Windows_7|leaf:Windows_8_1.0
8318,fam:Windows,fam:Windows,fam:Windows,maj:Windows_7,maj:Windows_8,maj:Windows_7|maj:Windows_8,leaf:Windows_7,leaf:Windows_8_1.0,leaf:Windows_7|leaf:Windows_8_1.0
8319,fam:Windows,fam:Windows,fam:Windows,maj:Windows_7,maj:Windows_7,maj:Windows_7|maj:Windows_8,leaf:Windows_7,leaf:Windows_7,leaf:Windows_7|leaf:Windows_8_1.0
8322,fam:Windows,fam:Windows,fam:Windows,maj:Windows_7,maj:Windows_7,maj:Windows_7,leaf:Windows_7,leaf:Windows_7,leaf:Windows_7
8326,fam:Windows,fam:Windows,fam:Windows,maj:Windows_7,maj:Windows_8,maj:Windows_10|maj:Windows_7|maj:Windows_8,leaf:Windows_7,leaf:Windows_8_1.0,leaf:Windows_10|leaf:Windows_7|leaf:Windows_8_1.0|leaf:Windows_8_OTHER
8327,fam:Windows,fam:Windows,fam:Windows,maj:Windows_7,maj:Windows_7,maj:Windows_7|maj:Windows_8,leaf:Windows_7,leaf:Windows_7,leaf:Windows_7|leaf:Windows_8_1.0
8328,fam:Windows,fam:Windows,fam:Windows|fam:macOS,maj:Windows_7,maj:Windows_8,maj:Windows_10|maj:Windows_7|maj:Windows_8|maj:Windows_XP|maj:macOS_10,leaf:Windows_7,leaf:Windows_7,leaf:Windows_10|leaf:Windows_7|leaf:Windows_8_1.0|leaf:Windows_XP|leaf:macOS_10_13.0|leaf:macOS_10_8.0
8330,fam:Windows,fam:Windows,fam:Windows,maj:Windows_7,maj:Windows_7,maj:Windows_7|maj:Windows_8,leaf:Windows_7,leaf:Windows_8_1.0,leaf:Windows_7|leaf:Windows_8_1.0|leaf:Windows_8_OTHER
8331,fam:Windows,fam:Windows,fam:Windows,maj:Windows_7,maj:Windows_7,maj:Windows_10|maj:Windows_7,leaf:Windows_7,leaf:Windows_7,leaf:Windows_10|leaf:Windows_7
8333,fam:Windows,fam:Windows,fam:Linux|fam:Windows,maj:Windows_7,maj:Windows_7,maj:Linux_OTHER|maj:Windows_7|maj:Windows_8,leaf:Windows_7,leaf:Windows_7,leaf:Linux_OTHER|leaf:Windows_7|leaf:Windows_8_1.0
8335,fam:Windows,fam:Windows,fam:Windows,maj:Windows_7,maj:Windows_8,maj:Windows_10|maj:Windows_7|maj:Windows_8,leaf:Windows_7,leaf:Windows_8_1.0,leaf:Windows_10|leaf:Windows_7|leaf:Windows_8_1.0|leaf:Windows_8_OTHER
8337,fam:Windows,fam:Windows,fam:Windows,maj:Windows_7,maj:Windows_7,maj:Windows_7,leaf:Windows_7,leaf:Windows_7,leaf:Windows_7
8342,fam:Windows,fam:Windows,fam:Windows,maj:Windows_7,maj:Windows_7,maj:Windows_7,leaf:Windows_7,leaf:Windows_7,leaf:Windows_7
8343,fam:Windows,fam:Windows,fam:Windows,maj:Windows_7,maj:Windows_8,maj:Windows_10|maj:Windows_7|maj:Windows_8,leaf:Windows_7,leaf:Windows_8_1.0,leaf:Windows_10|leaf:Windows_7|leaf:Windows_8_1.0|leaf:Windows_8_OTHER
8344,fam:Windows,fam:Windows,fam:Windows,maj:Windows_7,maj:Windows_8,maj:Windows_7|maj:Windows_8,leaf:Windows_7,leaf:Windows_8_1.0,leaf:Windows_7|leaf:Windows_8_1.0|leaf:Windows_8_OTHER
8347,fam:Windows,fam:Windows,fam:Windows,maj:Windows_7,maj:Windows_7,maj:Windows_7,leaf:Windows_7,leaf:Windows_7,leaf:Windows_7
8349,fam:Windows,fam:macOS,fam:Linux|fam:Windows|fam:macOS,maj:Windows_7,maj:Linux_OTHER,maj:Linux_OTHER|maj:Windows_7|maj:macOS_10,leaf:Windows_7,leaf:Windows_7,leaf:Linux_OTHER|leaf:Windows_7|leaf:macOS_10_9.0
8351,fam:Windows,fam:Windows,fam:Windows,maj:Windows_7,maj:Windows_7,maj:Windows_10|maj:Windows_7|maj:Windows_8,leaf:Windows_7,leaf:Windows_7,leaf:Windows_10|leaf:Windows_7|leaf:Windows_8_1.0
8357,fam:Windows,fam:Windows,fam:Windows,maj:Windows_7,maj:Windows_7,maj:Windows_10|maj:Windows_7,leaf:Windows_7,leaf:Windows_7,leaf:Windows_10|leaf:Windows_7
8358,fam:Windows,fam:Windows,fam:Windows,maj:Windows_7,maj:Windows_7,maj:Windows_7,leaf:Windows_7,leaf:Windows_7,leaf:Windows_7
8359,fam:Windows,fam:Android,fam:Android|fam:Linux|fam:Windows,maj:Windows_7,maj:Android_6,maj:Android_6|maj:Linux_OTHER|maj:Windows_XP,leaf:Windows_7,leaf:Windows_XP,leaf:Android_6_0.0|leaf:Linux_OTHER|leaf:Windows_XP
8367,fam:Windows,fam:Windows,fam:Linux|fam:Windows,maj:Windows_7,maj:Windows_7,maj:Linux_OTHER|maj:Windows_10|maj:Windows_7|maj:Windows_8,leaf:Windows_7,leaf:Linux_OTHER,leaf:Linux_OTHER|leaf:Windows_10|leaf:Windows_7|leaf:Windows_8_1.0
8369,fam:Windows,fam:Windows,fam:Windows,maj:Windows_7,maj:Windows_7,maj:Windows_7,leaf:Windows_7,leaf:Windows_7,leaf:Windows_7
8370,fam:Windows,fam:Windows,fam:Windows,maj:Windows_7,maj:Windows_7,maj:Windows_10|maj:Windows_7,leaf:Windows_7,leaf:Windows_7,leaf:Windows_10|leaf:Windows_7
8371,fam:Windows,fam:Windows,fam:Windows,maj:Windows_7,maj:Windows_7,maj:Windows_7,leaf:Windows_7,leaf:Windows_7,leaf:Windows_7
8375,fam:Windows,fam:Linux,fam:Android|fam:Linux,maj:Windows_7,maj:Linux_OTHER,maj:Android_5|maj:Android_6|maj:Android_7|maj:Android_8|maj:Linux_OTHER,leaf:Windows_7,leaf:Android_5_0.0,leaf:Android_5_0.0|leaf:Android_5_1.0|leaf:Android_6_0.0|leaf:Android_7_0.0|leaf:Android_7_1.0|leaf:Android_8_0.0|leaf:Linux_OTHER
8376,fam:Windows,fam:Linux,fam:Android|fam:Linux|fam:Windows,maj:Windows_7,maj:Windows_7,maj:Android_6|maj:Android_8|maj:Android_9|maj:Android_OTHER|maj:Linux_OTHER|maj:Windows_10|maj:Windows_7|maj:Windows_XP,leaf:Windows_7,leaf:Windows_7,leaf:Android_6_0.0|leaf:Android_8_0.0|leaf:Android_9|leaf:Android_OTHER|leaf:Linux_OTHER|leaf:Windows_10|leaf:Windows_7|leaf:Windows_XP
8377,fam:Windows,fam:Windows,fam:Windows,maj:Windows_7,maj:Windows_7,maj:Windows_7|maj:Windows_8,leaf:Windows_7,leaf:Windows_7,leaf:Windows_7|leaf:Windows_8_1.0
8378,fam:Windows,fam:Windows,fam:Windows,maj:Windows_7,maj:Windows_7,maj:Windows_7,leaf:Windows_7,leaf:Windows_7,leaf:Windows_7
8383,fam:Windows,fam:Windows,fam:Windows,maj:Windows_7,maj:Windows_7,maj:Windows_10|maj:Windows_7|maj:Windows_8,leaf:Windows_7,leaf:Windows_7,leaf:Windows_10|leaf:Windows_7|leaf:Windows_8_1.0|leaf:Windows_8_OTHER
8384,fam:Windows,fam:Windows,fam:Windows,maj:Windows_7,maj:Windows_7,maj:Windows_10|maj:Windows_7,leaf:Windows_7,leaf:Windows_7,leaf:Windows_10|leaf:Windows_7
8388,fam:Windows,fam:Windows,fam:Windows,maj:Windows_7,maj:Windows_7,maj:Windows_10|maj:Windows_7|maj:Windows_8,leaf:Windows_7,leaf:Windows_7,leaf:Windows_10|leaf:Windows_7|leaf:Windows_8_1.0
8389,fam:Windows,fam:Windows,fam:Windows,maj:Windows_7,maj:Windows_7,maj:Windows_7,leaf:Windows_7,leaf:Windows_7,leaf:Windows_7
8391,fam:Windows,fam:Windows,fam:Windows,maj:Windows_7,maj:Windows_7,maj:Windows_7|maj:Windows_8|maj:Windows_XP,leaf:Windows_7,leaf:Windows_7,leaf:Windows_7|leaf:Windows_8_OTHER|leaf:Windows_XP
8394,fam:Windows,fam:Windows,fam:Windows,maj:Windows_7,maj:Windows_7,maj:Windows_7|maj:Windows_XP,leaf:Windows_7,leaf:Windows_7,leaf:Windows_7|leaf:Windows_XP
8397,fam:Windows,fam:Windows,fam:Windows|fam:macOS,maj:Windows_7,maj:Windows_7,maj:Windows_7|maj:Windows_8|maj:macOS_10,leaf:Windows_7,leaf:Windows_7,leaf:Windows_7|leaf:Windows_8_1.0|leaf:macOS_10_15.0
8398,fam:Windows,fam:Windows,fam:Windows,maj:Windows_7,maj:Windows_7,maj:Windows_10|maj:Windows_7,leaf:Windows_7,leaf:Windows_7,leaf:Windows_10|leaf:Windows_7
8400,fam:Windows,fam:Linux,fam:Android|fam:Linux,maj:Windows_7,maj:Windows_10,maj:Android_10|maj:Android_8|maj:Android_9|maj:Linux_OTHER,leaf:Windows_7,leaf:Linux_OTHER,leaf:Android_10|leaf:Android_8_1.0|leaf:Android_9|leaf:Linux_OTHER
8401,fam:Windows,fam:Windows,fam:Windows,maj:Windows_7,maj:Windows_7,maj:Windows_7,leaf:Windows_7,leaf:Windows_7,leaf:Windows_7
8402,fam:Windows,fam:Windows,fam:Windows|fam:macOS,maj:Windows_7,maj:Windows_7,maj:Windows_7|maj:Windows_8|maj:macOS_10,leaf:Windows_7,leaf:Windows_7,leaf:Windows_7|leaf:Windows_8_1.0|leaf:macOS_10_9.0
8403,fam:Windows,fam:Windows,fam:Windows,maj:Windows_7,maj:Windows_7,maj:Windows_7,leaf:Windows_7,leaf:Windows_7,leaf:Windows_7
8405,fam:Windows,fam:Windows,fam:Windows,maj:Windows_7,maj:Windows_7,maj:Windows_10|maj:Windows_7|maj:Windows_8,leaf:Windows_7,leaf:Windows_7,leaf:Windows_10|leaf:Windows_7|leaf:Windows_8_1.0|leaf:Windows_8_OTHER
8406,fam:Windows,fam:Windows,fam:Windows,maj:Windows_7,maj:Windows_7,maj:Windows_10|maj:Windows_7,leaf:Windows_7,leaf:Windows_7,leaf:Windows_10|leaf:Windows_7
8407,fam:Windows,fam:Windows,fam:Windows,maj:Windows_7,maj:Windows_7,maj:Windows_7,leaf:Windows_7,leaf:Windows_7,leaf:Windows_7
8409,fam:Windows,fam:Windows,fam:Windows,maj:Windows_7,maj:Windows_7,maj:Windows_7,leaf:Windows_7,leaf:Windows_7,leaf:Windows_7
8410,fam:Windows,fam:Windows,fam:Windows,maj:Windows_7,maj:Windows_7,maj:Windows_7,leaf:Windows_7,leaf:Windows_7,leaf:Windows_7
8412,fam:Windows,fam:Windows,fam:Windows,maj:Windows_7,maj:Windows_7,maj:Windows_7|maj:Windows_8,leaf:Windows_7,leaf:Windows_7,leaf:Windows_7|leaf:Windows_8_1.0
8415,fam:Windows,fam:Windows,fam:Windows,maj:Windows_7,maj:Windows_7,maj:Windows_7|maj:Windows_8,leaf:Windows_7,leaf:Windows_7,leaf:Windows_7|leaf:Windows_8_1.0
8417,fam:Windows,fam:Windows,fam:Windows,maj:Windows_7,maj:Windows_7,maj:Windows_7,leaf:Windows_7,leaf:Windows_7,leaf:Windows_7
8421,fam:Windows,fam:Windows,fam:Windows,maj:Windows_7,maj:Windows_7,maj:Windows_7,leaf:Windows_7,leaf:Windows_7,leaf:Windows_7
8422,fam:Windows,fam:Windows,fam:Windows,maj:Windows_7,maj:Windows_7,maj:Windows_7,leaf:Windows_7,leaf:Windows_7,leaf:Windows_7
8423,fam:Windows,fam:Windows,fam:Windows,maj:Windows_7,maj:Windows_7,maj:Windows_7,leaf:Windows_7,leaf:Windows_7,leaf:Windows_7
8424,fam:Windows,fam:Windows,fam:Linux|fam:Windows|fam:macOS,maj:Windows_7,maj:Windows_10,maj:Linux_OTHER|maj:Windows_10|maj:Windows_7|maj:Windows_8|maj:macOS_10,leaf:Windows_7,leaf:Windows_10,leaf:Linux_OTHER|leaf:Windows_10|leaf:Windows_7|leaf:Windows_8_1.0|leaf:macOS_10_14.0
8425,fam:Windows,fam:Windows,fam:Windows,maj:Windows_7,maj:Windows_7,maj:Windows_7,leaf:Windows_7,leaf:Windows_7,leaf:Windows_7
8426,fam:Windows,fam:Windows,fam:Windows,maj:Windows_7,maj:Windows_7,maj:Windows_7,leaf:Windows_7,leaf:Windows_7,leaf:Windows_7
8429,fam:Windows,fam:Windows,fam:Windows,maj:Windows_7,maj:Windows_8,maj:Windows_7|maj:Windows_8,leaf:Windows_7,leaf:Windows_8_1.0,leaf:Windows_7|leaf:Windows_8_1.0|leaf:Windows_8_OTHER
8430,fam:Windows,fam:Windows,fam:Windows,maj:Windows_7,maj:Windows_8,maj:Windows_10|maj:Windows_7|maj:Windows_8,leaf:Windows_7,leaf:Windows_8_1.0,leaf:Windows_10|leaf:Windows_7|leaf:Windows_8_1.0|leaf:Windows_8_OTHER
8432,fam:Windows,fam:Windows,fam:Linux|fam:Windows,maj:Windows_7,maj:Windows_7,maj:Linux_OTHER|maj:Windows_10|maj:Windows_7|maj:Windows_8,leaf:Windows_7,leaf:Windows_7,leaf:Linux_OTHER|leaf:Windows_10|leaf:Windows_7|leaf:Windows_8_1.0
8433,fam:Windows,fam:Windows,fam:Windows,maj:Windows_7,maj:Windows_7,maj:Windows_7,leaf:Windows_7,leaf:Windows_7,leaf:Windows_7
8435,fam:Windows,fam:Android,fam:Android|fam:Windows,maj:Windows_7,maj:Android_6,maj:Android_6|maj:Windows_8|maj:Windows_XP,leaf:Windows_7,leaf:Windows_XP,leaf:Android_6_0.0|leaf:Windows_8_OTHER|leaf:Windows_XP
8437,fam:Windows,fam:Windows,fam:Windows,maj:Windows_7,maj:Windows_8,maj:Windows_7|maj:Windows_8,leaf:Windows_7,leaf:Windows_8_1.0,leaf:Windows_7|leaf:Windows_8_1.0|leaf:Windows_8_OTHER
8439,fam:Windows,fam:Windows,fam:Windows,maj:Windows_7,maj:Windows_7,maj:Windows_7,leaf:Windows_7,leaf:Windows_7,leaf:Windows_7
8440,fam:Windows,fam:Windows,fam:Windows,maj:Windows_7,maj:Windows_7,maj:Windows_7,leaf:Windows_7,leaf:Windows_7,leaf:Windows_7
8442,fam:Windows,fam:Windows,fam:Windows,maj:Windows_7,maj:Windows_7,maj:Windows_7,leaf:Windows_7,leaf:Windows_7,leaf:Windows_7
8445,fam:Windows,fam:Windows,fam:Windows,maj:Windows_7,maj:Windows_7,maj:Windows_7,leaf:Windows_7,leaf:Windows_7,leaf:Windows_7
8449,fam:Windows,fam:Windows,fam:Windows,maj:Windows_7,maj:Windows_7,maj:Windows_7,leaf:Windows_7,leaf:Windows_7,leaf:Windows_7
8451,fam:Windows,fam:Windows,fam:Windows,maj:Windows_7,maj:Windows_7,maj:Windows_7,leaf:Windows_7,leaf:Windows_7,leaf:Windows_7
8453,fam:Windows,fam:Windows,fam:Windows,maj:Windows_7,maj:Windows_7,maj:Windows_7,leaf:Windows_7,leaf:Windows_7,leaf:Windows_7
8454,fam:Windows,fam:Windows,fam:Windows|fam:macOS,maj:Windows_7,maj:Windows_8,maj:Windows_7|maj:Windows_8|maj:macOS_10,leaf:Windows_7,leaf:Windows_7,leaf:Windows_7|leaf:Windows_8_1.0|leaf:Windows_8_OTHER|leaf:macOS_10_9.0
8455,fam:Windows,fam:Windows,fam:Windows,maj:Windows_7,maj:Windows_7,maj:Windows_7,leaf:Windows_7,leaf:Windows_7,leaf:Windows_7
8458,fam:Windows,fam:Windows,fam:Windows,maj:Windows_7,maj:Windows_7,maj:Windows_7,leaf:Windows_7,leaf:Windows_7,leaf:Windows_7
8460,fam:Windows,fam:Windows,fam:Windows,maj:Windows_7,maj:Windows_7,maj:Windows_7,leaf:Windows_7,leaf:Windows_7,leaf:Windows_7
8461,fam:Windows,fam:Windows,fam:Windows|fam:macOS,maj:Windows_7,maj:Windows_7,maj:Windows_10|maj:Windows_7|maj:Windows_8|maj:macOS_10,leaf:Windows_7,leaf:Windows_7,leaf:Windows_10|leaf:Windows_7|leaf:Windows_8_1.0|leaf:macOS_10_12.0|leaf:macOS_10_13.0|leaf:macOS_10_8.0
8463,fam:Windows,fam:Windows,fam:Linux|fam:Windows,maj:Windows_7,maj:Windows_7,maj:Linux_OTHER|maj:Windows_10|maj:Windows_7|maj:Windows_8,leaf:Windows_7,leaf:Windows_7,leaf:Linux_OTHER|leaf:Windows_10|leaf:Windows_7|leaf:Windows_8_1.0
8465,fam:Windows,fam:Windows,fam:Windows,maj:Windows_7,maj:Windows_7,maj:Windows_7,leaf:Windows_7,leaf:Windows_7,leaf:Windows_7
8466,fam:Windows,fam:Windows,fam:Windows,maj:Windows_7,maj:Windows_7,maj:Windows_7,leaf:Windows_7,leaf:Windows_7,leaf:Windows_7
8468,fam:Windows,fam:Windows,fam:Windows,maj:Windows_7,maj:Windows_7,maj:Windows_7,leaf:Windows_7,leaf:Windows_7,leaf:Windows_7
8470,fam:Windows,fam:Windows,fam:Windows,maj:Windows_7,maj:Windows_7,maj:Windows_7,leaf:Windows_7,leaf:Windows_7,leaf:Windows_7
8471,fam:Windows,fam:Windows,fam:Windows,maj:Windows_7,maj:Windows_7,maj:Windows_7,leaf:Windows_7,leaf:Windows_7,leaf:Windows_7
8480,fam:Windows,fam:Windows,fam:Linux|fam:Windows|fam:macOS,maj:Windows_7,maj:Windows_7,maj:Linux_OTHER|maj:Windows_7|maj:Windows_8|maj:macOS_10,leaf:Windows_7,leaf:Windows_7,leaf:Linux_OTHER|leaf:Windows_7|leaf:Windows_8_1.0|leaf:macOS_10_15.0|leaf:macOS_10_9.0
8481,fam:Windows,fam:Windows,fam:Windows,maj:Windows_7,maj:Windows_7,maj:Windows_7,leaf:Windows_7,leaf:Windows_7,leaf:Windows_7
8484,fam:Windows,fam:Windows,fam:Windows,maj:Windows_7,maj:Windows_7,maj:Windows_10|maj:Windows_7,leaf:Windows_7,leaf:Windows_7,leaf:Windows_10|leaf:Windows_7
8485,fam:Windows,fam:Windows,fam:Windows,maj:Windows_7,maj:Windows_7,maj:Windows_7,leaf:Windows_7,leaf:Windows_7,leaf:Windows_7
8486,fam:Windows,fam:Windows,fam:Windows,maj:Windows_7,maj:Windows_8,maj:Windows_7|maj:Windows_8,leaf:Windows_7,leaf:Windows_8_1.0,leaf:Windows_7|leaf:Windows_8_1.0|leaf:Windows_8_OTHER
8487,fam:Windows,fam:Windows,fam:Windows,maj:Windows_7,maj:Windows_7,maj:Windows_7,leaf:Windows_7,leaf:Windows_7,leaf:Windows_7
8489,fam:Windows,fam:Windows,fam:Windows,maj:Windows_7,maj:Windows_7,maj:Windows_7,leaf:Windows_7,leaf:Windows_7,leaf:Windows_7
8491,fam:Windows,fam:Windows,fam:Windows,maj:Windows_7,maj:Windows_7,maj:Windows_7,leaf:Windows_7,leaf:Windows_7,leaf:Windows_7
8492,fam:Windows,fam:Windows,fam:Windows,maj:Windows_7,maj:Windows_8,maj:Windows_7|maj:Windows_8,leaf:Windows_7,leaf:Windows_8_1.0,leaf:Windows_7|leaf:Windows_8_1.0|leaf:Windows_8_OTHER
8493,fam:Windows,fam:Windows,fam:Windows,maj:Windows_7,maj:Windows_7,maj:Windows_7,leaf:Windows_7,leaf:Windows_7,leaf:Windows_7
8494,fam:Windows,fam:Windows,fam:Windows,maj:Windows_7,maj:Windows_7,maj:Windows_7,leaf:Windows_7,leaf:Windows_7,leaf:Windows_7
8495,fam:Windows,fam:Windows,fam:Windows,maj:Windows_7,maj:Windows_7,maj:Windows_7,leaf:Windows_7,leaf:Windows_7,leaf:Windows_7
8496,fam:Windows,fam:Windows,fam:Windows,maj:Windows_7,maj:Windows_8,maj:Windows_10|maj:Windows_7|maj:Windows_8,leaf:Windows_7,leaf:Windows_8_1.0,leaf:Windows_10|leaf:Windows_7|leaf:Windows_8_1.0|leaf:Windows_8_OTHER
8498,fam:Windows,fam:Windows,fam:Windows,maj:Windows_7,maj:Windows_7,maj:Windows_7,leaf:Windows_7,leaf:Windows_7,leaf:Windows_7
8499,fam:Windows,fam:Windows,fam:Windows,maj:Windows_7,maj:Windows_7,maj:Windows_7,leaf:Windows_7,leaf:Windows_7,leaf:Windows_7
8500,fam:Windows,fam:Windows,fam:Windows,maj:Windows_7,maj:Windows_7,maj:Windows_7,leaf:Windows_7,leaf:Windows_7,leaf:Windows_7
8502,fam:Windows,fam:Windows,fam:Windows,maj:Windows_7,maj:Windows_7,maj:Windows_7,leaf:Windows_7,leaf:Windows_7,leaf:Windows_7
8503,fam:Windows,fam:Windows,fam:Windows,maj:Windows_7,maj:Windows_7,maj:Windows_7,leaf:Windows_7,leaf:Windows_7,leaf:Windows_7
8508,fam:Windows,fam:Windows,fam:Windows,maj:Windows_7,maj:Windows_7,maj:Windows_7|maj:Windows_8,leaf:Windows_7,leaf:Windows_7,leaf:Windows_7|leaf:Windows_8_1.0
8516,fam:Windows,fam:Windows,fam:Android|fam:Windows|fam:macOS,maj:Windows_7,maj:Windows_7,maj:Android_5|maj:Windows_10|maj:Windows_7|maj:Windows_XP|maj:macOS_10,leaf:Windows_7,leaf:Windows_7,leaf:Android_5_1.0|leaf:Windows_10|leaf:Windows_7|leaf:Windows_XP|leaf:macOS_10_10.0
8517,fam:Windows,fam:Windows,fam:Windows,maj:Windows_7,maj:Windows_7,maj:Windows_10|maj:Windows_7|maj:Windows_8,leaf:Windows_7,leaf:Windows_7,leaf:Windows_10|leaf:Windows_7|leaf:Windows_8_1.0|leaf:Windows_8_OTHER
8519,fam:Windows,fam:Windows,fam:Windows,maj:Windows_7,maj:Windows_8,maj:Windows_10|maj:Windows_7|maj:Windows_8,leaf:Windows_7,leaf:Windows_8_1.0,leaf:Windows_10|leaf:Windows_7|leaf:Windows_8_1.0|leaf:Windows_8_OTHER
8521,fam:Windows,fam:macOS,fam:Windows|fam:macOS,maj:Windows_7,maj:macOS_10,maj:Windows_7|maj:macOS_10|maj:macOS_OTHER,leaf:Windows_7,leaf:macOS_10_13.0,leaf:Windows_7|leaf:macOS_10_11.0|leaf:macOS_10_12.0|leaf:macOS_10_13.0|leaf:macOS_OTHER
8522,fam:Windows,fam:Windows,fam:Windows,maj:Windows_7,maj:Windows_7,maj:Windows_7,leaf:Windows_7,leaf:Windows_7,leaf:Windows_7
8526,fam:Windows,fam:Windows,fam:Windows,maj:Windows_7,maj:Windows_7,maj:Windows_7,leaf:Windows_7,leaf:Windows_7,leaf:Windows_7
8527,fam:Windows,fam:Windows,fam:Windows,maj:Windows_7,maj:Windows_7,maj:Windows_7,leaf:Windows_7,leaf:Windows_7,leaf:Windows_7
8528,fam:Windows,fam:Windows,fam:Windows,maj:Windows_7,maj:Windows_7,maj:Windows_7,leaf:Windows_7,leaf:Windows_7,leaf:Windows_7
8529,fam:Windows,fam:Windows,fam:Windows,maj:Windows_7,maj:Windows_7,maj:Windows_10|maj:Windows_7,leaf:Windows_7,leaf:Windows_7,leaf:Windows_10|leaf:Windows_7
8530,fam:Windows,fam:Windows,fam:Windows,maj:Windows_7,maj:Windows_7,maj:Windows_7,leaf:Windows_7,leaf:Windows_7,leaf:Windows_7
8533,fam:Windows,fam:Windows,fam:Windows,maj:Windows_7,maj:Windows_8,maj:Windows_10|maj:Windows_7|maj:Windows_8,leaf:Windows_7,leaf:Windows_8_1.0,leaf:Windows_10|leaf:Windows_7|leaf:Windows_8_1.0|leaf:Windows_8_OTHER
8536,fam:Windows,fam:Windows,fam:Windows,maj:Windows_7,maj:Windows_7,maj:Windows_7,leaf:Windows_7,leaf:Windows_7,leaf:Windows_7
8537,fam:Windows,fam:macOS,fam:Windows|fam:macOS,maj:Windows_7,maj:macOS_10,maj:Windows_7|maj:macOS_10|maj:macOS_OTHER,leaf:Windows_7,leaf:macOS_10_13.0,leaf:Windows_7|leaf:macOS_10_11.0|leaf:macOS_10_12.0|leaf:macOS_10_13.0|leaf:macOS_OTHER
8540,fam:Windows,fam:Windows,fam:Windows,maj:Windows_7,maj:Windows_8,maj:Windows_7|maj:Windows_8,leaf:Windows_7,leaf:Windows_7,leaf:Windows_7|leaf:Windows_8_1.0
8541,fam:Windows,fam:Windows,fam:Windows,maj:Windows_7,maj:Windows_8,maj:Windows_10|maj:Windows_7|maj:Windows_8,leaf:Windows_7,leaf:Windows_8_1.0,leaf:Windows_10|leaf:Windows_7|leaf:Windows_8_1.0|leaf:Windows_8_OTHER
8542,fam:Windows,fam:Windows,fam:Windows,maj:Windows_7,maj:Windows_7,maj:Windows_7,leaf:Windows_7,leaf:Windows_7,leaf:Windows_7
8543,fam:Windows,fam:Windows,fam:Windows,maj:Windows_7,maj:Windows_8,maj:Windows_7|maj:Windows_8,leaf:Windows_7,leaf:Windows_8_1.0,leaf:Windows_7|leaf:Windows_8_1.0|leaf:Windows_8_OTHER
8545,fam:Windows,fam:Windows,fam:Windows,maj:Windows_7,maj:Windows_7,maj:Windows_7,leaf:Windows_7,leaf:Windows_7,leaf:Windows_7
8547,fam:Windows,fam:Windows,fam:Windows,maj:Windows_7,maj:Windows_7,maj:Windows_7,leaf:Windows_7,leaf:Windows_7,leaf:Windows_7
8550,fam:Windows,fam:Windows,fam:Android|fam:Windows,maj:Windows_7,maj:Windows_7,maj:Android_6|maj:Android_7|maj:Windows_10|maj:Windows_7,leaf:Windows_7,leaf:Windows_7,leaf:Android_6_0.0|leaf:Android_7_1.0|leaf:Windows_10|leaf:Windows_7
8551,fam:Windows,fam:Linux,fam:Android|fam:Linux,maj:Windows_7,maj:Android_8,maj:Android_10|maj:Android_7|maj:Android_8|maj:Android_9|maj:Linux_OTHER,leaf:Windows_7,leaf:Android_8_0.0,leaf:Android_10|leaf:Android_7_0.0|leaf:Android_8_0.0|leaf:Android_8_1.0|leaf:Android_9|leaf:Linux_OTHER
8553,fam:Windows,fam:Windows,fam:Windows,maj:Windows_7,maj:Windows_7,maj:Windows_7,leaf:Windows_7,leaf:Windows_7,leaf:Windows_7
8555,fam:Windows,fam:Windows,fam:Windows,maj:Windows_7,maj:Windows_7,maj:Windows_7,leaf:Windows_7,leaf:Windows_7,leaf:Windows_7
8557,fam:Windows,fam:Windows,fam:Windows,maj:Windows_7,maj:Windows_7,maj:Windows_10|maj:Windows_7|maj:Windows_8,leaf:Windows_7,leaf:Windows_7,leaf:Windows_10|leaf:Windows_7|leaf:Windows_8_OTHER
8559,fam:Windows,fam:Windows,fam:Windows,maj:Windows_7,maj:Windows_7,maj:Windows_7,leaf:Windows_7,leaf:Windows_7,leaf:Windows_7
8561,fam:Windows,fam:Windows,fam:Windows,maj:Windows_7,maj:Windows_7,maj:Windows_10|maj:Windows_7|maj:Windows_8,leaf:Windows_7,leaf:Windows_7,leaf:Windows_10|leaf:Windows_7|leaf:Windows_8_1.0
8564,fam:Windows,fam:Windows,fam:Windows,maj:Windows_7,maj:Windows_7,maj:Windows_10|maj:Windows_7|maj:Windows_8,leaf:Windows_7,leaf:Windows_7,leaf:Windows_10|leaf:Windows_7|leaf:Windows_8_1.0
8565,fam:Windows,fam:Windows,fam:Linux|fam:Windows|fam:macOS,maj:Windows_7,maj:Linux_OTHER,maj:Linux_OTHER|maj:Linux_Ubuntu|maj:Windows_10|maj:Windows_7|maj:macOS_10,leaf:Windows_7,leaf:Linux_OTHER,leaf:Linux_OTHER|leaf:Linux_Ubuntu|leaf:Windows_10|leaf:Windows_7|leaf:macOS_10_9.0
8567,fam:Windows,fam:Windows,fam:Windows,maj:Windows_7,maj:Windows_7,maj:Windows_7|maj:Windows_8,leaf:Windows_7,leaf:Windows_7,leaf:Windows_7|leaf:Windows_8_1.0
8569,fam:Windows,fam:Windows,fam:Windows|fam:macOS,maj:Windows_7,maj:Windows_8,maj:Windows_10|maj:Windows_7|maj:Windows_8|maj:Windows_XP|maj:macOS_10,leaf:Windows_7,leaf:Windows_7,leaf:Windows_10|leaf:Windows_7|leaf:Windows_8_1.0|leaf:Windows_XP|leaf:macOS_10_13.0|leaf:macOS_10_8.0
8570,fam:Windows,fam:Windows,fam:Windows|fam:macOS,maj:Windows_7,maj:Windows_7,maj:Windows_7|maj:Windows_8|maj:macOS_10,leaf:Windows_7,leaf:Windows_7,leaf:Windows_7|leaf:Windows_8_1.0|leaf:macOS_10_9.0
8571,fam:Windows,fam:Windows,fam:Windows,maj:Windows_7,maj:Windows_7,maj:Windows_10|maj:Windows_7,leaf:Windows_7,leaf:Windows_7,leaf:Windows_10|leaf:Windows_7
8572,fam:Windows,fam:Windows,fam:Windows,maj:Windows_7,maj:Windows_7,maj:Windows_7,leaf:Windows_7,leaf:Windows_7,leaf:Windows_7
8574,fam:Windows,fam:Windows,fam:Windows,maj:Windows_7,maj:Windows_7,maj:Windows_7,leaf:Windows_7,leaf:Windows_7,leaf:Windows_7
8575,fam:Windows,fam:Windows,fam:Windows,maj:Windows_7,maj:Windows_8,maj:Windows_10|maj:Windows_7|maj:Windows_8,leaf:Windows_7,leaf:Windows_8_1.0,leaf:Windows_10|leaf:Windows_7|leaf:Windows_8_1.0|leaf:Windows_8_OTHER
8578,fam:Windows,fam:Windows,fam:Windows,maj:Windows_7,maj:Windows_7,maj:Windows_7,leaf:Windows_7,leaf:Windows_7,leaf:Windows_7
8579,fam:Windows,fam:Windows,fam:Windows,maj:Windows_7,maj:Windows_7,maj:Windows_7,leaf:Windows_7,leaf:Windows_7,leaf:Windows_7
8580,fam:Windows,fam:Windows,fam:Windows,maj:Windows_7,maj:Windows_7,maj:Windows_7,leaf:Windows_7,leaf:Windows_7,leaf:Windows_7
8581,fam:Windows,fam:Windows,fam:Android|fam:Windows,maj:Windows_7,maj:Windows_10,maj:Android_10|maj:Android_4|maj:Android_7|maj:Android_8|maj:Android_9|maj:Windows_10|maj:Windows_7|maj:Windows_8,leaf:Windows_7,leaf:Android_4_1.0,leaf:Android_10|leaf:Android_4_0.0|leaf:Android_4_1.0|leaf:Android_7_1.0|leaf:Android_8_1.0|leaf:Android_9|leaf:Windows_10|leaf:Windows_7|leaf:Windows_8_1.0|leaf:Windows_8_OTHER
8587,fam:Windows,fam:Windows,fam:Windows,maj:Windows_7,maj:Windows_8,maj:Windows_7|maj:Windows_8,leaf:Windows_7,leaf:Windows_8_1.0,leaf:Windows_7|leaf:Windows_8_1.0|leaf:Windows_8_OTHER
8588,fam:Windows,fam:Windows,fam:Windows,maj:Windows_7,maj:Windows_7,maj:Windows_7|maj:Windows_8,leaf:Windows_7,leaf:Windows_7,leaf:Windows_7|leaf:Windows_8_1.0
8589,fam:Windows,fam:Windows,fam:Windows|fam:macOS,maj:Windows_7,maj:Windows_7,maj:Windows_7|maj:Windows_8|maj:macOS_10,leaf:Windows_7,leaf:Windows_7,leaf:Windows_7|leaf:Windows_8_1.0|leaf:macOS_10_9.0
8590,fam:Windows,fam:Windows,fam:Linux|fam:Windows,maj:Windows_7,maj:Windows_7,maj:Linux_OTHER|maj:Windows_10|maj:Windows_7|maj:Windows_8,leaf:Windows_7,leaf:Windows_7,leaf:Linux_OTHER|leaf:Windows_10|leaf:Windows_7|leaf:Windows_8_1.0
8591,fam:Windows,fam:Windows,fam:Windows|fam:macOS,maj:Windows_7,maj:Windows_7,maj:Windows_7|maj:Windows_8|maj:macOS_10,leaf:Windows_7,leaf:Windows_7,leaf:Windows_7|leaf:Windows_8_1.0|leaf:macOS_10_15.0
8593,fam:Windows,fam:Windows,fam:Android|fam:Windows,maj:Windows_7,maj:Windows_8,maj:Android_4|maj:Windows_7|maj:Windows_8,leaf:Windows_7,leaf:Windows_8_1.0,leaf:Android_4_2.0|leaf:Windows_7|leaf:Windows_8_1.0|leaf:Windows_8_OTHER
8594,fam:Windows,fam:Windows,fam:Windows,maj:Windows_7,maj:Windows_8,maj:Windows_7|maj:Windows_8,leaf:Windows_7,leaf:Windows_8_1.0,leaf:Windows_7|leaf:Windows_8_1.0|leaf:Windows_8_OTHER
8595,fam:Windows,fam:Windows,fam:Windows,maj:Windows_7,maj:Windows_Vista,maj:Windows_Vista,leaf:Windows_7,leaf:Windows_Vista,leaf:Windows_Vista
8596,fam:Windows,fam:Windows,fam:Windows,maj:Windows_7,maj:Windows_7,maj:Windows_7,leaf:Windows_7,leaf:Windows_7,leaf:Windows_7
8600,fam:Windows,fam:Windows,fam:Windows,maj:Windows_7,maj:Windows_7,maj:Windows_10|maj:Windows_7,leaf:Windows_7,leaf:Windows_7,leaf:Windows_10|leaf:Windows_7
8601,fam:Windows,fam:Windows,fam:Windows,maj:Windows_7,maj:Windows_7,maj:Windows_7,leaf:Windows_7,leaf:Windows_7,leaf:Windows_7
8602,fam:Windows,fam:Windows,fam:Linux|fam:Windows,maj:Windows_7,maj:Windows_7,maj:Linux_OTHER|maj:Windows_7,leaf:Windows_7,leaf:Linux_OTHER,leaf:Linux_OTHER|leaf:Windows_7
8606,fam:Windows,fam:Windows,fam:Windows,maj:Windows_7,maj:Windows_7,maj:Windows_7,leaf:Windows_7,leaf:Windows_7,leaf:Windows_7
8609,fam:Windows,fam:Windows,fam:Windows,maj:Windows_7,maj:Windows_8,maj:Windows_7|maj:Windows_8,leaf:Windows_7,leaf:Windows_8_1.0,leaf:Windows_7|leaf:Windows_8_1.0|leaf:Windows_8_OTHER
8612,fam:Windows,fam:Windows,fam:Windows,maj:Windows_7,maj:Windows_7,maj:Windows_7,leaf:Windows_7,leaf:Windows_7,leaf:Windows_7
8613,fam:Windows,fam:Windows,fam:Windows,maj:Windows_7,maj:Windows_8,maj:Windows_10|maj:Windows_7|maj:Windows_8,leaf:Windows_7,leaf:Windows_8_1.0,leaf:Windows_10|leaf:Windows_7|leaf:Windows_8_1.0|leaf:Windows_8_OTHER
8614,fam:Windows,fam:Android,fam:Android|fam:Linux,maj:Windows_7,maj:Windows_7,maj:Android_10|maj:Android_7|maj:Android_8|maj:Android_9|maj:Linux_OTHER,leaf:Windows_7,leaf:Android_8_0.0,leaf:Android_10|leaf:Android_7_0.0|leaf:Android_8_0.0|leaf:Android_8_1.0|leaf:Android_9|leaf:Linux_OTHER
8615,fam:Windows,fam:Windows,fam:Windows,maj:Windows_7,maj:Windows_8,maj:Windows_10|maj:Windows_7|maj:Windows_8,leaf:Windows_7,leaf:Windows_8_1.0,leaf:Windows_10|leaf:Windows_7|leaf:Windows_8_1.0|leaf:Windows_8_OTHER
8618,fam:Windows,fam:Windows,fam:Windows,maj:Windows_7,maj:Windows_7,maj:Windows_7|maj:Windows_8,leaf:Windows_7,leaf:Windows_8_1.0,leaf:Windows_7|leaf:Windows_8_1.0|leaf:Windows_8_OTHER
8619,fam:Windows,fam:Windows,fam:Windows,maj:Windows_7,maj:Windows_7,maj:Windows_7,leaf:Windows_7,leaf:Windows_7,leaf:Windows_7
8621,fam:Windows,fam:Windows,fam:Windows,maj:Windows_7,maj:Windows_8,maj:Windows_10|maj:Windows_7|maj:Windows_8,leaf:Windows_7,leaf:Windows_7,leaf:Windows_10|leaf:Windows_7|leaf:Windows_8_1.0|leaf:Windows_8_OTHER
8622,fam:Windows,fam:Windows,fam:Windows,maj:Windows_7,maj:Windows_7,maj:Windows_7|maj:Windows_8,leaf:Windows_7,leaf:Windows_7,leaf:Windows_7|leaf:Windows_8_1.0
8625,fam:Windows,fam:macOS,fam:Windows|fam:macOS,maj:Windows_7,maj:Windows_8,maj:Windows_10|maj:Windows_7|maj:Windows_8|maj:macOS_10,leaf:Windows_7,leaf:macOS_10_13.0,leaf:Windows_10|leaf:Windows_7|leaf:Windows_8_1.0|leaf:macOS_10_13.0|leaf:macOS_10_8.0
8626,fam:Windows,fam:Windows,fam:Windows,maj:Windows_7,maj:Windows_7,maj:Windows_7|maj:Windows_8,leaf:Windows_7,leaf:Windows_7,leaf:Windows_7|leaf:Windows_8_1.0
8631,fam:Windows,fam:Windows,fam:Windows,maj:Windows_7,maj:Windows_7,maj:Windows_10|maj:Windows_7|maj:Windows_8,leaf:Windows_7,leaf:Windows_7,leaf:Windows_10|leaf:Windows_7|leaf:Windows_8_OTHER
8633,fam:Windows,fam:Windows,fam:Windows,maj:Windows_7,maj:Windows_7,maj:Windows_7,leaf:Windows_7,leaf:Windows_7,leaf:Windows_7
8635,fam:Windows,fam:Windows,fam:Windows,maj:Windows_7,maj:Windows_8,maj:Windows_7|maj:Windows_8,leaf:Windows_7,leaf:Windows_8_1.0,leaf:Windows_7|leaf:Windows_8_1.0|leaf:Windows_8_OTHER
8638,fam:Windows,fam:Linux,fam:Android|fam:Linux|fam:Windows|fam:iOS|fam:macOS,maj:Windows_7,maj:Windows_Vista,maj:Android_4|maj:Android_9|maj:Android_OTHER|maj:Linux_OTHER|maj:Linux_Ubuntu|maj:Windows_10|maj:Windows_Vista|maj:iOS_12|maj:macOS_10,leaf:Windows_7,leaf:Windows_Vista,leaf:Android_4_0.0|leaf:Android_9|leaf:Android_OTHER|leaf:Linux_OTHER|leaf:Linux_Ubuntu|leaf:Windows_10|leaf:Windows_Vista|leaf:iOS_12_2.0|leaf:macOS_10_13.0|leaf:macOS_10_14.0
8640,fam:Windows,fam:Windows,fam:Windows,maj:Windows_7,maj:Windows_7,maj:Windows_7,leaf:Windows_7,leaf:Windows_7,leaf:Windows_7
8641,fam:Windows,fam:Windows,fam:Windows,maj:Windows_7,maj:Windows_7,maj:Windows_10|maj:Windows_7|maj:Windows_8,leaf:Windows_7,leaf:Windows_8_1.0,leaf:Windows_10|leaf:Windows_7|leaf:Windows_8_1.0
8642,fam:Windows,fam:Windows,fam:Windows,maj:Windows_7,maj:Windows_7,maj:Windows_7,leaf:Windows_7,leaf:Windows_7,leaf:Windows_7
8644,fam:Windows,fam:Windows,fam:Windows,maj:Windows_7,maj:Windows_7,maj:Windows_7,leaf:Windows_7,leaf:Windows_7,leaf:Windows_7
8646,fam:Windows,fam:Windows,fam:Windows,maj:Windows_7,maj:Windows_7,maj:Windows_7,leaf:Windows_7,leaf:Windows_7,leaf:Windows_7
8647,fam:Windows,fam:Windows,fam:Windows,maj:Windows_7,maj:Windows_7,maj:Windows_7,leaf:Windows_7,leaf:Windows_7,leaf:Windows_7
8648,fam:Windows,fam:Windows,fam:Windows,maj:Windows_7,maj:Windows_8,maj:Windows_10|maj:Windows_7|maj:Windows_8,leaf:Windows_7,leaf:Windows_7,leaf:Windows_10|leaf:Windows_7|leaf:Windows_8_1.0|leaf:Windows_8_OTHER
8652,fam:Windows,fam:Windows,fam:Windows,maj:Windows_7,maj:Windows_7,maj:Windows_7,leaf:Windows_7,leaf:Windows_7,leaf:Windows_7
8654,fam:Windows,fam:Windows,fam:Windows,maj:Windows_7,maj:Windows_7,maj:Windows_7,leaf:Windows_7,leaf:Windows_7,leaf:Windows_7
8655,fam:Windows,fam:Windows,fam:Windows,maj:Windows_7,maj:Windows_7,maj:Windows_10|maj:Windows_7|maj:Windows_8,leaf:Windows_7,leaf:Windows_8_1.0,leaf:Windows_10|leaf:Windows_7|leaf:Windows_8_1.0|leaf:Windows_8_OTHER
8658,fam:Windows,fam:Windows,fam:Windows,maj:Windows_7,maj:Windows_7,maj:Windows_7|maj:Windows_8,leaf:Windows_7,leaf:Windows_7,leaf:Windows_7|leaf:Windows_8_1.0
8666,fam:Windows,fam:Windows,fam:Windows,maj:Windows_7,maj:Windows_7,maj:Windows_7,leaf:Windows_7,leaf:Windows_7,leaf:Windows_7
8667,fam:Windows,fam:Windows,fam:Windows,maj:Windows_7,maj:Windows_7,maj:Windows_7,leaf:Windows_7,leaf:Windows_7,leaf:Windows_7
8668,fam:Windows,fam:Windows,fam:Windows,maj:Windows_7,maj:Windows_7,maj:Windows_7,leaf:Windows_7,leaf:Windows_7,leaf:Windows_7
8670,fam:Windows,fam:Windows,fam:Windows,maj:Windows_7,maj:Windows_7,maj:Windows_10|maj:Windows_7|maj:Windows_8,leaf:Windows_7,leaf:Windows_7,leaf:Windows_10|leaf:Windows_7|leaf:Windows_8_OTHER
8672,fam:Windows,fam:Windows,fam:Windows,maj:Windows_7,maj:Windows_7,maj:Windows_7,leaf:Windows_7,leaf:Windows_7,leaf:Windows_7
8673,fam:Windows,fam:Windows,fam:Windows,maj:Windows_7,maj:Windows_8,maj:Windows_7|maj:Windows_8,leaf:Windows_7,leaf:Windows_8_1.0,leaf:Windows_7|leaf:Windows_8_1.0|leaf:Windows_8_OTHER
8674,fam:Windows,fam:Windows,fam:Android|fam:Windows,maj:Windows_7,maj:Windows_7,maj:Android_4|maj:Android_6|maj:Windows_10|maj:Windows_7,leaf:Windows_7,leaf:Android_4_4.0,leaf:Android_4_2.0|leaf:Android_4_4.0|leaf:Android_6_0.0|leaf:Windows_10|leaf:Windows_7
8678,fam:Windows,fam:Windows,fam:Windows,maj:Windows_7,maj:Windows_7,maj:Windows_7|maj:Windows_8,leaf:Windows_7,leaf:Windows_7,leaf:Windows_7|leaf:Windows_8_1.0
8680,fam:Windows,fam:Windows,fam:Windows|fam:macOS,maj:Windows_7,maj:Windows_7,maj:Windows_7|maj:Windows_8|maj:macOS_10,leaf:Windows_7,leaf:Windows_7,leaf:Windows_7|leaf:Windows_8_1.0|leaf:Windows_8_OTHER|leaf:macOS_10_9.0
8684,fam:Windows,fam:Windows,fam:Windows,maj:Windows_7,maj:Windows_7,maj:Windows_10|maj:Windows_7|maj:Windows_8,leaf:Windows_7,leaf:Windows_8_1.0,leaf:Windows_10|leaf:Windows_7|leaf:Windows_8_1.0|leaf:Windows_8_OTHER
8687,fam:Windows,fam:Windows,fam:Windows|fam:macOS,maj:Windows_7,maj:Windows_7,maj:Windows_10|maj:Windows_7|maj:Windows_8|maj:macOS_10,leaf:Windows_7,leaf:Windows_7,leaf:Windows_10|leaf:Windows_7|leaf:Windows_8_1.0|leaf:macOS_10_9.0
8690,fam:Windows,fam:Windows,fam:Windows,maj:Windows_7,maj:Windows_8,maj:Windows_7|maj:Windows_8,leaf:Windows_7,leaf:Windows_8_1.0,leaf:Windows_7|leaf:Windows_8_1.0|leaf:Windows_8_OTHER
8693,fam:Windows,fam:Windows,fam:Windows,maj:Windows_7,maj:Windows_7,maj:Windows_7,leaf:Windows_7,leaf:Windows_7,leaf:Windows_7
8695,fam:Windows,fam:Windows,fam:Windows,maj:Windows_7,maj:Windows_8,maj:Windows_7|maj:Windows_8,leaf:Windows_7,leaf:Windows_8_1.0,leaf:Windows_7|leaf:Windows_8_1.0|leaf:Windows_8_OTHER
8698,fam:Windows,fam:Windows,fam:Windows,maj:Windows_7,maj:Windows_8,maj:Windows_7|maj:Windows_8,leaf:Windows_7,leaf:Windows_8_1.0,leaf:Windows_7|leaf:Windows_8_1.0|leaf:Windows_8_OTHER
8701,fam:Windows,fam:Windows,fam:Windows,maj:Windows_7,maj:Windows_7,maj:Windows_7,leaf:Windows_7,leaf:Windows_7,leaf:Windows_7
8702,fam:Windows,fam:Windows,fam:Windows,maj:Windows_7,maj:Windows_7,maj:Windows_7,leaf:Windows_7,leaf:Windows_7,leaf:Windows_7
8703,fam:Windows,fam:Windows,fam:Windows,maj:Windows_7,maj:Windows_7,maj:Windows_10|maj:Windows_7,leaf:Windows_7,leaf:Windows_7,leaf:Windows_10|leaf:Windows_7
8704,fam:Windows,fam:Windows,fam:Windows,maj:Windows_7,maj:Windows_7,maj:Windows_7,leaf:Windows_7,leaf:Windows_7,leaf:Windows_7
8705,fam:Windows,fam:Windows,fam:Windows,maj:Windows_7,maj:Windows_7,maj:Windows_7,leaf:Windows_7,leaf:Windows_7,leaf:Windows_7
8708,fam:Windows,fam:Windows,fam:Windows,maj:Windows_7,maj:Windows_7,maj:Windows_7|maj:Windows_8,leaf:Windows_7,leaf:Windows_7,leaf:Windows_7|leaf:Windows_8_1.0
8710,fam:Windows,fam:Windows,fam:Android|fam:Windows,maj:Windows_7,maj:Android_7,maj:Android_7|maj:Windows_10|maj:Windows_7,leaf:Windows_7,leaf:Windows_10,leaf:Android_7_1.0|leaf:Windows_10|leaf:Windows_7
8712,fam:Windows,fam:Windows,fam:Windows,maj:Windows_7,maj:Windows_7,maj:Windows_7,leaf:Windows_7,leaf:Windows_7,leaf:Windows_7
8714,fam:Windows,fam:Windows,fam:Windows,maj:Windows_7,maj:Windows_7,maj:Windows_7,leaf:Windows_7,leaf:Windows_7,leaf:Windows_7
8715,fam:Windows,fam:Windows,fam:Windows,maj:Windows_7,maj:Windows_7,maj:Windows_10|maj:Windows_7,leaf:Windows_7,leaf:Windows_7,leaf:Windows_10|leaf:Windows_7
8717,fam:Windows,fam:Windows,fam:Android|fam:Linux|fam:Windows|fam:iOS|fam:macOS,maj:Windows_7,maj:Windows_10,maj:Android_10|maj:Android_6|maj:Android_7|maj:Android_8|maj:Android_9|maj:Linux_OTHER|maj:Windows_10|maj:iOS_13|maj:macOS_10,leaf:Windows_7,leaf:Linux_OTHER,leaf:Android_10|leaf:Android_6_0.0|leaf:Android_7_0.0|leaf:Android_7_1.0|leaf:Android_8_0.0|leaf:Android_9|leaf:Linux_OTHER|leaf:Windows_10|leaf:iOS_13_3.0|leaf:macOS_10_11.0
8720,fam:Windows,fam:Windows,fam:Windows|fam:macOS,maj:Windows_7,maj:Windows_7,maj:Windows_7|maj:Windows_8|maj:macOS_10,leaf:Windows_7,leaf:Windows_7,leaf:Windows_7|leaf:Windows_8_OTHER|leaf:macOS_10_9.0
8722,fam:Windows,fam:Windows,fam:Windows,maj:Windows_7,maj:Windows_7,maj:Windows_7,leaf:Windows_7,leaf:Windows_7,leaf:Windows_7
8723,fam:Windows,fam:Windows,fam:Windows,maj:Windows_7,maj:Windows_7,maj:Windows_7,leaf:Windows_7,leaf:Windows_7,leaf:Windows_7
8724,fam:Windows,fam:Windows,fam:Windows,maj:Windows_7,maj:Windows_7,maj:Windows_7,leaf:Windows_7,leaf:Windows_7,leaf:Windows_7
8725,fam:Windows,fam:Windows,fam:Windows,maj:Windows_7,maj:Windows_7,maj:Windows_7,leaf:Windows_7,leaf:Windows_7,leaf:Windows_7
8726,fam:Windows,fam:Windows,fam:Android|fam:Linux|fam:Windows|fam:macOS,maj:Windows_7,maj:Windows_7,maj:Android_5|maj:Android_6|maj:Linux_OTHER|maj:Windows_7|maj:Windows_XP|maj:macOS_10,leaf:Windows_7,leaf:Windows_7,leaf:Android_5_0.0|leaf:Android_5_1.0|leaf:Android_6_0.0|leaf:Linux_OTHER|leaf:Windows_7|leaf:Windows_XP|leaf:macOS_10_15.0
8727,fam:Windows,fam:Windows,fam:Windows,maj:Windows_7,maj:Windows_7,maj:Windows_7,leaf:Windows_7,leaf:Windows_7,leaf:Windows_7
8728,fam:Windows,fam:Windows,fam:Windows,maj:Windows_7,maj:Windows_7,maj:Windows_10|maj:Windows_7,leaf:Windows_7,leaf:Windows_7,leaf:Windows_10|leaf:Windows_7
8730,fam:Windows,fam:Windows,fam:Linux|fam:Windows|fam:macOS,maj:Windows_7,maj:Windows_8,maj:Linux_OTHER|maj:Windows_10|maj:Windows_7|maj:Windows_8|maj:Windows_XP|maj:macOS_10,leaf:Windows_7,leaf:Windows_7,leaf:Linux_OTHER|leaf:Windows_10|leaf:Windows_7|leaf:Windows_8_1.0|leaf:Windows_8_OTHER|leaf:Windows_XP|leaf:macOS_10_13.0|leaf:macOS_10_8.0
8731,fam:Windows,fam:Windows,fam:Android|fam:Linux|fam:Windows|fam:macOS,maj:Windows_7,maj:Windows_7,maj:Android_5|maj:Android_6|maj:Linux_OTHER|maj:Windows_7|maj:Windows_XP|maj:macOS_10,leaf:Windows_7,leaf:Windows_7,leaf:Android_5_0.0|leaf:Android_5_1.0|leaf:Android_6_0.0|leaf:Linux_OTHER|leaf:Windows_7|leaf:Windows_XP|leaf:macOS_10_15.0
8733,fam:Windows,fam:Windows,fam:Windows,maj:Windows_7,maj:Windows_7,maj:Windows_7,leaf:Windows_7,leaf:Windows_7,leaf:Windows_7
8735,fam:Windows,fam:Windows,fam:Windows,maj:Windows_7,maj:Windows_7,maj:Windows_7,leaf:Windows_7,leaf:Windows_7,leaf:Windows_7
8737,fam:Windows,fam:Windows,fam:Windows,maj:Windows_7,maj:Windows_7,maj:Windows_7,leaf:Windows_7,leaf:Windows_7,leaf:Windows_7
8738,fam:Windows,fam:Windows,fam:Windows,maj:Windows_7,maj:Windows_7,maj:Windows_7,leaf:Windows_7,leaf:Windows_7,leaf:Windows_7
8739,fam:Windows,fam:Windows,fam:Windows,maj:Windows_7,maj:Windows_7,maj:Windows_7,leaf:Windows_7,leaf:Windows_7,leaf:Windows_7
8741,fam:Windows,fam:Windows,fam:Windows,maj:Windows_7,maj:Windows_8,maj:Windows_10|maj:Windows_7|maj:Windows_8,leaf:Windows_7,leaf:Windows_8_1.0,leaf:Windows_10|leaf:Windows_7|leaf:Windows_8_1.0|leaf:Windows_8_OTHER
8743,fam:Windows,fam:Windows,fam:Windows,maj:Windows_7,maj:Windows_7,maj:Windows_7,leaf:Windows_7,leaf:Windows_7,leaf:Windows_7
8744,fam:Windows,fam:Windows,fam:Windows,maj:Windows_7,maj:Windows_7,maj:Windows_7,leaf:Windows_7,leaf:Windows_7,leaf:Windows_7
8746,fam:Windows,fam:Windows,fam:Windows,maj:Windows_7,maj:Windows_8,maj:Windows_7|maj:Windows_8,leaf:Windows_7,leaf:Windows_8_1.0,leaf:Windows_7|leaf:Windows_8_1.0|leaf:Windows_8_OTHER
8747,fam:Windows,fam:Windows,fam:Windows,maj:Windows_7,maj:Windows_7,maj:Windows_7,leaf:Windows_7,leaf:Windows_7,leaf:Windows_7
8748,fam:Windows,fam:Windows,fam:Windows,maj:Windows_7,maj:Windows_7,maj:Windows_7,leaf:Windows_7,leaf:Windows_7,leaf:Windows_7
8750,fam:Windows,fam:Windows,fam:Windows,maj:Windows_7,maj:Windows_7,maj:Windows_7,leaf:Windows_7,leaf:Windows_7,leaf:Windows_7
8752,fam:Windows,fam:Windows,fam:Windows,maj:Windows_7,maj:Windows_7,maj:Windows_7,leaf:Windows_7,leaf:Windows_7,leaf:Windows_7
8753,fam:Windows,fam:Windows,fam:Windows,maj:Windows_7,maj:Windows_7,maj:Windows_7,leaf:Windows_7,leaf:Windows_7,leaf:Windows_7
8754,fam:Windows,fam:Windows,fam:Windows,maj:Windows_7,maj:Windows_10,maj:Windows_10|maj:Windows_7|maj:Windows_8,leaf:Windows_7,leaf:Windows_7,leaf:Windows_10|leaf:Windows_7|leaf:Windows_8_1.0
8755,fam:Windows,fam:Windows,fam:Windows,maj:Windows_7,maj:Windows_7,maj:Windows_7,leaf:Windows_7,leaf:Windows_7,leaf:Windows_7
8756,fam:Windows,fam:Windows,fam:Windows,maj:Windows_7,maj:Windows_7,maj:Windows_7,leaf:Windows_7,leaf:Windows_7,leaf:Windows_7
8763,fam:Windows,fam:Windows,fam:Windows,maj:Windows_7,maj:Windows_7,maj:Windows_7,leaf:Windows_7,leaf:Windows_7,leaf:Windows_7
8769,fam:Windows,fam:Windows,fam:Windows|fam:macOS,maj:Windows_7,maj:Windows_7,maj:Windows_7|maj:Windows_8|maj:macOS_10,leaf:Windows_7,leaf:Windows_7,leaf:Windows_7|leaf:Windows_8_1.0|leaf:macOS_10_9.0
8770,fam:Windows,fam:Windows,fam:Windows,maj:Windows_7,maj:Windows_7,maj:Windows_7,leaf:Windows_7,leaf:Windows_7,leaf:Windows_7
8771,fam:Windows,fam:Windows,fam:Linux|fam:Windows,maj:Windows_7,maj:Windows_7,maj:Linux_OTHER|maj:Windows_10|maj:Windows_7|maj:Windows_8,leaf:Windows_7,leaf:Windows_7,leaf:Linux_OTHER|leaf:Windows_10|leaf:Windows_7|leaf:Windows_8_1.0
8775,fam:Windows,fam:Windows,fam:Windows,maj:Windows_7,maj:Windows_7,maj:Windows_7,leaf:Windows_7,leaf:Windows_7,leaf:Windows_7
8778,fam:Windows,fam:Linux,fam:Android|fam:Linux|fam:Windows|fam:iOS|fam:macOS,maj:Windows_7,maj:iOS_12,maj:Android_9|maj:Linux_OTHER|maj:Linux_Ubuntu|maj:Windows_Vista|maj:iOS_12|maj:macOS_10,leaf:Windows_7,leaf:Windows_Vista,leaf:Android_9|leaf:Linux_OTHER|leaf:Linux_Ubuntu|leaf:Windows_Vista|leaf:iOS_12_2.0|leaf:iOS_12_3.0|leaf:macOS_10_10.0|leaf:macOS_10_12.0|leaf:macOS_10_13.0|leaf:macOS_10_14.0|leaf:macOS_10_7.0
8779,fam:Windows,fam:Windows,fam:Windows,maj:Windows_7,maj:Windows_7,maj:Windows_7,leaf:Windows_7,leaf:Windows_7,leaf:Windows_7
8780,fam:Windows,fam:Windows,fam:Windows,maj:Windows_7,maj:Windows_7,maj:Windows_7,leaf:Windows_7,leaf:Windows_7,leaf:Windows_7
8785,fam:Windows,fam:Windows,fam:Windows,maj:Windows_7,maj:Windows_7,maj:Windows_7,leaf:Windows_7,leaf:Windows_7,leaf:Windows_7
8786,fam:Windows,fam:Windows,fam:Windows,maj:Windows_7,maj:Windows_8,maj:Windows_10|maj:Windows_7|maj:Windows_8,leaf:Windows_7,leaf:Windows_8_1.0,leaf:Windows_10|leaf:Windows_7|leaf:Windows_8_1.0|leaf:Windows_8_OTHER
8787,fam:Windows,fam:Windows,fam:Windows,maj:Windows_7,maj:Windows_8,maj:Windows_7|maj:Windows_8,leaf:Windows_7,leaf:Windows_8_1.0,leaf:Windows_7|leaf:Windows_8_1.0|leaf:Windows_8_OTHER
8789,fam:Windows,fam:Windows,fam:Windows,maj:Windows_7,maj:Windows_7,maj:Windows_7|maj:Windows_8,leaf:Windows_7,leaf:Windows_7,leaf:Windows_7|leaf:Windows_8_1.0
8790,fam:Windows,fam:Windows,fam:Windows,maj:Windows_7,maj:Windows_7,maj:Windows_7,leaf:Windows_7,leaf:Windows_7,leaf:Windows_7
8793,fam:Windows,fam:Windows,fam:Android|fam:Linux|fam:Windows|fam:macOS,maj:Windows_7,maj:Windows_7,maj:Android_5|maj:Linux_OTHER|maj:Windows_7|maj:Windows_XP|maj:macOS_10,leaf:Windows_7,leaf:Windows_7,leaf:Android_5_1.0|leaf:Linux_OTHER|leaf:Windows_7|leaf:Windows_XP|leaf:macOS_10_10.0
8794,fam:Windows,fam:Windows,fam:Android|fam:Linux|fam:Windows|fam:macOS,maj:Windows_7,maj:Windows_10,maj:Android_4|maj:Android_7|maj:Android_8|maj:Android_9|maj:Linux_OTHER|maj:Linux_Ubuntu|maj:Windows_10|maj:Windows_7|maj:macOS_10,leaf:Windows_7,leaf:Linux_OTHER,leaf:Android_4_0.0|leaf:Android_7_0.0|leaf:Android_7_1.0|leaf:Android_8_0.0|leaf:Android_8_1.0|leaf:Android_9|leaf:Linux_OTHER|leaf:Linux_Ubuntu|leaf:Windows_10|leaf:Windows_7|leaf:macOS_10_11.0|leaf:macOS_10_14.0|leaf:macOS_10_15.0
8795,fam:Windows,fam:Windows,fam:Windows,maj:Windows_7,maj:Windows_7,maj:Windows_7,leaf:Windows_7,leaf:Windows_7,leaf:Windows_7
8796,fam:Windows,fam:Windows,fam:Windows,maj:Windows_7,maj:Windows_7,maj:Windows_7,leaf:Windows_7,leaf:Windows_7,leaf:Windows_7
8797,fam:Windows,fam:Windows,fam:Windows,maj:Windows_7,maj:Windows_8,maj:Windows_7|maj:Windows_8,leaf:Windows_7,leaf:Windows_8_1.0,leaf:Windows_7|leaf:Windows_8_1.0|leaf:Windows_8_OTHER
8799,fam:Windows,fam:Windows,fam:Windows,maj:Windows_7,maj:Windows_7,maj:Windows_7,leaf:Windows_7,leaf:Windows_7,leaf:Windows_7
8801,fam:Windows,fam:Windows,fam:Windows,maj:Windows_7,maj:Windows_7,maj:Windows_7,leaf:Windows_7,leaf:Windows_7,leaf:Windows_7
8802,fam:Windows,fam:Windows,fam:Windows,maj:Windows_7,maj:Windows_7,maj:Windows_7,leaf:Windows_7,leaf:Windows_7,leaf:Windows_7
8806,fam:Windows,fam:Windows,fam:Windows,maj:Windows_7,maj:Windows_7,maj:Windows_7,leaf:Windows_7,leaf:Windows_7,leaf:Windows_7
8807,fam:Windows,fam:Windows,fam:Windows|fam:macOS,maj:Windows_7,maj:Windows_7,maj:Windows_7|maj:Windows_8|maj:macOS_10,leaf:Windows_7,leaf:Windows_7,leaf:Windows_7|leaf:Windows_8_1.0|leaf:macOS_10_9.0
8808,fam:Windows,fam:Windows,fam:Windows|fam:macOS,maj:Windows_7,maj:Windows_7,maj:Windows_7|maj:Windows_8|maj:macOS_10,leaf:Windows_7,leaf:Windows_7,leaf:Windows_7|leaf:Windows_8_1.0|leaf:macOS_10_9.0
8809,fam:Windows,fam:Windows,fam:Windows,maj:Windows_7,maj:Windows_7,maj:Windows_7|maj:Windows_8,leaf:Windows_7,leaf:Windows_7,leaf:Windows_7|leaf:Windows_8_1.0
8810,fam:Windows,fam:Windows,fam:Windows,maj:Windows_7,maj:Windows_7,maj:Windows_7,leaf:Windows_7,leaf:Windows_7,leaf:Windows_7
8811,fam:Windows,fam:Windows,fam:Windows,maj:Windows_7,maj:Windows_7,maj:Windows_7|maj:Windows_8,leaf:Windows_7,leaf:Windows_7,leaf:Windows_7|leaf:Windows_8_1.0
8815,fam:Windows,fam:Windows,fam:Windows,maj:Windows_7,maj:Windows_7,maj:Windows_7,leaf:Windows_7,leaf:Windows_7,leaf:Windows_7
8819,fam:Windows,fam:Windows,fam:Windows,maj:Windows_7,maj:Windows_7,maj:Windows_7,leaf:Windows_7,leaf:Windows_7,leaf:Windows_7
8820,fam:Windows,fam:Windows,fam:Windows,maj:Windows_7,maj:Windows_7,maj:Windows_7|maj:Windows_8,leaf:Windows_7,leaf:Windows_7,leaf:Windows_7|leaf:Windows_8_1.0
8821,fam:Windows,fam:Windows,fam:Windows,maj:Windows_7,maj:Windows_7,maj:Windows_7,leaf:Windows_7,leaf:Windows_7,leaf:Windows_7
8823,fam:Windows,fam:Windows,fam:Windows,maj:Windows_7,maj:Windows_8,maj:Windows_10|maj:Windows_7|maj:Windows_8,leaf:Windows_7,leaf:Windows_8_OTHER,leaf:Windows_10|leaf:Windows_7|leaf:Windows_8_1.0|leaf:Windows_8_OTHER
8832,fam:Windows,fam:Windows,fam:Windows,maj:Windows_7,maj:Windows_8,maj:Windows_7|maj:Windows_8,leaf:Windows_7,leaf:Windows_8_1.0,leaf:Windows_7|leaf:Windows_8_1.0|leaf:Windows_8_OTHER
8833,fam:Windows,fam:macOS,fam:Windows|fam:macOS,maj:Windows_7,maj:Windows_8,maj:Windows_10|maj:Windows_7|maj:Windows_8|maj:macOS_10,leaf:Windows_7,leaf:macOS_10_13.0,leaf:Windows_10|leaf:Windows_7|leaf:Windows_8_1.0|leaf:macOS_10_13.0|leaf:macOS_10_8.0
8834,fam:Windows,fam:Windows,fam:Windows,maj:Windows_7,maj:Windows_7,maj:Windows_7,leaf:Windows_7,leaf:Windows_7,leaf:Windows_7
8836,fam:Windows,fam:Windows,fam:Windows,maj:Windows_7,maj:Windows_7,maj:Windows_7|maj:Windows_8,leaf:Windows_7,leaf:Windows_7,leaf:Windows_7|leaf:Windows_8_1.0
8843,fam:Windows,fam:Windows,fam:Windows,maj:Windows_7,maj:Windows_7,maj:Windows_7|maj:Windows_8,leaf:Windows_7,leaf:Windows_7,leaf:Windows_7|leaf:Windows_8_1.0
8846,fam:Windows,fam:Windows,fam:Windows,maj:Windows_7,maj:Windows_7,maj:Windows_7,leaf:Windows_7,leaf:Windows_7,leaf:Windows_7
8852,fam:Windows,fam:Windows,fam:Linux|fam:Windows,maj:Windows_7,maj:Windows_7,maj:Linux_OTHER|maj:Windows_10|maj:Windows_7|maj:Windows_8,leaf:Windows_7,leaf:Windows_7,leaf:Linux_OTHER|leaf:Windows_10|leaf:Windows_7|leaf:Windows_8_1.0
8858,fam:Windows,fam:Windows,fam:Windows,maj:Windows_7,maj:Windows_8,maj:Windows_10|maj:Windows_7|maj:Windows_8,leaf:Windows_7,leaf:Windows_8_1.0,leaf:Windows_10|leaf:Windows_7|leaf:Windows_8_1.0|leaf:Windows_8_OTHER
8862,fam:Windows,fam:Windows,fam:Linux|fam:Windows|fam:macOS,maj:Windows_7,maj:Windows_7,maj:Linux_OTHER|maj:Windows_10|maj:Windows_7|maj:Windows_8|maj:macOS_10,leaf:Windows_7,leaf:Windows_7,leaf:Linux_OTHER|leaf:Windows_10|leaf:Windows_7|leaf:Windows_8_1.0|leaf:macOS_10_15.0
8865,fam:Windows,fam:Windows,fam:Windows,maj:Windows_7,maj:Windows_7,maj:Windows_7,leaf:Windows_7,leaf:Windows_7,leaf:Windows_7
8866,fam:Windows,fam:Windows,fam:Windows,maj:Windows_7,maj:Windows_7,maj:Windows_7,leaf:Windows_7,leaf:Windows_7,leaf:Windows_7
8867,fam:Windows,fam:Windows,fam:Windows,maj:Windows_7,maj:Windows_7,maj:Windows_7,leaf:Windows_7,leaf:Windows_7,leaf:Windows_7
8873,fam:Windows,fam:Windows,fam:Windows,maj:Windows_7,maj:Windows_7,maj:Windows_7|maj:Windows_8,leaf:Windows_7,leaf:Windows_7,leaf:Windows_7|leaf:Windows_8_1.0
8874,fam:Windows,fam:macOS,fam:Windows|fam:macOS,maj:Windows_7,maj:macOS_10,maj:Windows_7|maj:macOS_10|maj:macOS_OTHER,leaf:Windows_7,leaf:macOS_10_13.0,leaf:Windows_7|leaf:macOS_10_11.0|leaf:macOS_10_12.0|leaf:macOS_10_13.0|leaf:macOS_OTHER
8875,fam:Windows,fam:Windows,fam:Android|fam:Windows,maj:Windows_7,maj:Android_7,maj:Android_7|maj:Windows_10|maj:Windows_7,leaf:Windows_7,leaf:Windows_7,leaf:Android_7_1.0|leaf:Windows_10|leaf:Windows_7
8876,fam:Windows,fam:Windows,fam:Windows,maj:Windows_7,maj:Windows_7,maj:Windows_7,leaf:Windows_7,leaf:Windows_7,leaf:Windows_7
8877,fam:Windows,fam:Windows,fam:Windows,maj:Windows_7,maj:Windows_7,maj:Windows_7|maj:Windows_8,leaf:Windows_7,leaf:Windows_7,leaf:Windows_7|leaf:Windows_8_1.0
8878,fam:Windows,fam:Windows,fam:Windows,maj:Windows_7,maj:Windows_7,maj:Windows_7|maj:Windows_8,leaf:Windows_7,leaf:Windows_7,leaf:Windows_7|leaf:Windows_8_1.0
8880,fam:Windows,fam:Windows,fam:Windows,maj:Windows_7,maj:Windows_7,maj:Windows_7,leaf:Windows_7,leaf:Windows_7,leaf:Windows_7
8881,fam:Windows,fam:Windows,fam:Windows,maj:Windows_7,maj:Windows_7,maj:Windows_7,leaf:Windows_7,leaf:Windows_7,leaf:Windows_7
8882,fam:Windows,fam:Windows,fam:Windows,maj:Windows_7,maj:Windows_8,maj:Windows_7|maj:Windows_8,leaf:Windows_7,leaf:Windows_8_1.0,leaf:Windows_7|leaf:Windows_8_1.0|leaf:Windows_8_OTHER
8884,fam:Windows,fam:Windows,fam:Windows,maj:Windows_7,maj:Windows_7,maj:Windows_7,leaf:Windows_7,leaf:Windows_7,leaf:Windows_7
8886,fam:Windows,fam:macOS,fam:Linux|fam:Windows|fam:macOS,maj:Windows_7,maj:Windows_7,maj:Linux_OTHER|maj:Windows_10|maj:Windows_7|maj:Windows_8|maj:Windows_Vista|maj:Windows_XP|maj:macOS_10,leaf:Windows_7,leaf:macOS_10_10.0,leaf:Linux_OTHER|leaf:Windows_10|leaf:Windows_7|leaf:Windows_8_1.0|leaf:Windows_8_OTHER|leaf:Windows_Vista|leaf:Windows_XP|leaf:macOS_10_10.0|leaf:macOS_10_11.0|leaf:macOS_10_13.0|leaf:macOS_10_8.0|leaf:macOS_10_9.0
8887,fam:Windows,fam:Android,fam:Windows,maj:Windows_7,maj:Windows_8,maj:Windows_8,leaf:Windows_7,leaf:Windows_8_1.0,leaf:Windows_8_1.0
8891,fam:Windows,fam:Windows,fam:Windows,maj:Windows_7,maj:Windows_8,maj:Windows_10|maj:Windows_7|maj:Windows_8,leaf:Windows_7,leaf:Windows_8_1.0,leaf:Windows_10|leaf:Windows_7|leaf:Windows_8_1.0|leaf:Windows_8_OTHER
8894,fam:Windows,fam:Windows,fam:Windows,maj:Windows_7,maj:Windows_7,maj:Windows_7,leaf:Windows_7,leaf:Windows_7,leaf:Windows_7
8895,fam:Windows,fam:Windows,fam:Windows,maj:Windows_7,maj:Windows_7,maj:Windows_7,leaf:Windows_7,leaf:Windows_7,leaf:Windows_7
8896,fam:Windows,fam:Windows,fam:Windows,maj:Windows_7,maj:Windows_7,maj:Windows_10|maj:Windows_7,leaf:Windows_7,leaf:Windows_7,leaf:Windows_10|leaf:Windows_7
8897,fam:Windows,fam:Windows,fam:Windows,maj:Windows_7,maj:Windows_7,maj:Windows_10|maj:Windows_7,leaf:Windows_7,leaf:Windows_7,leaf:Windows_10|leaf:Windows_7
8898,fam:Windows,fam:macOS,fam:Android|fam:Linux|fam:macOS,maj:Windows_7,maj:macOS_10,maj:Android_7|maj:Android_9|maj:Android_OTHER|maj:Linux_OTHER|maj:Linux_Ubuntu|maj:macOS_10,leaf:Windows_7,leaf:macOS_10_7.0,leaf:Android_7_0.0|leaf:Android_9|leaf:Android_OTHER|leaf:Linux_OTHER|leaf:Linux_Ubuntu|leaf:macOS_10_10.0|leaf:macOS_10_12.0|leaf:macOS_10_13.0|leaf:macOS_10_14.0|leaf:macOS_10_15.0|leaf:macOS_10_7.0
8900,fam:Windows,fam:Windows,fam:Windows,maj:Windows_7,maj:Windows_7,maj:Windows_7,leaf:Windows_7,leaf:Windows_7,leaf:Windows_7
8902,fam:Windows,fam:Windows,fam:Windows,maj:Windows_7,maj:Windows_7,maj:Windows_7,leaf:Windows_7,leaf:Windows_7,leaf:Windows_7
8905,fam:Windows,fam:Windows,fam:Windows,maj:Windows_7,maj:Windows_7,maj:Windows_7,leaf:Windows_7,leaf:Windows_7,leaf:Windows_7
8908,fam:Windows,fam:Windows,fam:Windows,maj:Windows_7,maj:Windows_7,maj:Windows_7,leaf:Windows_7,leaf:Windows_7,leaf:Windows_7
8910,fam:Windows,fam:Windows,fam:Windows,maj:Windows_7,maj:Windows_7,maj:Windows_7,leaf:Windows_7,leaf:Windows_7,leaf:Windows_7
8912,fam:Windows,fam:Windows,fam:Windows,maj:Windows_7,maj:Windows_7,maj:Windows_7|maj:Windows_8,leaf:Windows_7,leaf:Windows_7,leaf:Windows_7|leaf:Windows_8_1.0
8913,fam:Windows,fam:Windows,fam:Windows,maj:Windows_7,maj:Windows_7,maj:Windows_7|maj:Windows_8,leaf:Windows_7,leaf:Windows_7,leaf:Windows_7|leaf:Windows_8_1.0
8917,fam:Windows,fam:Linux,fam:Android|fam:Linux|fam:Windows|fam:iOS,maj:Windows_7,maj:Windows_7,maj:Android_7|maj:Android_8|maj:Linux_OTHER|maj:Linux_Ubuntu|maj:Windows_10|maj:iOS_11,leaf:Windows_7,leaf:iOS_11_0.0,leaf:Android_7_0.0|leaf:Android_8_1.0|leaf:Linux_OTHER|leaf:Linux_Ubuntu|leaf:Windows_10|leaf:iOS_11_0.0
8920,fam:Windows,fam:Windows,fam:Windows,maj:Windows_7,maj:Windows_7,maj:Windows_7,leaf:Windows_7,leaf:Windows_7,leaf:Windows_7
8921,fam:Windows,fam:Windows,fam:Windows,maj:Windows_7,maj:Windows_7,maj:Windows_10|maj:Windows_7,leaf:Windows_7,leaf:Windows_7,leaf:Windows_10|leaf:Windows_7
8922,fam:Windows,fam:Windows,fam:Linux|fam:Windows,maj:Windows_7,maj:Windows_7,maj:Linux_OTHER|maj:Windows_7|maj:Windows_8,leaf:Windows_7,leaf:Windows_7,leaf:Linux_OTHER|leaf:Windows_7|leaf:Windows_8_1.0
8927,fam:Windows,fam:Windows,fam:Windows,maj:Windows_7,maj:Windows_7,maj:Windows_7,leaf:Windows_7,leaf:Windows_7,leaf:Windows_7
8932,fam:Windows,fam:Windows,fam:Windows,maj:Windows_7,maj:Windows_7,maj:Windows_7,leaf:Windows_7,leaf:Windows_7,leaf:Windows_7
8936,fam:Windows,fam:Windows,fam:Windows,maj:Windows_7,maj:Windows_8,maj:Windows_10|maj:Windows_7|maj:Windows_8,leaf:Windows_7,leaf:Windows_8_1.0,leaf:Windows_10|leaf:Windows_7|leaf:Windows_8_1.0|leaf:Windows_8_OTHER
8937,fam:Windows,fam:Windows,fam:Windows,maj:Windows_7,maj:Windows_7,maj:Windows_7,leaf:Windows_7,leaf:Windows_7,leaf:Windows_7
8940,fam:Windows,fam:Windows,fam:Windows,maj:Windows_7,maj:Windows_8,maj:Windows_10|maj:Windows_7|maj:Windows_8,leaf:Windows_7,leaf:Windows_8_1.0,leaf:Windows_10|leaf:Windows_7|leaf:Windows_8_1.0|leaf:Windows_8_OTHER
8942,fam:Windows,fam:Windows,fam:Windows,maj:Windows_7,maj:Windows_7,maj:Windows_7,leaf:Windows_7,leaf:Windows_7,leaf:Windows_7
8943,fam:Windows,fam:Windows,fam:Windows,maj:Windows_7,maj:Windows_7,maj:Windows_7|maj:Windows_8,leaf:Windows_7,leaf:Windows_8_1.0,leaf:Windows_7|leaf:Windows_8_1.0|leaf:Windows_8_OTHER
8946,fam:Windows,fam:Windows,fam:Windows|fam:macOS,maj:Windows_7,maj:Windows_8,maj:Windows_8|maj:macOS_10,leaf:Windows_7,leaf:Windows_8_1.0,leaf:Windows_8_1.0|leaf:macOS_10_13.0
8947,fam:Windows,fam:Windows,fam:Windows,maj:Windows_7,maj:Windows_8,maj:Windows_7|maj:Windows_8,leaf:Windows_7,leaf:Windows_8_1.0,leaf:Windows_7|leaf:Windows_8_1.0|leaf:Windows_8_OTHER
8951,fam:Windows,fam:Windows,fam:Windows,maj:Windows_7,maj:Windows_8,maj:Windows_7|maj:Windows_8,leaf:Windows_7,leaf:Windows_8_OTHER,leaf:Windows_7|leaf:Windows_8_1.0|leaf:Windows_8_OTHER
8952,fam:Windows,fam:Windows,fam:Windows,maj:Windows_7,maj:Windows_8,maj:Windows_7|maj:Windows_8,leaf:Windows_7,leaf:Windows_8_1.0,leaf:Windows_7|leaf:Windows_8_1.0|leaf:Windows_8_OTHER
8954,fam:Windows,fam:Windows,fam:Windows,maj:Windows_7,maj:Windows_7,maj:Windows_10|maj:Windows_7|maj:Windows_8,leaf:Windows_7,leaf:Windows_7,leaf:Windows_10|leaf:Windows_7|leaf:Windows_8_1.0|leaf:Windows_8_OTHER
8958,fam:Windows,fam:Windows,fam:Windows,maj:Windows_7,maj:Windows_7,maj:Windows_7,leaf:Windows_7,leaf:Windows_7,leaf:Windows_7
8960,fam:Windows,fam:Windows,fam:Windows,maj:Windows_7,maj:Windows_10,maj:Windows_10|maj:Windows_7|maj:Windows_8,leaf:Windows_7,leaf:Windows_10,leaf:Windows_10|leaf:Windows_7|leaf:Windows_8_1.0
8961,fam:Windows,fam:Windows,fam:Windows,maj:Windows_7,maj:Windows_7,maj:Windows_7,leaf:Windows_7,leaf:Windows_7,leaf:Windows_7
8963,fam:Windows,fam:Windows,fam:Windows,maj:Windows_7,maj:Windows_7,maj:Windows_7|maj:Windows_8,leaf:Windows_7,leaf:Windows_7,leaf:Windows_7|leaf:Windows_8_1.0
8965,fam:Windows,fam:Windows,fam:Windows,maj:Windows_7,maj:Windows_7,maj:Windows_7,leaf:Windows_7,leaf:Windows_7,leaf:Windows_7
8966,fam:Windows,fam:Windows,fam:Windows,maj:Windows_7,maj:Windows_7,maj:Windows_7|maj:Windows_8,leaf:Windows_7,leaf:Windows_7,leaf:Windows_7|leaf:Windows_8_1.0
8967,fam:Windows,fam:Windows,fam:Windows|fam:macOS,maj:Windows_7,maj:Windows_7,maj:Windows_10|maj:Windows_7|maj:Windows_8|maj:macOS_10,leaf:Windows_7,leaf:Windows_7,leaf:Windows_10|leaf:Windows_7|leaf:Windows_8_1.0|leaf:macOS_10_9.0
8968,fam:Windows,fam:Windows,fam:Windows,maj:Windows_7,maj:Windows_7,maj:Windows_10|maj:Windows_7,leaf:Windows_7,leaf:Windows_7,leaf:Windows_10|leaf:Windows_7
8971,fam:Windows,fam:Windows,fam:Windows,maj:Windows_7,maj:Windows_7,maj:Windows_7,leaf:Windows_7,leaf:Windows_7,leaf:Windows_7
8972,fam:Windows,fam:Windows,fam:Windows,maj:Windows_7,maj:Windows_7,maj:Windows_7,leaf:Windows_7,leaf:Windows_7,leaf:Windows_7
8973,fam:Windows,fam:Windows,fam:Windows,maj:Windows_7,maj:Windows_7,maj:Windows_7|maj:Windows_8,leaf:Windows_7,leaf:Windows_8_1.0,leaf:Windows_7|leaf:Windows_8_1.0
8974,fam:Windows,fam:Windows,fam:Windows,maj:Windows_7,maj:Windows_7,maj:Windows_10|maj:Windows_7,leaf:Windows_7,leaf:Windows_7,leaf:Windows_10|leaf:Windows_7
8977,fam:Windows,fam:Windows,fam:Linux|fam:Windows,maj:Windows_7,maj:Windows_7,maj:Linux_OTHER|maj:Windows_10|maj:Windows_7,leaf:Windows_7,leaf:Windows_7,leaf:Linux_OTHER|leaf:Windows_10|leaf:Windows_7
8981,fam:Windows,fam:Windows,fam:Windows,maj:Windows_7,maj:Windows_7,maj:Windows_10|maj:Windows_7|maj:Windows_8,leaf:Windows_7,leaf:Windows_7,leaf:Windows_10|leaf:Windows_7|leaf:Windows_8_1.0|leaf:Windows_8_OTHER
8982,fam:Windows,fam:Windows,fam:Windows,maj:Windows_7,maj:Windows_8,maj:Windows_7|maj:Windows_8,leaf:Windows_7,leaf:Windows_8_1.0,leaf:Windows_7|leaf:Windows_8_1.0|leaf:Windows_8_OTHER
8983,fam:Windows,fam:Windows,fam:Windows,maj:Windows_7,maj:Windows_7,maj:Windows_7,leaf:Windows_7,leaf:Windows_7,leaf:Windows_7
8985,fam:Windows,fam:Windows,fam:Windows,maj:Windows_7,maj:Windows_8,maj:Windows_10|maj:Windows_7|maj:Windows_8,leaf:Windows_7,leaf:Windows_8_1.0,leaf:Windows_10|leaf:Windows_7|leaf:Windows_8_1.0|leaf:Windows_8_OTHER
8988,fam:Windows,fam:macOS,fam:Linux|fam:Windows|fam:macOS,maj:Windows_7,maj:Windows_7,maj:Linux_OTHER|maj:Windows_7|maj:macOS_10,leaf:Windows_7,leaf:macOS_10_9.0,leaf:Linux_OTHER|leaf:Windows_7|leaf:macOS_10_9.0
8989,fam:Windows,fam:Windows,fam:Windows,maj:Windows_7,maj:Windows_8,maj:Windows_7|maj:Windows_8,leaf:Windows_7,leaf:Windows_8_1.0,leaf:Windows_7|leaf:Windows_8_1.0|leaf:Windows_8_OTHER
8990,fam:Windows,fam:Windows,fam:Windows,maj:Windows_7,maj:Windows_7,maj:Windows_10|maj:Windows_7,leaf:Windows_7,leaf:Windows_7,leaf:Windows_10|leaf:Windows_7
8991,fam:Windows,fam:Windows,fam:Windows,maj:Windows_7,maj:Windows_7,maj:Windows_7,leaf:Windows_7,leaf:Windows_7,leaf:Windows_7
8992,fam:Windows,fam:Windows,fam:Windows,maj:Windows_7,maj:Windows_7,maj:Windows_7,leaf:Windows_7,leaf:Windows_7,leaf:Windows_7
8993,fam:Windows,fam:Windows,fam:Windows,maj:Windows_7,maj:Windows_7,maj:Windows_7,leaf:Windows_7,leaf:Windows_7,leaf:Windows_7
8994,fam:Windows,fam:Windows,fam:Windows,maj:Windows_7,maj:Windows_7,maj:Windows_7,leaf:Windows_7,leaf:Windows_7,leaf:Windows_7
8995,fam:Windows,fam:Windows,fam:Windows,maj:Windows_7,maj:Windows_8,maj:Windows_7|maj:Windows_8,leaf:Windows_7,leaf:Windows_8_1.0,leaf:Windows_7|leaf:Windows_8_1.0|leaf:Windows_8_OTHER
8998,fam:Windows,fam:Windows,fam:Windows,maj:Windows_7,maj:Windows_8,maj:Windows_10|maj:Windows_7|maj:Windows_8,leaf:Windows_7,leaf:Windows_8_1.0,leaf:Windows_10|leaf:Windows_7|leaf:Windows_8_1.0|leaf:Windows_8_OTHER
9000,fam:Windows,fam:Windows,fam:Windows,maj:Windows_7,maj:Windows_7,maj:Windows_7|maj:Windows_8,leaf:Windows_7,leaf:Windows_7,leaf:Windows_7|leaf:Windows_8_1.0
9004,fam:Windows,fam:Windows,fam:Linux|fam:Windows,maj:Windows_7,maj:Windows_8,maj:Linux_OTHER|maj:Windows_10|maj:Windows_7|maj:Windows_8,leaf:Windows_7,leaf:Windows_8_1.0,leaf:Linux_OTHER|leaf:Windows_10|leaf:Windows_7|leaf:Windows_8_1.0
9006,fam:Windows,fam:Windows,fam:Android|fam:Windows,maj:Windows_7,maj:Windows_8,maj:Android_4|maj:Windows_7|maj:Windows_8,leaf:Windows_7,leaf:Windows_8_1.0,leaf:Android_4_2.0|leaf:Windows_7|leaf:Windows_8_1.0|leaf:Windows_8_OTHER
9007,fam:Windows,fam:Windows,fam:Windows,maj:Windows_7,maj:Windows_7,maj:Windows_7|maj:Windows_8,leaf:Windows_7,leaf:Windows_7,leaf:Windows_7|leaf:Windows_8_1.0|leaf:Windows_8_OTHER
9008,fam:Windows,fam:Windows,fam:Windows,maj:Windows_7,maj:Windows_7,maj:Windows_7|maj:Windows_8,leaf:Windows_7,leaf:Windows_7,leaf:Windows_7|leaf:Windows_8_1.0
9009,fam:Windows,fam:Windows,fam:Windows,maj:Windows_7,maj:Windows_7,maj:Windows_7|maj:Windows_8,leaf:Windows_7,leaf:Windows_7,leaf:Windows_7|leaf:Windows_8_1.0
9010,fam:Windows,fam:Windows,fam:Windows,maj:Windows_7,maj:Windows_7,maj:Windows_7|maj:Windows_XP,leaf:Windows_7,leaf:Windows_7,leaf:Windows_7|leaf:Windows_XP
9013,fam:Windows,fam:Windows,fam:Windows,maj:Windows_7,maj:Windows_7,maj:Windows_7,leaf:Windows_7,leaf:Windows_7,leaf:Windows_7
9014,fam:Windows,fam:Windows,fam:Windows,maj:Windows_7,maj:Windows_7,maj:Windows_7|maj:Windows_8,leaf:Windows_7,leaf:Windows_7,leaf:Windows_7|leaf:Windows_8_1.0
9015,fam:Windows,fam:Windows,fam:Windows,maj:Windows_7,maj:Windows_7,maj:Windows_7,leaf:Windows_7,leaf:Windows_7,leaf:Windows_7
9017,fam:Windows,fam:Windows,fam:Windows,maj:Windows_7,maj:Windows_7,maj:Windows_7,leaf:Windows_7,leaf:Windows_7,leaf:Windows_7
9025,fam:Windows,fam:Windows,fam:Windows,maj:Windows_7,maj:Windows_7,maj:Windows_7,leaf:Windows_7,leaf:Windows_7,leaf:Windows_7
9026,fam:Windows,fam:Windows,fam:Windows,maj:Windows_7,maj:Windows_7,maj:Windows_7|maj:Windows_8,leaf:Windows_7,leaf:Windows_7,leaf:Windows_7|leaf:Windows_8_1.0
9030,fam:Windows,fam:Windows,fam:Windows,maj:Windows_7,maj:Windows_7,maj:Windows_7,leaf:Windows_7,leaf:Windows_7,leaf:Windows_7
9031,fam:Windows,fam:Windows,fam:Windows,maj:Windows_7,maj:Windows_7,maj:Windows_7,leaf:Windows_7,leaf:Windows_7,leaf:Windows_7
9032,fam:Windows,fam:Windows,fam:Windows,maj:Windows_7,maj:Windows_7,maj:Windows_7,leaf:Windows_7,leaf:Windows_7,leaf:Windows_7
9034,fam:Windows,fam:Windows,fam:Windows,maj:Windows_7,maj:Windows_7,maj:Windows_7,leaf:Windows_7,leaf:Windows_7,leaf:Windows_7
9038,fam:Windows,fam:Windows,fam:Android,maj:Windows_7,maj:Android_4,maj:Android_4,leaf:Windows_7,leaf:Android_4_1.0,leaf:Android_4_1.0|leaf:Android_4_4.0
9041,fam:Windows,fam:Windows,fam:Windows,maj:Windows_7,maj:Windows_7,maj:Windows_7,leaf:Windows_7,leaf:Windows_7,leaf:Windows_7
9045,fam:Windows,fam:Windows,fam:Windows,maj:Windows_7,maj:Windows_7,maj:Windows_7,leaf:Windows_7,leaf:Windows_7,leaf:Windows_7
9047,fam:Windows,fam:Windows,fam:Windows,maj:Windows_7,maj:Windows_7,maj:Windows_7,leaf:Windows_7,leaf:Windows_7,leaf:Windows_7
9050,fam:Windows,fam:Windows,fam:Windows,maj:Windows_7,maj:Windows_7,maj:Windows_7,leaf:Windows_7,leaf:Windows_7,leaf:Windows_7
9052,fam:Windows,fam:Windows,fam:Windows,maj:Windows_7,maj:Windows_7,maj:Windows_7|maj:Windows_8,leaf:Windows_7,leaf:Windows_7,leaf:Windows_7|leaf:Windows_8_1.0|leaf:Windows_8_OTHER
9053,fam:Windows,fam:macOS,fam:Windows|fam:macOS,maj:Windows_7,maj:Windows_8,maj:Windows_10|maj:Windows_7|maj:Windows_8|maj:Windows_Vista|maj:Windows_XP|maj:macOS_10,leaf:Windows_7,leaf:macOS_10_10.0,leaf:Windows_10|leaf:Windows_7|leaf:Windows_8_1.0|leaf:Windows_8_OTHER|leaf:Windows_Vista|leaf:Windows_XP|leaf:macOS_10_10.0|leaf:macOS_10_11.0|leaf:macOS_10_13.0|leaf:macOS_10_8.0|leaf:macOS_10_9.0
9057,fam:Windows,fam:Windows,fam:Windows|fam:macOS,maj:Windows_7,maj:Windows_7,maj:Windows_7|maj:Windows_8|maj:macOS_10,leaf:Windows_7,leaf:Windows_7,leaf:Windows_7|leaf:Windows_8_1.0|leaf:macOS_10_9.0
9059,fam:Windows,fam:Android,fam:Android,maj:Windows_7,maj:Android_4,maj:Android_4,leaf:Windows_7,leaf:Android_4_1.0,leaf:Android_4_1.0
9063,fam:Windows,fam:Windows,fam:Windows,maj:Windows_7,maj:Windows_7,maj:Windows_7,leaf:Windows_7,leaf:Windows_7,leaf:Windows_7
9065,fam:Windows,fam:Windows,fam:Windows,maj:Windows_7,maj:Windows_7,maj:Windows_7,leaf:Windows_7,leaf:Windows_7,leaf:Windows_7
9066,fam:Windows,fam:Windows,fam:Windows,maj:Windows_7,maj:Windows_8,maj:Windows_10|maj:Windows_7|maj:Windows_8,leaf:Windows_7,leaf:Windows_8_1.0,leaf:Windows_10|leaf:Windows_7|leaf:Windows_8_1.0|leaf:Windows_8_OTHER
9067,fam:Windows,fam:Windows,fam:Linux|fam:Windows,maj:Windows_7,maj:Windows_7,maj:Linux_OTHER|maj:Windows_10|maj:Windows_7|maj:Windows_8,leaf:Windows_7,leaf:Windows_7,leaf:Linux_OTHER|leaf:Windows_10|leaf:Windows_7|leaf:Windows_8_1.0
9068,fam:Windows,fam:Windows,fam:Windows,maj:Windows_7,maj:Windows_7,maj:Windows_7,leaf:Windows_7,leaf:Windows_7,leaf:Windows_7
9071,fam:Windows,fam:Windows,fam:Windows,maj:Windows_7,maj:Windows_7,maj:Windows_7,leaf:Windows_7,leaf:Windows_7,leaf:Windows_7
9074,fam:Windows,fam:Windows,fam:Windows,maj:Windows_7,maj:Windows_7,maj:Windows_7,leaf:Windows_7,leaf:Windows_7,leaf:Windows_7
9075,fam:Windows,fam:Windows,fam:Windows,maj:Windows_7,maj:Windows_7,maj:Windows_7,leaf:Windows_7,leaf:Windows_7,leaf:Windows_7
9076,fam:Windows,fam:Windows,fam:Windows,maj:Windows_7,maj:Windows_7,maj:Windows_7,leaf:Windows_7,leaf:Windows_7,leaf:Windows_7
9079,fam:Windows,fam:Windows,fam:Windows,maj:Windows_7,maj:Windows_7,maj:Windows_7,leaf:Windows_7,leaf:Windows_7,leaf:Windows_7
9080,fam:Windows,fam:Windows,fam:Android|fam:Linux|fam:Windows,maj:Windows_7,maj:Windows_7,maj:Android_OTHER|maj:Linux_OTHER|maj:Windows_10|maj:Windows_7,leaf:Windows_7,leaf:Windows_7,leaf:Android_OTHER|leaf:Linux_OTHER|leaf:Windows_10|leaf:Windows_7
9081,fam:Windows,fam:Windows,fam:Windows,maj:Windows_7,maj:Windows_8,maj:Windows_7|maj:Windows_8,leaf:Windows_7,leaf:Windows_8_OTHER,leaf:Windows_7|leaf:Windows_8_1.0|leaf:Windows_8_OTHER
9082,fam:Windows,fam:Windows,fam:Android|fam:Linux|fam:Windows|fam:macOS,maj:Windows_7,maj:Windows_7,maj:Android_5|maj:Android_6|maj:Linux_OTHER|maj:Windows_7|maj:Windows_XP|maj:macOS_10,leaf:Windows_7,leaf:Windows_7,leaf:Android_5_0.0|leaf:Android_5_1.0|leaf:Android_6_0.0|leaf:Linux_OTHER|leaf:Windows_7|leaf:Windows_XP|leaf:macOS_10_15.0
9083,fam:Windows,fam:Windows,fam:Windows,maj:Windows_7,maj:Windows_7,maj:Windows_7|maj:Windows_XP,leaf:Windows_7,leaf:Windows_7,leaf:Windows_7|leaf:Windows_XP
9084,fam:Windows,fam:Windows,fam:Windows,maj:Windows_7,maj:Windows_7,maj:Windows_7,leaf:Windows_7,leaf:Windows_7,leaf:Windows_7
9085,fam:Windows,fam:Windows,fam:Windows,maj:Windows_7,maj:Windows_7,maj:Windows_7,leaf:Windows_7,leaf:Windows_7,leaf:Windows_7
9086,fam:Windows,fam:Windows,fam:Android|fam:Linux|fam:Windows,maj:Windows_7,maj:Windows_10,maj:Android_4|maj:Android_6|maj:Linux_OTHER|maj:Windows_10|maj:Windows_7,leaf:Windows_7,leaf:Android_4_4.0,leaf:Android_4_2.0|leaf:Android_4_4.0|leaf:Android_6_0.0|leaf:Linux_OTHER|leaf:Windows_10|leaf:Windows_7
9087,fam:Windows,fam:Android,fam:Android|fam:Linux|fam:macOS,maj:Windows_7,maj:Android_6,maj:Android_10|maj:Android_6|maj:Android_7|maj:Android_8|maj:Android_9|maj:Linux_OTHER|maj:macOS_10,leaf:Windows_7,leaf:Android_7_0.0,leaf:Android_10|leaf:Android_6_0.0|leaf:Android_7_0.0|leaf:Android_8_0.0|leaf:Android_9|leaf:Linux_OTHER|leaf:macOS_10_10.0|leaf:macOS_10_12.0|leaf:macOS_10_13.0
9088,fam:Windows,fam:Windows,fam:Windows,maj:Windows_7,maj:Windows_7,maj:Windows_7,leaf:Windows_7,leaf:Windows_7,leaf:Windows_7
9089,fam:Windows,fam:Windows,fam:Windows,maj:Windows_7,maj:Windows_7,maj:Windows_7,leaf:Windows_7,leaf:Windows_7,leaf:Windows_7
9093,fam:Windows,fam:Windows,fam:Windows,maj:Windows_7,maj:Windows_7,maj:Windows_7,leaf:Windows_7,leaf:Windows_7,leaf:Windows_7
9094,fam:Windows,fam:Windows,fam:Windows,maj:Windows_7,maj:Windows_7,maj:Windows_10|maj:Windows_7|maj:Windows_8,leaf:Windows_7,leaf:Windows_7,leaf:Windows_10|leaf:Windows_7|leaf:Windows_8_1.0|leaf:Windows_8_OTHER
9099,fam:Windows,fam:Windows,fam:Windows,maj:Windows_7,maj:Windows_8,maj:Windows_10|maj:Windows_7|maj:Windows_8,leaf:Windows_7,leaf:Windows_8_1.0,leaf:Windows_10|leaf:Windows_7|leaf:Windows_8_1.0|leaf:Windows_8_OTHER
9100,fam:Windows,fam:Linux,fam:Android|fam:Linux|fam:Windows|fam:iOS|fam:macOS,maj:Windows_7,maj:Linux_OTHER,maj:Android_4|maj:Android_OTHER|maj:Linux_OTHER|maj:Windows_10|maj:Windows_8|maj:Windows_Vista|maj:iOS_12|maj:macOS_10,leaf:Windows_7,leaf:Linux_OTHER,leaf:Android_4_0.0|leaf:Android_OTHER|leaf:Linux_OTHER|leaf:Windows_10|leaf:Windows_8_1.0|leaf:Windows_Vista|leaf:iOS_12_4.0|leaf:macOS_10_10.0|leaf:macOS_10_11.0|leaf:macOS_10_12.0|leaf:macOS_10_13.0|leaf:macOS_10_14.0
9101,fam:Windows,fam:Windows,fam:Windows,maj:Windows_7,maj:Windows_7,maj:Windows_7,leaf:Windows_7,leaf:Windows_7,leaf:Windows_7
9102,fam:Windows,fam:Windows,fam:Windows,maj:Windows_7,maj:Windows_7,maj:Windows_7,leaf:Windows_7,leaf:Windows_7,leaf:Windows_7
9103,fam:Windows,fam:Windows,fam:Windows,maj:Windows_7,maj:Windows_7,maj:Windows_7|maj:Windows_8,leaf:Windows_7,leaf:Windows_8_OTHER,leaf:Windows_7|leaf:Windows_8_1.0|leaf:Windows_8_OTHER
9105,fam:Windows,fam:Windows,fam:Android|fam:Linux|fam:Windows,maj:Windows_7,maj:Windows_7,maj:Android_5|maj:Android_6|maj:Android_7|maj:Linux_OTHER|maj:Windows_7|maj:Windows_XP,leaf:Windows_7,leaf:Windows_7,leaf:Android_5_0.0|leaf:Android_5_1.0|leaf:Android_6_0.0|leaf:Android_7_0.0|leaf:Linux_OTHER|leaf:Windows_7|leaf:Windows_XP
9106,fam:Windows,fam:Windows,fam:Windows,maj:Windows_7,maj:Windows_7,maj:Windows_7,leaf:Windows_7,leaf:Windows_7,leaf:Windows_7
9107,fam:Windows,fam:Windows,fam:Windows,maj:Windows_7,maj:Windows_8,maj:Windows_10|maj:Windows_7|maj:Windows_8,leaf:Windows_7,leaf:Windows_8_1.0,leaf:Windows_10|leaf:Windows_7|leaf:Windows_8_1.0|leaf:Windows_8_OTHER
9109,fam:Windows,fam:Windows,fam:Windows,maj:Windows_7,maj:Windows_8,maj:Windows_7|maj:Windows_8,leaf:Windows_7,leaf:Windows_8_1.0,leaf:Windows_7|leaf:Windows_8_1.0|leaf:Windows_8_OTHER
9111,fam:Windows,fam:Windows,fam:Windows,maj:Windows_7,maj:Windows_7,maj:Windows_10|maj:Windows_7,leaf:Windows_7,leaf:Windows_7,leaf:Windows_10|leaf:Windows_7
9112,fam:Windows,fam:Linux,fam:Linux|fam:Windows,maj:Windows_7,maj:Linux_OTHER,maj:Linux_OTHER|maj:Linux_Ubuntu|maj:Windows_10|maj:Windows_7|maj:Windows_8,leaf:Windows_7,leaf:Linux_OTHER,leaf:Linux_OTHER|leaf:Linux_Ubuntu|leaf:Windows_10|leaf:Windows_7|leaf:Windows_8_1.0
9116,fam:Windows,fam:Windows,fam:Windows,maj:Windows_7,maj:Windows_7,maj:Windows_7,leaf:Windows_7,leaf:Windows_7,leaf:Windows_7
9117,fam:Windows,fam:Windows,fam:Windows,maj:Windows_7,maj:Windows_7,maj:Windows_7,leaf:Windows_7,leaf:Windows_7,leaf:Windows_7
9120,fam:Windows,fam:Windows,fam:Windows,maj:Windows_7,maj:Windows_7,maj:Windows_7,leaf:Windows_7,leaf:Windows_7,leaf:Windows_7
9121,fam:Windows,fam:Windows,fam:Windows,maj:Windows_7,maj:Windows_7,maj:Windows_7,leaf:Windows_7,leaf:Windows_7,leaf:Windows_7
9125,fam:Windows,fam:Windows,fam:Windows,maj:Windows_7,maj:Windows_7,maj:Windows_10|maj:Windows_7,leaf:Windows_7,leaf:Windows_7,leaf:Windows_10|leaf:Windows_7
9126,fam:Windows,fam:Windows,fam:Windows,maj:Windows_7,maj:Windows_7,maj:Windows_7,leaf:Windows_7,leaf:Windows_7,leaf:Windows_7
9129,fam:Windows,fam:Windows,fam:Windows,maj:Windows_7,maj:Windows_7,maj:Windows_7,leaf:Windows_7,leaf:Windows_7,leaf:Windows_7
9131,fam:Windows,fam:Windows,fam:Windows,maj:Windows_7,maj:Windows_7,maj:Windows_7,leaf:Windows_7,leaf:Windows_7,leaf:Windows_7
9132,fam:Windows,fam:Windows,fam:Android|fam:Windows,maj:Windows_7,maj:Windows_7,maj:Android_5|maj:Android_6|maj:Windows_10|maj:Windows_7|maj:Windows_XP,leaf:Windows_7,leaf:Windows_7,leaf:Android_5_1.0|leaf:Android_6_0.0|leaf:Windows_10|leaf:Windows_7|leaf:Windows_XP
9133,fam:Windows,fam:Windows,fam:Windows|fam:macOS,maj:Windows_7,maj:Windows_8,maj:Windows_10|maj:Windows_7|maj:Windows_8|maj:macOS_10,leaf:Windows_7,leaf:Windows_7,leaf:Windows_10|leaf:Windows_7|leaf:Windows_8_1.0|leaf:macOS_10_13.0|leaf:macOS_10_8.0
9136,fam:Windows,fam:Windows,fam:Windows,maj:Windows_7,maj:Windows_7,maj:Windows_10|maj:Windows_7|maj:Windows_8,leaf:Windows_7,leaf:Windows_8_1.0,leaf:Windows_10|leaf:Windows_7|leaf:Windows_8_1.0|leaf:Windows_8_OTHER
9137,fam:Windows,fam:Windows,fam:Windows,maj:Windows_7,maj:Windows_7,maj:Windows_7,leaf:Windows_7,leaf:Windows_7,leaf:Windows_7
9138,fam:Windows,fam:Windows,fam:Windows,maj:Windows_7,maj:Windows_8,maj:Windows_10|maj:Windows_7|maj:Windows_8,leaf:Windows_7,leaf:Windows_8_1.0,leaf:Windows_10|leaf:Windows_7|leaf:Windows_8_1.0|leaf:Windows_8_OTHER
9140,fam:Windows,fam:Windows,fam:Windows,maj:Windows_7,maj:Windows_7,maj:Windows_10|maj:Windows_7,leaf:Windows_7,leaf:Windows_7,leaf:Windows_10|leaf:Windows_7
9141,fam:Windows,fam:Windows,fam:Windows,maj:Windows_7,maj:Windows_7,maj:Windows_7|maj:Windows_8,leaf:Windows_7,leaf:Windows_7,leaf:Windows_7|leaf:Windows_8_1.0
9142,fam:Windows,fam:Windows,fam:Windows,maj:Windows_7,maj:Windows_7,maj:Windows_7,leaf:Windows_7,leaf:Windows_7,leaf:Windows_7
9144,fam:Windows,fam:Windows,fam:Windows,maj:Windows_7,maj:Windows_8,maj:Windows_10|maj:Windows_7|maj:Windows_8,leaf:Windows_7,leaf:Windows_8_1.0,leaf:Windows_10|leaf:Windows_7|leaf:Windows_8_1.0|leaf:Windows_8_OTHER
9145,fam:Windows,fam:Windows,fam:Windows,maj:Windows_7,maj:Windows_7,maj:Windows_7,leaf:Windows_7,leaf:Windows_7,leaf:Windows_7
9146,fam:Windows,fam:Windows,fam:Windows,maj:Windows_7,maj:Windows_7,maj:Windows_7|maj:Windows_8,leaf:Windows_7,leaf:Windows_7,leaf:Windows_7|leaf:Windows_8_1.0
9155,fam:Windows,fam:Windows,fam:Windows,maj:Windows_7,maj:Windows_7,maj:Windows_10|maj:Windows_7|maj:Windows_8,leaf:Windows_7,leaf:Windows_7,leaf:Windows_10|leaf:Windows_7|leaf:Windows_8_1.0
9156,fam:Windows,fam:Windows,fam:Windows,maj:Windows_7,maj:Windows_7,maj:Windows_7|maj:Windows_8,leaf:Windows_7,leaf:Windows_7,leaf:Windows_7|leaf:Windows_8_1.0
9158,fam:Windows,fam:Windows,fam:Windows,maj:Windows_7,maj:Windows_8,maj:Windows_7|maj:Windows_8,leaf:Windows_7,leaf:Windows_8_1.0,leaf:Windows_7|leaf:Windows_8_1.0|leaf:Windows_8_OTHER
9159,fam:Windows,fam:Windows,fam:Windows,maj:Windows_7,maj:Windows_7,maj:Windows_7|maj:Windows_8|maj:Windows_XP,leaf:Windows_7,leaf:Windows_7,leaf:Windows_7|leaf:Windows_8_1.0|leaf:Windows_XP
9162,fam:Windows,fam:Windows,fam:Windows,maj:Windows_7,maj:Windows_7,maj:Windows_7,leaf:Windows_7,leaf:Windows_7,leaf:Windows_7
9164,fam:Windows,fam:Windows,fam:Windows,maj:Windows_7,maj:Windows_8,maj:Windows_10|maj:Windows_7|maj:Windows_8,leaf:Windows_7,leaf:Windows_8_1.0,leaf:Windows_10|leaf:Windows_7|leaf:Windows_8_1.0|leaf:Windows_8_OTHER
9166,fam:Windows,fam:iOS,fam:iOS,maj:Windows_7,maj:iOS_13,maj:iOS_13,leaf:Windows_7,leaf:iOS_13_3.0,leaf:iOS_13_3.0|leaf:iOS_13_5.0
9168,fam:Windows,fam:Windows,fam:Windows,maj:Windows_7,maj:Windows_7,maj:Windows_7|maj:Windows_8,leaf:Windows_7,leaf:Windows_7,leaf:Windows_7|leaf:Windows_8_1.0
9169,fam:Windows,fam:Windows,fam:Windows,maj:Windows_7,maj:Windows_10,maj:Windows_10|maj:Windows_7|maj:Windows_8,leaf:Windows_7,leaf:Windows_10,leaf:Windows_10|leaf:Windows_7|leaf:Windows_8_1.0
9172,fam:Windows,fam:Windows,fam:Windows,maj:Windows_7,maj:Windows_7,maj:Windows_7,leaf:Windows_7,leaf:Windows_7,leaf:Windows_7
9173,fam:Windows,fam:Windows,fam:Windows,maj:Windows_7,maj:Windows_7,maj:Windows_7,leaf:Windows_7,leaf:Windows_7,leaf:Windows_7
9174,fam:Windows,fam:Windows,fam:Windows,maj:Windows_7,maj:Windows_7,maj:Windows_10|maj:Windows_7,leaf:Windows_7,leaf:Windows_7,leaf:Windows_10|leaf:Windows_7
9176,fam:Windows,fam:Windows,fam:Windows,maj:Windows_7,maj:Windows_8,maj:Windows_7|maj:Windows_8,leaf:Windows_7,leaf:Windows_8_1.0,leaf:Windows_7|leaf:Windows_8_1.0|leaf:Windows_8_OTHER
9177,fam:Windows,fam:Windows,fam:Windows,maj:Windows_7,maj:Windows_7,maj:Windows_7,leaf:Windows_7,leaf:Windows_7,leaf:Windows_7
9178,fam:Windows,fam:Windows,fam:Windows,maj:Windows_7,maj:Windows_7,maj:Windows_7,leaf:Windows_7,leaf:Windows_7,leaf:Windows_7
9181,fam:Windows,fam:Windows,fam:Windows,maj:Windows_7,maj:Windows_7,maj:Windows_7,leaf:Windows_7,leaf:Windows_7,leaf:Windows_7
9182,fam:Windows,fam:Windows,fam:Windows,maj:Windows_7,maj:Windows_7,maj:Windows_7,leaf:Windows_7,leaf:Windows_7,leaf:Windows_7
9184,fam:Windows,fam:Windows,fam:Linux|fam:Windows|fam:macOS,maj:Windows_7,maj:Windows_7,maj:Linux_OTHER|maj:Windows_10|maj:Windows_7|maj:Windows_8|maj:macOS_10,leaf:Windows_7,leaf:Windows_7,leaf:Linux_OTHER|leaf:Windows_10|leaf:Windows_7|leaf:Windows_8_1.0|leaf:macOS_10_15.0|leaf:macOS_10_9.0
9185,fam:Windows,fam:Windows,fam:Windows,maj:Windows_7,maj:Windows_7,maj:Windows_7,leaf:Windows_7,leaf:Windows_7,leaf:Windows_7
9187,fam:Windows,fam:Linux,fam:Linux,maj:Windows_7,maj:Linux_Ubuntu,maj:Linux_OTHER|maj:Linux_Ubuntu,leaf:Windows_7,leaf:Linux_Ubuntu,leaf:Linux_OTHER|leaf:Linux_Ubuntu
9189,fam:Windows,fam:Windows,fam:Windows,maj:Windows_7,maj:Windows_7,maj:Windows_7,leaf:Windows_7,leaf:Windows_7,leaf:Windows_7
9190,fam:Windows,fam:Windows,fam:Windows,maj:Windows_7,maj:Windows_7,maj:Windows_7,leaf:Windows_7,leaf:Windows_7,leaf:Windows_7
9192,fam:Windows,fam:Windows,fam:Windows,maj:Windows_7,maj:Windows_7,maj:Windows_7,leaf:Windows_7,leaf:Windows_7,leaf:Windows_7
9195,fam:Windows,fam:Windows,fam:Windows,maj:Windows_7,maj:Windows_7,maj:Windows_10|maj:Windows_7|maj:Windows_8,leaf:Windows_7,leaf:Windows_8_1.0,leaf:Windows_10|leaf:Windows_7|leaf:Windows_8_1.0|leaf:Windows_8_OTHER
9197,fam:Windows,fam:Windows,fam:Windows,maj:Windows_7,maj:Windows_7,maj:Windows_7,leaf:Windows_7,leaf:Windows_7,leaf:Windows_7
9198,fam:Windows,fam:Windows,fam:Windows,maj:Windows_7,maj:Windows_8,maj:Windows_10|maj:Windows_7|maj:Windows_8,leaf:Windows_7,leaf:Windows_8_1.0,leaf:Windows_10|leaf:Windows_7|leaf:Windows_8_1.0|leaf:Windows_8_OTHER
9199,fam:Windows,fam:Android,fam:Android|fam:Linux,maj:Windows_7,maj:Android_9,maj:Android_10|maj:Android_7|maj:Android_8|maj:Android_9|maj:Linux_OTHER,leaf:Windows_7,leaf:Android_8_0.0,leaf:Android_10|leaf:Android_7_0.0|leaf:Android_8_0.0|leaf:Android_8_1.0|leaf:Android_9|leaf:Linux_OTHER
9201,fam:Windows,fam:Windows,fam:Windows,maj:Windows_7,maj:Windows_7,maj:Windows_7,leaf:Windows_7,leaf:Windows_7,leaf:Windows_7
9202,fam:Windows,fam:Windows,fam:Windows,maj:Windows_7,maj:Windows_7,maj:Windows_7,leaf:Windows_7,leaf:Windows_7,leaf:Windows_7
9203,fam:Windows,fam:Windows,fam:Windows,maj:Windows_7,maj:Windows_7,maj:Windows_7,leaf:Windows_7,leaf:Windows_7,leaf:Windows_7
9207,fam:Windows,fam:Windows,fam:Windows,maj:Windows_7,maj:Windows_7,maj:Windows_7|maj:Windows_8,leaf:Windows_7,leaf:Windows_8_1.0,leaf:Windows_7|leaf:Windows_8_1.0|leaf:Windows_8_OTHER
9208,fam:Windows,fam:Windows,fam:Android|fam:Windows,maj:Windows_7,maj:Windows_8,maj:Android_4|maj:Windows_7|maj:Windows_8,leaf:Windows_7,leaf:Windows_8_1.0,leaf:Android_4_2.0|leaf:Windows_7|leaf:Windows_8_1.0|leaf:Windows_8_OTHER
9212,fam:Windows,fam:Windows,fam:Windows,maj:Windows_7,maj:Windows_7,maj:Windows_7,leaf:Windows_7,leaf:Windows_7,leaf:Windows_7
9213,fam:Windows,fam:Windows,fam:Windows,maj:Windows_7,maj:Windows_7,maj:Windows_7,leaf:Windows_7,leaf:Windows_7,leaf:Windows_7
9214,fam:Windows,fam:Windows,fam:Android|fam:Linux|fam:Windows|fam:macOS,maj:Windows_7,maj:Windows_10,maj:Android_4|maj:Android_6|maj:Linux_OTHER|maj:Windows_10|maj:Windows_7|maj:macOS_10,leaf:Windows_7,leaf:Android_4_4.0,leaf:Android_4_0.0|leaf:Android_4_4.0|leaf:Android_6_0.0|leaf:Linux_OTHER|leaf:Windows_10|leaf:Windows_7|leaf:macOS_10_11.0
9215,fam:Windows,fam:Windows,fam:Android|fam:Linux|fam:Windows,maj:Windows_7,maj:Windows_7,maj:Android_5|maj:Android_6|maj:Linux_OTHER|maj:Windows_7|maj:Windows_XP,leaf:Windows_7,leaf:Windows_7,leaf:Android_5_1.0|leaf:Android_6_0.0|leaf:Linux_OTHER|leaf:Windows_7|leaf:Windows_XP
9217,fam:Windows,fam:Windows,fam:Windows,maj:Windows_7,maj:Windows_7,maj:Windows_7|maj:Windows_8,leaf:Windows_7,leaf:Windows_8_OTHER,leaf:Windows_7|leaf:Windows_8_1.0|leaf:Windows_8_OTHER
9218,fam:Windows,fam:Windows,fam:Android|fam:Windows,maj:Windows_7,maj:Windows_10,maj:Android_5|maj:Windows_10|maj:Windows_7|maj:Windows_XP,leaf:Windows_7,leaf:Windows_7,leaf:Android_5_1.0|leaf:Windows_10|leaf:Windows_7|leaf:Windows_XP
9219,fam:Windows,fam:Windows,fam:Linux|fam:Windows|fam:macOS,maj:Windows_7,maj:Windows_7,maj:Linux_OTHER|maj:Windows_7|maj:Windows_8|maj:macOS_10,leaf:Windows_7,leaf:Windows_7,leaf:Linux_OTHER|leaf:Windows_7|leaf:Windows_8_1.0|leaf:macOS_10_15.0|leaf:macOS_10_9.0
9220,fam:Windows,fam:Windows,fam:Windows,maj:Windows_7,maj:Windows_7,maj:Windows_7,leaf:Windows_7,leaf:Windows_7,leaf:Windows_7
9222,fam:Windows,fam:Windows,fam:Windows,maj:Windows_7,maj:Windows_8,maj:Windows_7|maj:Windows_8,leaf:Windows_7,leaf:Windows_8_1.0,leaf:Windows_7|leaf:Windows_8_1.0|leaf:Windows_8_OTHER
9223,fam:Windows,fam:Windows,fam:Windows,maj:Windows_7,maj:Windows_7,maj:Windows_7,leaf:Windows_7,leaf:Windows_7,leaf:Windows_7
9224,fam:Windows,fam:Windows,fam:Windows,maj:Windows_7,maj:Windows_7,maj:Windows_7|maj:Windows_8,leaf:Windows_7,leaf:Windows_7,leaf:Windows_7|leaf:Windows_8_1.0|leaf:Windows_8_OTHER
9226,fam:Windows,fam:Windows,fam:Linux|fam:Windows,maj:Windows_7,maj:Windows_7,maj:Linux_OTHER|maj:Windows_7|maj:Windows_8,leaf:Windows_7,leaf:Windows_7,leaf:Linux_OTHER|leaf:Windows_7|leaf:Windows_8_1.0
9227,fam:Windows,fam:Windows,fam:Windows,maj:Windows_7,maj:Windows_7,maj:Windows_7,leaf:Windows_7,leaf:Windows_7,leaf:Windows_7
9229,fam:Windows,fam:Windows,fam:Windows,maj:Windows_7,maj:Windows_7,maj:Windows_10|maj:Windows_7|maj:Windows_8,leaf:Windows_7,leaf:Windows_7,leaf:Windows_10|leaf:Windows_7|leaf:Windows_8_1.0|leaf:Windows_8_OTHER
9230,fam:Windows,fam:Windows,fam:Windows,maj:Windows_7,maj:Windows_7,maj:Windows_7|maj:Windows_8,leaf:Windows_7,leaf:Windows_7,leaf:Windows_7|leaf:Windows_8_1.0
9231,fam:Windows,fam:Windows,fam:Windows,maj:Windows_7,maj:Windows_7,maj:Windows_7,leaf:Windows_7,leaf:Windows_7,leaf:Windows_7
9232,fam:Windows,fam:Windows,fam:Windows,maj:Windows_7,maj:Windows_7,maj:Windows_7,leaf:Windows_7,leaf:Windows_7,leaf:Windows_7
9234,fam:Windows,fam:Windows,fam:Windows,maj:Windows_7,maj:Windows_7,maj:Windows_10|maj:Windows_7,leaf:Windows_7,leaf:Windows_7,leaf:Windows_10|leaf:Windows_7
9237,fam:Windows,fam:Windows,fam:Windows,maj:Windows_7,maj:Windows_7,maj:Windows_7,leaf:Windows_7,leaf:Windows_7,leaf:Windows_7
9238,fam:Windows,fam:Windows,fam:Windows,maj:Windows_7,maj:Windows_7,maj:Windows_7|maj:Windows_8,leaf:Windows_7,leaf:Windows_7,leaf:Windows_7|leaf:Windows_8_1.0
9240,fam:Windows,fam:Windows,fam:Windows,maj:Windows_7,maj:Windows_7,maj:Windows_7,leaf:Windows_7,leaf:Windows_7,leaf:Windows_7
9242,fam:Windows,fam:Windows,fam:Windows,maj:Windows_7,maj:Windows_7,maj:Windows_7,leaf:Windows_7,leaf:Windows_7,leaf:Windows_7
9250,fam:Windows,fam:macOS,fam:Windows|fam:macOS,maj:Windows_7,maj:macOS_10,maj:Windows_7|maj:macOS_10|maj:macOS_OTHER,leaf:Windows_7,leaf:macOS_10_13.0,leaf:Windows_7|leaf:macOS_10_11.0|leaf:macOS_10_12.0|leaf:macOS_10_13.0|leaf:macOS_OTHER
9251,fam:Windows,fam:Windows,fam:Windows,maj:Windows_7,maj:Windows_7,maj:Windows_7,leaf:Windows_7,leaf:Windows_7,leaf:Windows_7
9252,fam:Windows,fam:macOS,fam:Linux|fam:Windows|fam:macOS,maj:Windows_7,maj:Linux_OTHER,maj:Linux_OTHER|maj:Windows_7|maj:macOS_10,leaf:Windows_7,leaf:Windows_7,leaf:Linux_OTHER|leaf:Windows_7|leaf:macOS_10_9.0
9253,fam:Windows,fam:Windows,fam:Windows,maj:Windows_7,maj:Windows_8,maj:Windows_7|maj:Windows_8,leaf:Windows_7,leaf:Windows_8_1.0,leaf:Windows_7|leaf:Windows_8_1.0|leaf:Windows_8_OTHER
9254,fam:Windows,fam:Windows,fam:Windows,maj:Windows_7,maj:Windows_7,maj:Windows_7,leaf:Windows_7,leaf:Windows_7,leaf:Windows_7
9255,fam:Windows,fam:Windows,fam:Linux|fam:Windows|fam:macOS,maj:Windows_7,maj:Linux_OTHER,maj:Linux_OTHER|maj:Windows_10|maj:Windows_7|maj:Windows_8|maj:macOS_10,leaf:Windows_7,leaf:Windows_10,leaf:Linux_OTHER|leaf:Windows_10|leaf:Windows_7|leaf:Windows_8_1.0|leaf:macOS_10_10.0|leaf:macOS_10_11.0|leaf:macOS_10_12.0|leaf:macOS_10_13.0|leaf:macOS_10_8.0
9256,fam:Windows,fam:Windows,fam:Linux|fam:Windows,maj:Windows_7,maj:Windows_7,maj:Linux_OTHER|maj:Windows_10|maj:Windows_7|maj:Windows_8,leaf:Windows_7,leaf:Linux_OTHER,leaf:Linux_OTHER|leaf:Windows_10|leaf:Windows_7|leaf:Windows_8_1.0
9257,fam:Windows,fam:Windows,fam:Windows,maj:Windows_7,maj:Windows_8,maj:Windows_10|maj:Windows_7|maj:Windows_8,leaf:Windows_7,leaf:Windows_8_1.0,leaf:Windows_10|leaf:Windows_7|leaf:Windows_8_1.0|leaf:Windows_8_OTHER
9261,fam:Windows,fam:Windows,fam:Windows,maj:Windows_7,maj:Windows_7,maj:Windows_7|maj:Windows_8,leaf:Windows_7,leaf:Windows_7,leaf:Windows_7|leaf:Windows_8_1.0
9263,fam:Windows,fam:Windows,fam:Windows,maj:Windows_7,maj:Windows_8,maj:Windows_7|maj:Windows_8,leaf:Windows_7,leaf:Windows_8_1.0,leaf:Windows_7|leaf:Windows_8_1.0|leaf:Windows_8_OTHER
9264,fam:Windows,fam:Windows,fam:Windows|fam:macOS,maj:Windows_7,maj:Windows_7,maj:Windows_7|maj:Windows_8|maj:macOS_10,leaf:Windows_7,leaf:Windows_7,leaf:Windows_7|leaf:Windows_8_1.0|leaf:macOS_10_9.0
9265,fam:Windows,fam:Windows,fam:Windows,maj:Windows_7,maj:Windows_7,maj:Windows_7,leaf:Windows_7,leaf:Windows_7,leaf:Windows_7
9266,fam:Windows,fam:Windows,fam:Android|fam:Windows|fam:macOS,maj:Windows_7,maj:Windows_7,maj:Android_5|maj:Android_8|maj:Windows_10|maj:Windows_7|maj:Windows_8|maj:Windows_XP|maj:macOS_10,leaf:Windows_7,leaf:Windows_10,leaf:Android_5_1.0|leaf:Android_8_1.0|leaf:Windows_10|leaf:Windows_7|leaf:Windows_8_1.0|leaf:Windows_XP|leaf:macOS_10_10.0|leaf:macOS_10_11.0|leaf:macOS_10_12.0|leaf:macOS_10_13.0|leaf:macOS_10_8.0
9267,fam:Windows,fam:Windows,fam:Windows,maj:Windows_7,maj:Windows_7,maj:Windows_7,leaf:Windows_7,leaf:Windows_7,leaf:Windows_7
9268,fam:Windows,fam:Windows,fam:Windows,maj:Windows_7,maj:Windows_7,maj:Windows_7,leaf:Windows_7,leaf:Windows_7,leaf:Windows_7
9269,fam:Windows,fam:Windows,fam:Windows,maj:Windows_7,maj:Windows_7,maj:Windows_7,leaf:Windows_7,leaf:Windows_7,leaf:Windows_7
9273,fam:Windows,fam:Windows,fam:Windows,maj:Windows_7,maj:Windows_7,maj:Windows_7|maj:Windows_8,leaf:Windows_7,leaf:Windows_7,leaf:Windows_7|leaf:Windows_8_1.0
9274,fam:Windows,fam:Windows,fam:Windows,maj:Windows_7,maj:Windows_7,maj:Windows_7,leaf:Windows_7,leaf:Windows_7,leaf:Windows_7
9276,fam:Windows,fam:Windows,fam:Windows,maj:Windows_7,maj:Windows_7,maj:Windows_7|maj:Windows_8|maj:Windows_XP,leaf:Windows_7,leaf:Windows_7,leaf:Windows_7|leaf:Windows_8_1.0|leaf:Windows_XP
9277,fam:Windows,fam:Windows,fam:Android|fam:Linux|fam:Windows,maj:Windows_7,maj:Windows_7,maj:Android_OTHER|maj:Linux_OTHER|maj:Windows_10|maj:Windows_7,leaf:Windows_7,leaf:Windows_7,leaf:Android_OTHER|leaf:Linux_OTHER|leaf:Windows_10|leaf:Windows_7
9278,fam:Windows,fam:Windows,fam:Windows,maj:Windows_7,maj:Windows_7,maj:Windows_7,leaf:Windows_7,leaf:Windows_7,leaf:Windows_7
9280,fam:Windows,fam:Windows,fam:Linux|fam:Windows,maj:Windows_7,maj:Windows_7,maj:Linux_OTHER|maj:Windows_10|maj:Windows_7|maj:Windows_8,leaf:Windows_7,leaf:Windows_7,leaf:Linux_OTHER|leaf:Windows_10|leaf:Windows_7|leaf:Windows_8_1.0
9282,fam:Windows,fam:Windows,fam:Linux|fam:Windows|fam:macOS,maj:Windows_7,maj:Windows_7,maj:Linux_OTHER|maj:Windows_10|maj:Windows_7|maj:Windows_8|maj:macOS_10,leaf:Windows_7,leaf:Windows_7,leaf:Linux_OTHER|leaf:Windows_10|leaf:Windows_7|leaf:Windows_8_1.0|leaf:macOS_10_15.0|leaf:macOS_10_9.0
9283,fam:Windows,fam:Windows,fam:Windows,maj:Windows_7,maj:Windows_7,maj:Windows_7,leaf:Windows_7,leaf:Windows_7,leaf:Windows_7
9285,fam:Windows,fam:Windows,fam:Windows,maj:Windows_7,maj:Windows_7,maj:Windows_7,leaf:Windows_7,leaf:Windows_7,leaf:Windows_7
9286,fam:Windows,fam:Windows,fam:Windows,maj:Windows_7,maj:Windows_7,maj:Windows_7|maj:Windows_8,leaf:Windows_7,leaf:Windows_7,leaf:Windows_7|leaf:Windows_8_1.0
9287,fam:Windows,fam:Windows,fam:Windows,maj:Windows_7,maj:Windows_7,maj:Windows_7,leaf:Windows_7,leaf:Windows_7,leaf:Windows_7
9290,fam:Windows,fam:Windows,fam:Windows,maj:Windows_7,maj:Windows_7,maj:Windows_7,leaf:Windows_7,leaf:Windows_7,leaf:Windows_7
9291,fam:Windows,fam:Windows,fam:Windows,maj:Windows_7,maj:Windows_7,maj:Windows_7,leaf:Windows_7,leaf:Windows_7,leaf:Windows_7
9292,fam:Windows,fam:Windows,fam:Windows,maj:Windows_7,maj:Windows_7,maj:Windows_7,leaf:Windows_7,leaf:Windows_7,leaf:Windows_7
9293,fam:Windows,fam:Windows,fam:Windows,maj:Windows_7,maj:Windows_7,maj:Windows_7,leaf:Windows_7,leaf:Windows_7,leaf:Windows_7
9294,fam:Windows,fam:Windows,fam:Windows,maj:Windows_7,maj:Windows_7,maj:Windows_10|maj:Windows_7,leaf:Windows_7,leaf:Windows_7,leaf:Windows_10|leaf:Windows_7
9295,fam:Windows,fam:Windows,fam:Windows,maj:Windows_7,maj:Windows_7,maj:Windows_7,leaf:Windows_7,leaf:Windows_7,leaf:Windows_7
9296,fam:Windows,fam:Windows,fam:Windows,maj:Windows_7,maj:Windows_7,maj:Windows_7,leaf:Windows_7,leaf:Windows_7,leaf:Windows_7
9301,fam:Windows,fam:Windows,fam:Windows,maj:Windows_7,maj:Windows_7,maj:Windows_7,leaf:Windows_7,leaf:Windows_7,leaf:Windows_7
9302,fam:Windows,fam:Windows,fam:Windows,maj:Windows_7,maj:Windows_8,maj:Windows_10|maj:Windows_7|maj:Windows_8,leaf:Windows_7,leaf:Windows_8_1.0,leaf:Windows_10|leaf:Windows_7|leaf:Windows_8_1.0|leaf:Windows_8_OTHER
9304,fam:Windows,fam:Windows,fam:Windows,maj:Windows_7,maj:Windows_7,maj:Windows_10|maj:Windows_7|maj:Windows_8,leaf:Windows_7,leaf:Windows_8_1.0,leaf:Windows_10|leaf:Windows_7|leaf:Windows_8_1.0|leaf:Windows_8_OTHER
9306,fam:Windows,fam:Windows,fam:Windows,maj:Windows_7,maj:Windows_7,maj:Windows_10|maj:Windows_7,leaf:Windows_7,leaf:Windows_7,leaf:Windows_10|leaf:Windows_7
9307,fam:Windows,fam:Windows,fam:Windows|fam:macOS,maj:Windows_7,maj:Windows_8,maj:Windows_10|maj:Windows_7|maj:Windows_8|maj:Windows_XP|maj:macOS_10,leaf:Windows_7,leaf:Windows_7,leaf:Windows_10|leaf:Windows_7|leaf:Windows_8_1.0|leaf:Windows_8_OTHER|leaf:Windows_XP|leaf:macOS_10_13.0|leaf:macOS_10_8.0
9308,fam:Windows,fam:Windows,fam:Windows,maj:Windows_7,maj:Windows_7,maj:Windows_7|maj:Windows_8,leaf:Windows_7,leaf:Windows_7,leaf:Windows_7|leaf:Windows_8_1.0|leaf:Windows_8_OTHER
9310,fam:Windows,fam:Windows,fam:Windows,maj:Windows_7,maj:Windows_8,maj:Windows_7|maj:Windows_8,leaf:Windows_7,leaf:Windows_8_1.0,leaf:Windows_7|leaf:Windows_8_1.0|leaf:Windows_8_OTHER
9311,fam:Windows,fam:Windows,fam:Linux|fam:Windows|fam:macOS,maj:Windows_7,maj:Linux_OTHER,maj:Linux_OTHER|maj:Linux_Ubuntu|maj:Windows_10|maj:Windows_7|maj:macOS_10,leaf:Windows_7,leaf:Linux_OTHER,leaf:Linux_OTHER|leaf:Linux_Ubuntu|leaf:Windows_10|leaf:Windows_7|leaf:macOS_10_9.0
9312,fam:Windows,fam:Windows,fam:Windows,maj:Windows_7,maj:Windows_7,maj:Windows_7|maj:Windows_8,leaf:Windows_7,leaf:Windows_7,leaf:Windows_7|leaf:Windows_8_1.0
9313,fam:Windows,fam:Windows,fam:Linux|fam:Windows|fam:macOS,maj:Windows_7,maj:Windows_7,maj:Linux_OTHER|maj:Windows_10|maj:Windows_7|maj:Windows_8|maj:macOS_10,leaf:Windows_7,leaf:Windows_7,leaf:Linux_OTHER|leaf:Windows_10|leaf:Windows_7|leaf:Windows_8_1.0|leaf:macOS_10_15.0
9315,fam:Windows,fam:Windows,fam:Windows|fam:macOS,maj:Windows_7,maj:Windows_7,maj:Windows_7|maj:Windows_8|maj:macOS_10,leaf:Windows_7,leaf:Windows_7,leaf:Windows_7|leaf:Windows_8_1.0|leaf:macOS_10_15.0
9316,fam:Windows,fam:Windows,fam:Windows,maj:Windows_7,maj:Windows_7,maj:Windows_7,leaf:Windows_7,leaf:Windows_7,leaf:Windows_7
9318,fam:Windows,fam:Windows,fam:Windows,maj:Windows_7,maj:Windows_7,maj:Windows_7,leaf:Windows_7,leaf:Windows_7,leaf:Windows_7
9320,fam:Windows,fam:Windows,fam:Windows|fam:macOS,maj:Windows_7,maj:Windows_7,maj:Windows_7|maj:Windows_8|maj:macOS_10,leaf:Windows_7,leaf:Windows_7,leaf:Windows_7|leaf:Windows_8_1.0|leaf:macOS_10_9.0
9321,fam:Windows,fam:Windows,fam:Linux|fam:Windows,maj:Windows_7,maj:Windows_10,maj:Linux_Ubuntu|maj:Windows_10|maj:Windows_7|maj:Windows_8,leaf:Windows_7,leaf:Windows_10,leaf:Linux_Ubuntu|leaf:Windows_10|leaf:Windows_7|leaf:Windows_8_1.0
9323,fam:Windows,fam:Windows,fam:Windows,maj:Windows_7,maj:Windows_7,maj:Windows_7,leaf:Windows_7,leaf:Windows_7,leaf:Windows_7
9329,fam:Windows,fam:Windows,fam:Windows,maj:Windows_7,maj:Windows_10,maj:Windows_10|maj:Windows_7,leaf:Windows_7,leaf:Windows_10,leaf:Windows_10|leaf:Windows_7
9330,fam:Windows,fam:Android,fam:Android,maj:Windows_7,maj:Windows_Vista,maj:Android_4,leaf:Windows_7,leaf:Android_4_1.0,leaf:Android_4_1.0
9332,fam:Windows,fam:Linux,fam:Linux|fam:Windows,maj:Windows_7,maj:Linux_OTHER,maj:Linux_OTHER|maj:Windows_10|maj:Windows_7|maj:Windows_8,leaf:Windows_7,leaf:Linux_OTHER,leaf:Linux_OTHER|leaf:Windows_10|leaf:Windows_7|leaf:Windows_8_1.0
9334,fam:Windows,fam:Windows,fam:Windows,maj:Windows_7,maj:Windows_7,maj:Windows_7,leaf:Windows_7,leaf:Windows_7,leaf:Windows_7
9341,fam:Windows,fam:Windows,fam:Windows,maj:Windows_7,maj:Windows_7,maj:Windows_7,leaf:Windows_7,leaf:Windows_7,leaf:Windows_7
9342,fam:Windows,fam:Linux,fam:Android|fam:Linux|fam:Windows|fam:iOS|fam:macOS,maj:Windows_7,maj:Windows_Vista,maj:Android_4|maj:Android_9|maj:Android_OTHER|maj:Linux_OTHER|maj:Linux_Ubuntu|maj:Windows_10|maj:Windows_Vista|maj:iOS_12|maj:macOS_10,leaf:Windows_7,leaf:Windows_Vista,leaf:Android_4_0.0|leaf:Android_9|leaf:Android_OTHER|leaf:Linux_OTHER|leaf:Linux_Ubuntu|leaf:Windows_10|leaf:Windows_Vista|leaf:iOS_12_2.0|leaf:macOS_10_13.0|leaf:macOS_10_14.0
9343,fam:Windows,fam:Windows,fam:Windows,maj:Windows_7,maj:Windows_7,maj:Windows_7,leaf:Windows_7,leaf:Windows_7,leaf:Windows_7
9345,fam:Windows,fam:Windows,fam:Windows,maj:Windows_7,maj:Windows_7,maj:Windows_7,leaf:Windows_7,leaf:Windows_7,leaf:Windows_7
9346,fam:Windows,fam:Windows,fam:Windows,maj:Windows_7,maj:Windows_7,maj:Windows_7,leaf:Windows_7,leaf:Windows_7,leaf:Windows_7
9347,fam:Windows,fam:Windows,fam:Windows,maj:Windows_7,maj:Windows_7,maj:Windows_7|maj:Windows_8,leaf:Windows_7,leaf:Windows_7,leaf:Windows_7|leaf:Windows_8_1.0
9349,fam:Windows,fam:Windows,fam:Windows,maj:Windows_7,maj:Windows_7,maj:Windows_7|maj:Windows_8,leaf:Windows_7,leaf:Windows_7,leaf:Windows_7|leaf:Windows_8_1.0
9350,fam:Windows,fam:Windows,fam:Windows,maj:Windows_7,maj:Windows_8,maj:Windows_7|maj:Windows_8,leaf:Windows_7,leaf:Windows_8_1.0,leaf:Windows_7|leaf:Windows_8_1.0|leaf:Windows_8_OTHER
9351,fam:Windows,fam:Windows,fam:Windows,maj:Windows_7,maj:Windows_8,maj:Windows_7|maj:Windows_8,leaf:Windows_7,leaf:Windows_8_1.0,leaf:Windows_7|leaf:Windows_8_1.0|leaf:Windows_8_OTHER
9352,fam:Windows,fam:Windows,fam:Windows,maj:Windows_7,maj:Windows_7,maj:Windows_7|maj:Windows_8,leaf:Windows_7,leaf:Windows_7,leaf:Windows_7|leaf:Windows_8_1.0
9353,fam:Windows,fam:Windows,fam:Windows,maj:Windows_7,maj:Windows_7,maj:Windows_7,leaf:Windows_7,leaf:Windows_7,leaf:Windows_7
9356,fam:Windows,fam:Windows,fam:Windows,maj:Windows_7,maj:Windows_7,maj:Windows_10|maj:Windows_7|maj:Windows_8,leaf:Windows_7,leaf:Windows_7,leaf:Windows_10|leaf:Windows_7|leaf:Windows_8_1.0|leaf:Windows_8_OTHER
9357,fam:Windows,fam:Windows,fam:Windows,maj:Windows_7,maj:Windows_7,maj:Windows_7,leaf:Windows_7,leaf:Windows_7,leaf:Windows_7
9359,fam:Windows,fam:Windows,fam:Windows,maj:Windows_7,maj:Windows_7,maj:Windows_7,leaf:Windows_7,leaf:Windows_7,leaf:Windows_7
9360,fam:Windows,fam:macOS,fam:Windows|fam:macOS,maj:Windows_7,maj:Windows_8,maj:Windows_10|maj:Windows_7|maj:Windows_8|maj:Windows_Vista|maj:Windows_XP|maj:macOS_10,leaf:Windows_7,leaf:macOS_10_10.0,leaf:Windows_10|leaf:Windows_7|leaf:Windows_8_1.0|leaf:Windows_8_OTHER|leaf:Windows_Vista|leaf:Windows_XP|leaf:macOS_10_10.0|leaf:macOS_10_11.0|leaf:macOS_10_13.0|leaf:macOS_10_8.0|leaf:macOS_10_9.0
9361,fam:Windows,fam:Windows,fam:Windows,maj:Windows_7,maj:Windows_7,maj:Windows_10|maj:Windows_7,leaf:Windows_7,leaf:Windows_7,leaf:Windows_10|leaf:Windows_7
9362,fam:Windows,fam:Windows,fam:Windows,maj:Windows_7,maj:Windows_7,maj:Windows_7,leaf:Windows_7,leaf:Windows_7,leaf:Windows_7
9363,fam:Windows,fam:Windows,fam:Windows,maj:Windows_7,maj:Windows_7,maj:Windows_7,leaf:Windows_7,leaf:Windows_7,leaf:Windows_7
9367,fam:Windows,fam:Windows,fam:Windows,maj:Windows_7,maj:Windows_7,maj:Windows_7,leaf:Windows_7,leaf:Windows_7,leaf:Windows_7
9373,fam:Windows,fam:Windows,fam:Windows,maj:Windows_7,maj:Windows_8,maj:Windows_7|maj:Windows_8,leaf:Windows_7,leaf:Windows_8_1.0,leaf:Windows_7|leaf:Windows_8_1.0|leaf:Windows_8_OTHER
9375,fam:Windows,fam:Windows,fam:Windows,maj:Windows_7,maj:Windows_7,maj:Windows_7,leaf:Windows_7,leaf:Windows_7,leaf:Windows_7
9377,fam:Windows,fam:Windows,fam:Windows,maj:Windows_7,maj:Windows_7,maj:Windows_7,leaf:Windows_7,leaf:Windows_7,leaf:Windows_7
9378,fam:Windows,fam:Windows,fam:Windows,maj:Windows_7,maj:Windows_8,maj:Windows_7|maj:Windows_8,leaf:Windows_7,leaf:Windows_8_1.0,leaf:Windows_7|leaf:Windows_8_1.0|leaf:Windows_8_OTHER
9380,fam:Windows,fam:Windows,fam:Windows,maj:Windows_7,maj:Windows_7,maj:Windows_10|maj:Windows_7,leaf:Windows_7,leaf:Windows_7,leaf:Windows_10|leaf:Windows_7
9381,fam:Windows,fam:Windows,fam:Windows,maj:Windows_7,maj:Windows_7,maj:Windows_7,leaf:Windows_7,leaf:Windows_7,leaf:Windows_7
9386,fam:Windows,fam:Windows,fam:Windows,maj:Windows_7,maj:Windows_7,maj:Windows_7|maj:Windows_8,leaf:Windows_7,leaf:Windows_7,leaf:Windows_7|leaf:Windows_8_1.0
9389,fam:Windows,fam:Windows,fam:Windows,maj:Windows_7,maj:Windows_7,maj:Windows_7,leaf:Windows_7,leaf:Windows_7,leaf:Windows_7
9391,fam:Windows,fam:Windows,fam:Windows,maj:Windows_7,maj:Windows_7,maj:Windows_7,leaf:Windows_7,leaf:Windows_7,leaf:Windows_7
9392,fam:Windows,fam:Windows,fam:Windows,maj:Windows_7,maj:Windows_7,maj:Windows_7,leaf:Windows_7,leaf:Windows_7,leaf:Windows_7
9396,fam:Windows,fam:Windows,fam:Windows,maj:Windows_7,maj:Windows_7,maj:Windows_7|maj:Windows_8,leaf:Windows_7,leaf:Windows_7,leaf:Windows_7|leaf:Windows_8_1.0
9397,fam:Windows,fam:Windows,fam:Windows,maj:Windows_7,maj:Windows_7,maj:Windows_7,leaf:Windows_7,leaf:Windows_7,leaf:Windows_7
9399,fam:Windows,fam:Windows,fam:Windows,maj:Windows_7,maj:Windows_7,maj:Windows_7,leaf:Windows_7,leaf:Windows_7,leaf:Windows_7
9401,fam:Windows,fam:Windows,fam:Windows,maj:Windows_7,maj:Windows_7,maj:Windows_7,leaf:Windows_7,leaf:Windows_7,leaf:Windows_7
9402,fam:Windows,fam:Windows,fam:Windows,maj:Windows_7,maj:Windows_8,maj:Windows_10|maj:Windows_7|maj:Windows_8,leaf:Windows_7,leaf:Windows_8_1.0,leaf:Windows_10|leaf:Windows_7|leaf:Windows_8_1.0|leaf:Windows_8_OTHER
9405,fam:Windows,fam:Windows,fam:Android|fam:Windows,maj:Windows_7,maj:Windows_7,maj:Android_5|maj:Android_6|maj:Windows_7|maj:Windows_XP,leaf:Windows_7,leaf:Windows_7,leaf:Android_5_1.0|leaf:Android_6_0.0|leaf:Windows_7|leaf:Windows_XP
9406,fam:Windows,fam:Windows,fam:Windows,maj:Windows_7,maj:Windows_7,maj:Windows_10|maj:Windows_7,leaf:Windows_7,leaf:Windows_7,leaf:Windows_10|leaf:Windows_7
9408,fam:Windows,fam:Windows,fam:Windows,maj:Windows_7,maj:Windows_7,maj:Windows_7,leaf:Windows_7,leaf:Windows_7,leaf:Windows_7
9411,fam:Windows,fam:Windows,fam:Windows,maj:Windows_7,maj:Windows_7,maj:Windows_7,leaf:Windows_7,leaf:Windows_7,leaf:Windows_7
9412,fam:Windows,fam:Windows,fam:Windows,maj:Windows_7,maj:Windows_7,maj:Windows_10|maj:Windows_7,leaf:Windows_7,leaf:Windows_7,leaf:Windows_10|leaf:Windows_7
9413,fam:Windows,fam:Windows,fam:Windows,maj:Windows_7,maj:Windows_7,maj:Windows_7,leaf:Windows_7,leaf:Windows_7,leaf:Windows_7
9416,fam:Windows,fam:Windows,fam:Windows,maj:Windows_7,maj:Windows_7,maj:Windows_7,leaf:Windows_7,leaf:Windows_7,leaf:Windows_7
9418,fam:Windows,fam:Windows,fam:Linux|fam:Windows,maj:Windows_7,maj:Windows_7,maj:Linux_OTHER|maj:Windows_7|maj:Windows_8,leaf:Windows_7,leaf:Windows_7,leaf:Linux_OTHER|leaf:Windows_7|leaf:Windows_8_1.0
9419,fam:Windows,fam:Windows,fam:Windows,maj:Windows_7,maj:Windows_7,maj:Windows_7,leaf:Windows_7,leaf:Windows_7,leaf:Windows_7
9421,fam:Windows,fam:Windows,fam:Linux|fam:Windows,maj:Windows_7,maj:Windows_7,maj:Linux_OTHER|maj:Windows_10|maj:Windows_7,leaf:Windows_7,leaf:Windows_7,leaf:Linux_OTHER|leaf:Windows_10|leaf:Windows_7
9422,fam:Windows,fam:Windows,fam:Windows,maj:Windows_7,maj:Windows_8,maj:Windows_10|maj:Windows_7|maj:Windows_8,leaf:Windows_7,leaf:Windows_7,leaf:Windows_10|leaf:Windows_7|leaf:Windows_8_1.0|leaf:Windows_8_OTHER
9423,fam:Windows,fam:Windows,fam:Windows,maj:Windows_7,maj:Windows_7,maj:Windows_10|maj:Windows_7|maj:Windows_8,leaf:Windows_7,leaf:Windows_7,leaf:Windows_10|leaf:Windows_7|leaf:Windows_8_1.0|leaf:Windows_8_OTHER
9427,fam:Windows,fam:Windows,fam:Windows,maj:Windows_7,maj:Windows_7,maj:Windows_7,leaf:Windows_7,leaf:Windows_7,leaf:Windows_7
9430,fam:Windows,fam:Windows,fam:Windows,maj:Windows_7,maj:Windows_8,maj:Windows_10|maj:Windows_7|maj:Windows_8,leaf:Windows_7,leaf:Windows_8_1.0,leaf:Windows_10|leaf:Windows_7|leaf:Windows_8_1.0|leaf:Windows_8_OTHER
9434,fam:Windows,fam:Windows,fam:Windows,maj:Windows_7,maj:Windows_7,maj:Windows_7,leaf:Windows_7,leaf:Windows_7,leaf:Windows_7
9437,fam:Windows,fam:Windows,fam:Windows,maj:Windows_7,maj:Windows_8,maj:Windows_7|maj:Windows_8,leaf:Windows_7,leaf:Windows_8_1.0,leaf:Windows_7|leaf:Windows_8_1.0|leaf:Windows_8_OTHER
9438,fam:Windows,fam:Windows,fam:Windows,maj:Windows_7,maj:Windows_7,maj:Windows_7,leaf:Windows_7,leaf:Windows_7,leaf:Windows_7
9442,fam:Windows,fam:Windows,fam:Linux|fam:Windows|fam:macOS,maj:Windows_7,maj:Windows_7,maj:Linux_OTHER|maj:Windows_10|maj:Windows_7|maj:Windows_8|maj:macOS_10,leaf:Windows_7,leaf:Windows_7,leaf:Linux_OTHER|leaf:Windows_10|leaf:Windows_7|leaf:Windows_8_1.0|leaf:macOS_10_15.0
9444,fam:Windows,fam:Windows,fam:Windows,maj:Windows_7,maj:Windows_7,maj:Windows_7,leaf:Windows_7,leaf:Windows_7,leaf:Windows_7
9445,fam:Windows,fam:Windows,fam:Windows,maj:Windows_7,maj:Windows_8,maj:Windows_10|maj:Windows_7|maj:Windows_8,leaf:Windows_7,leaf:Windows_8_1.0,leaf:Windows_10|leaf:Windows_7|leaf:Windows_8_1.0|leaf:Windows_8_OTHER
9446,fam:Windows,fam:Windows,fam:Windows,maj:Windows_7,maj:Windows_7,maj:Windows_7,leaf:Windows_7,leaf:Windows_7,leaf:Windows_7
9447,fam:Windows,fam:Windows,fam:Android|fam:Windows|fam:macOS,maj:Windows_7,maj:Windows_7,maj:Android_5|maj:Android_6|maj:Android_7|maj:Windows_7|maj:Windows_XP|maj:macOS_10,leaf:Windows_7,leaf:Windows_7,leaf:Android_5_1.0|leaf:Android_6_0.0|leaf:Android_7_0.0|leaf:Windows_7|leaf:Windows_XP|leaf:macOS_10_15.0
9449,fam:Windows,fam:Windows,fam:Windows,maj:Windows_7,maj:Windows_7,maj:Windows_7,leaf:Windows_7,leaf:Windows_7,leaf:Windows_7
9451,fam:Windows,fam:Windows,fam:Windows,maj:Windows_7,maj:Windows_7,maj:Windows_7,leaf:Windows_7,leaf:Windows_7,leaf:Windows_7
9454,fam:Windows,fam:Windows,fam:Windows,maj:Windows_7,maj:Windows_7,maj:Windows_7,leaf:Windows_7,leaf:Windows_7,leaf:Windows_7
9456,fam:Windows,fam:Windows,fam:Windows,maj:Windows_7,maj:Windows_8,maj:Windows_7|maj:Windows_8,leaf:Windows_7,leaf:Windows_8_1.0,leaf:Windows_7|leaf:Windows_8_1.0|leaf:Windows_8_OTHER
9457,fam:Windows,fam:Windows,fam:Windows,maj:Windows_7,maj:Windows_7,maj:Windows_7,leaf:Windows_7,leaf:Windows_7,leaf:Windows_7
9459,fam:Windows,fam:Windows,fam:Windows,maj:Windows_7,maj:Windows_7,maj:Windows_7|maj:Windows_8,leaf:Windows_7,leaf:Windows_7,leaf:Windows_7|leaf:Windows_8_1.0
9460,fam:Windows,fam:Windows,fam:Windows,maj:Windows_7,maj:Windows_8,maj:Windows_10|maj:Windows_7|maj:Windows_8,leaf:Windows_7,leaf:Windows_7,leaf:Windows_10|leaf:Windows_7|leaf:Windows_8_1.0|leaf:Windows_8_OTHER
9461,fam:Windows,fam:Windows,fam:Windows|fam:macOS,maj:Windows_7,maj:Windows_7,maj:Windows_7|maj:Windows_8|maj:macOS_10,leaf:Windows_7,leaf:Windows_7,leaf:Windows_7|leaf:Windows_8_1.0|leaf:macOS_10_9.0
9462,fam:Windows,fam:Windows,fam:Windows,maj:Windows_7,maj:Windows_7,maj:Windows_7|maj:Windows_8,leaf:Windows_7,leaf:Windows_7,leaf:Windows_7|leaf:Windows_8_1.0
9463,fam:Windows,fam:Windows,fam:Windows,maj:Windows_7,maj:Windows_7,maj:Windows_7,leaf:Windows_7,leaf:Windows_7,leaf:Windows_7
9464,fam:Windows,fam:Windows,fam:Windows,maj:Windows_7,maj:Windows_7,maj:Windows_7,leaf:Windows_7,leaf:Windows_7,leaf:Windows_7
9465,fam:Windows,fam:Windows,fam:Windows|fam:macOS,maj:Windows_7,maj:Windows_8,maj:Windows_10|maj:Windows_7|maj:Windows_8|maj:macOS_10,leaf:Windows_7,leaf:Windows_7,leaf:Windows_10|leaf:Windows_7|leaf:Windows_8_1.0|leaf:macOS_10_13.0|leaf:macOS_10_8.0
9467,fam:Windows,fam:Windows,fam:Windows,maj:Windows_7,maj:Windows_7,maj:Windows_7,leaf:Windows_7,leaf:Windows_7,leaf:Windows_7
9470,fam:Windows,fam:Windows,fam:Windows,maj:Windows_8,maj:Windows_8,maj:Windows_7|maj:Windows_8,leaf:Windows_8_1.0,leaf:Windows_8_1.0,leaf:Windows_7|leaf:Windows_8_1.0|leaf:Windows_8_OTHER
9471,fam:Windows,fam:Windows,fam:Windows,maj:Windows_8,maj:Windows_8,maj:Windows_10|maj:Windows_7|maj:Windows_8,leaf:Windows_8_1.0,leaf:Windows_8_1.0,leaf:Windows_10|leaf:Windows_7|leaf:Windows_8_1.0|leaf:Windows_8_OTHER
9472,fam:Windows,fam:Windows,fam:Windows|fam:macOS,maj:Windows_8,maj:Windows_8,maj:Windows_10|maj:Windows_7|maj:Windows_8|maj:Windows_XP|maj:macOS_10,leaf:Windows_8_1.0,leaf:Windows_7,leaf:Windows_10|leaf:Windows_7|leaf:Windows_8_1.0|leaf:Windows_8_OTHER|leaf:Windows_XP|leaf:macOS_10_13.0|leaf:macOS_10_8.0
9476,fam:Windows,fam:macOS,fam:Windows|fam:macOS,maj:Windows_8,maj:Windows_8,maj:Windows_10|maj:Windows_7|maj:Windows_8|maj:macOS_10,leaf:Windows_8_1.0,leaf:macOS_10_13.0,leaf:Windows_10|leaf:Windows_7|leaf:Windows_8_1.0|leaf:macOS_10_13.0|leaf:macOS_10_8.0
9479,fam:Windows,fam:Windows,fam:Windows,maj:Windows_8,maj:Windows_8,maj:Windows_10|maj:Windows_7|maj:Windows_8,leaf:Windows_8_1.0,leaf:Windows_8_1.0,leaf:Windows_10|leaf:Windows_7|leaf:Windows_8_1.0|leaf:Windows_8_OTHER
9480,fam:Windows,fam:Windows,fam:Windows|fam:macOS,maj:Windows_8,maj:Windows_8,maj:Windows_10|maj:Windows_7|maj:Windows_8|maj:macOS_10,leaf:Windows_8_1.0,leaf:Windows_7,leaf:Windows_10|leaf:Windows_7|leaf:Windows_8_1.0|leaf:macOS_10_13.0|leaf:macOS_10_8.0
9485,fam:Windows,fam:macOS,fam:Windows|fam:macOS,maj:Windows_8,maj:Windows_8,maj:Windows_10|maj:Windows_7|maj:Windows_8|maj:Windows_Vista|maj:Windows_XP|maj:macOS_10,leaf:Windows_8_1.0,leaf:macOS_10_10.0,leaf:Windows_10|leaf:Windows_7|leaf:Windows_8_1.0|leaf:Windows_8_OTHER|leaf:Windows_Vista|leaf:Windows_XP|leaf:macOS_10_10.0|leaf:macOS_10_11.0|leaf:macOS_10_13.0|leaf:macOS_10_8.0|leaf:macOS_10_9.0
9486,fam:Windows,fam:Windows,fam:Windows,maj:Windows_8,maj:Windows_8,maj:Windows_7|maj:Windows_8,leaf:Windows_8_1.0,leaf:Windows_8_1.0,leaf:Windows_7|leaf:Windows_8_1.0|leaf:Windows_8_OTHER
9487,fam:Windows,fam:Windows,fam:Windows,maj:Windows_8,maj:Windows_8,maj:Windows_7|maj:Windows_8,leaf:Windows_8_1.0,leaf:Windows_8_1.0,leaf:Windows_7|leaf:Windows_8_1.0
9488,fam:Windows,fam:Windows,fam:Windows,maj:Windows_8,maj:Windows_7,maj:Windows_7|maj:Windows_8,leaf:Windows_8_1.0,leaf:Windows_7,leaf:Windows_7|leaf:Windows_8_1.0|leaf:Windows_8_OTHER
9489,fam:Windows,fam:Windows,fam:Windows,maj:Windows_8,maj:Windows_8,maj:Windows_10|maj:Windows_7|maj:Windows_8,leaf:Windows_8_1.0,leaf:Windows_8_1.0,leaf:Windows_10|leaf:Windows_7|leaf:Windows_8_1.0|leaf:Windows_8_OTHER
9490,fam:Windows,fam:Windows,fam:Windows,maj:Windows_8,maj:Windows_8,maj:Windows_10|maj:Windows_7|maj:Windows_8,leaf:Windows_8_1.0,leaf:Windows_8_1.0,leaf:Windows_10|leaf:Windows_7|leaf:Windows_8_1.0|leaf:Windows_8_OTHER
9493,fam:Windows,fam:Windows,fam:Windows|fam:macOS,maj:Windows_8,maj:Windows_7,maj:Windows_7|maj:Windows_8|maj:macOS_10,leaf:Windows_8_1.0,leaf:Windows_7,leaf:Windows_7|leaf:Windows_8_1.0|leaf:Windows_8_OTHER|leaf:macOS_10_9.0
9497,fam:Windows,fam:Windows,fam:Linux|fam:Windows,maj:Windows_8,maj:Windows_7,maj:Linux_OTHER|maj:Windows_10|maj:Windows_7|maj:Windows_8,leaf:Windows_8_1.0,leaf:Windows_7,leaf:Linux_OTHER|leaf:Windows_10|leaf:Windows_7|leaf:Windows_8_1.0|leaf:Windows_8_OTHER
9504,fam:Windows,fam:Windows,fam:Windows,maj:Windows_8,maj:Windows_8,maj:Windows_10|maj:Windows_7|maj:Windows_8,leaf:Windows_8_1.0,leaf:Windows_7,leaf:Windows_10|leaf:Windows_7|leaf:Windows_8_1.0|leaf:Windows_8_OTHER
9506,fam:Windows,fam:Windows,fam:Windows,maj:Windows_8,maj:Windows_8,maj:Windows_10|maj:Windows_7|maj:Windows_8,leaf:Windows_8_1.0,leaf:Windows_7,leaf:Windows_10|leaf:Windows_7|leaf:Windows_8_1.0|leaf:Windows_8_OTHER
9510,fam:Windows,fam:Windows,fam:Android|fam:Windows,maj:Windows_8,maj:Windows_8,maj:Android_4|maj:Windows_10|maj:Windows_7|maj:Windows_8,leaf:Windows_8_1.0,leaf:Windows_8_1.0,leaf:Android_4_4.0|leaf:Windows_10|leaf:Windows_7|leaf:Windows_8_1.0|leaf:Windows_8_OTHER
9511,fam:Windows,fam:Windows,fam:Windows,maj:Windows_8,maj:Windows_8,maj:Windows_7|maj:Windows_8,leaf:Windows_8_1.0,leaf:Windows_8_1.0,leaf:Windows_7|leaf:Windows_8_1.0|leaf:Windows_8_OTHER
9514,fam:Windows,fam:Windows,fam:Windows,maj:Windows_8,maj:Windows_8,maj:Windows_10|maj:Windows_7|maj:Windows_8,leaf:Windows_8_1.0,leaf:Windows_8_1.0,leaf:Windows_10|leaf:Windows_7|leaf:Windows_8_1.0|leaf:Windows_8_OTHER
9516,fam:Windows,fam:macOS,fam:Windows|fam:macOS,maj:Windows_8,maj:macOS_10,maj:Windows_7|maj:macOS_10|maj:macOS_OTHER,leaf:Windows_8_1.0,leaf:macOS_10_13.0,leaf:Windows_7|leaf:macOS_10_11.0|leaf:macOS_10_12.0|leaf:macOS_10_13.0|leaf:macOS_OTHER
9517,fam:Windows,fam:Windows,fam:Windows,maj:Windows_8,maj:Windows_8,maj:Windows_10|maj:Windows_7|maj:Windows_8,leaf:Windows_8_1.0,leaf:Windows_8_1.0,leaf:Windows_10|leaf:Windows_7|leaf:Windows_8_1.0|leaf:Windows_8_OTHER
9518,fam:Windows,fam:Windows,fam:Windows,maj:Windows_8,maj:Windows_8,maj:Windows_7|maj:Windows_8,leaf:Windows_8_1.0,leaf:Windows_8_1.0,leaf:Windows_7|leaf:Windows_8_1.0
9519,fam:Windows,fam:Windows,fam:Windows,maj:Windows_8,maj:Windows_8,maj:Windows_7|maj:Windows_8,leaf:Windows_8_1.0,leaf:Windows_8_1.0,leaf:Windows_7|leaf:Windows_8_1.0|leaf:Windows_8_OTHER
9522,fam:Windows,fam:Windows,fam:Windows,maj:Windows_8,maj:Windows_8,maj:Windows_8,leaf:Windows_8_1.0,leaf:Windows_8_1.0,leaf:Windows_8_1.0
9525,fam:Windows,fam:Windows,fam:Windows,maj:Windows_8,maj:Windows_8,maj:Windows_7|maj:Windows_8,leaf:Windows_8_1.0,leaf:Windows_8_1.0,leaf:Windows_7|leaf:Windows_8_1.0|leaf:Windows_8_OTHER
9526,fam:Windows,fam:macOS,fam:Windows|fam:macOS,maj:Windows_8,maj:Windows_8,maj:Windows_10|maj:Windows_7|maj:Windows_8|maj:Windows_Vista|maj:Windows_XP|maj:macOS_10,leaf:Windows_8_1.0,leaf:macOS_10_10.0,leaf:Windows_10|leaf:Windows_7|leaf:Windows_8_1.0|leaf:Windows_8_OTHER|leaf:Windows_Vista|leaf:Windows_XP|leaf:macOS_10_10.0|leaf:macOS_10_11.0|leaf:macOS_10_13.0|leaf:macOS_10_8.0|leaf:macOS_10_9.0
9528,fam:Windows,fam:Windows,fam:Windows,maj:Windows_8,maj:Windows_8,maj:Windows_10|maj:Windows_7|maj:Windows_8,leaf:Windows_8_1.0,leaf:Windows_8_1.0,leaf:Windows_10|leaf:Windows_7|leaf:Windows_8_1.0|leaf:Windows_8_OTHER
9534,fam:Windows,fam:Windows,fam:Windows,maj:Windows_8,maj:Windows_8,maj:Windows_10|maj:Windows_7|maj:Windows_8,leaf:Windows_8_1.0,leaf:Windows_8_1.0,leaf:Windows_10|leaf:Windows_7|leaf:Windows_8_1.0|leaf:Windows_8_OTHER
9535,fam:Windows,fam:Windows,fam:Windows,maj:Windows_8,maj:Windows_8,maj:Windows_7|maj:Windows_8,leaf:Windows_8_1.0,leaf:Windows_8_1.0,leaf:Windows_7|leaf:Windows_8_1.0|leaf:Windows_8_OTHER
9536,fam:Windows,fam:Windows,fam:Windows,maj:Windows_8,maj:Windows_8,maj:Windows_7|maj:Windows_8,leaf:Windows_8_1.0,leaf:Windows_8_1.0,leaf:Windows_7|leaf:Windows_8_1.0
9537,fam:Windows,fam:Windows,fam:Windows|fam:macOS,maj:Windows_8,maj:Windows_8,maj:Windows_10|maj:Windows_7|maj:Windows_8|maj:macOS_10,leaf:Windows_8_1.0,leaf:Windows_7,leaf:Windows_10|leaf:Windows_7|leaf:Windows_8_1.0|leaf:macOS_10_13.0|leaf:macOS_10_8.0
9538,fam:Windows,fam:Windows,fam:Windows,maj:Windows_8,maj:Windows_8,maj:Windows_10|maj:Windows_7|maj:Windows_8,leaf:Windows_8_1.0,leaf:Windows_8_1.0,leaf:Windows_10|leaf:Windows_7|leaf:Windows_8_1.0|leaf:Windows_8_OTHER
9541,fam:Windows,fam:Windows,fam:Windows,maj:Windows_8,maj:Windows_8,maj:Windows_10|maj:Windows_7|maj:Windows_8,leaf:Windows_8_1.0,leaf:Windows_8_1.0,leaf:Windows_10|leaf:Windows_7|leaf:Windows_8_1.0|leaf:Windows_8_OTHER
9544,fam:Windows,fam:Windows,fam:Windows,maj:Windows_8,maj:Windows_8,maj:Windows_8,leaf:Windows_8_1.0,leaf:Windows_8_1.0,leaf:Windows_8_1.0
9545,fam:Windows,fam:Windows,fam:Windows,maj:Windows_8,maj:Windows_8,maj:Windows_10|maj:Windows_7|maj:Windows_8,leaf:Windows_8_1.0,leaf:Windows_8_1.0,leaf:Windows_10|leaf:Windows_7|leaf:Windows_8_1.0|leaf:Windows_8_OTHER
9546,fam:Windows,fam:Windows,fam:Windows,maj:Windows_8,maj:Windows_8,maj:Windows_7|maj:Windows_8,leaf:Windows_8_1.0,leaf:Windows_8_1.0,leaf:Windows_7|leaf:Windows_8_1.0
9549,fam:Windows,fam:Windows,fam:Windows,maj:Windows_8,maj:Windows_8,maj:Windows_7|maj:Windows_8,leaf:Windows_8_1.0,leaf:Windows_8_1.0,leaf:Windows_7|leaf:Windows_8_1.0|leaf:Windows_8_OTHER
9550,fam:Windows,fam:macOS,fam:Linux|fam:Windows|fam:macOS,maj:Windows_8,maj:Windows_10,maj:Linux_OTHER|maj:Windows_10|maj:Windows_7|maj:Windows_8|maj:macOS_10,leaf:Windows_8_1.0,leaf:Windows_10,leaf:Linux_OTHER|leaf:Windows_10|leaf:Windows_7|leaf:Windows_8_1.0|leaf:macOS_10_10.0|leaf:macOS_10_11.0
9551,fam:Windows,fam:Windows,fam:Windows,maj:Windows_8,maj:Windows_8,maj:Windows_10|maj:Windows_7|maj:Windows_8,leaf:Windows_8_1.0,leaf:Windows_8_1.0,leaf:Windows_10|leaf:Windows_7|leaf:Windows_8_1.0|leaf:Windows_8_OTHER
9552,fam:Windows,fam:Windows,fam:Windows,maj:Windows_8,maj:Windows_8,maj:Windows_10|maj:Windows_7|maj:Windows_8,leaf:Windows_8_1.0,leaf:Windows_8_1.0,leaf:Windows_10|leaf:Windows_7|leaf:Windows_8_1.0|leaf:Windows_8_OTHER
9553,fam:Windows,fam:Windows,fam:Windows,maj:Windows_8,maj:Windows_8,maj:Windows_10|maj:Windows_7|maj:Windows_8,leaf:Windows_8_1.0,leaf:Windows_8_1.0,leaf:Windows_10|leaf:Windows_7|leaf:Windows_8_1.0|leaf:Windows_8_OTHER
9554,fam:Windows,fam:Windows,fam:Linux|fam:Windows|fam:macOS,maj:Windows_8,maj:Windows_8,maj:Linux_OTHER|maj:Windows_10|maj:Windows_7|maj:Windows_8|maj:Windows_XP|maj:macOS_10,leaf:Windows_8_1.0,leaf:Windows_7,leaf:Linux_OTHER|leaf:Windows_10|leaf:Windows_7|leaf:Windows_8_1.0|leaf:Windows_8_OTHER|leaf:Windows_XP|leaf:macOS_10_10.0|leaf:macOS_10_11.0|leaf:macOS_10_9.0
9558,fam:Windows,fam:Windows,fam:Windows,maj:Windows_8,maj:Windows_8,maj:Windows_10|maj:Windows_7|maj:Windows_8,leaf:Windows_8_1.0,leaf:Windows_8_1.0,leaf:Windows_10|leaf:Windows_7|leaf:Windows_8_1.0|leaf:Windows_8_OTHER
9560,fam:Windows,fam:Windows,fam:Windows,maj:Windows_8,maj:Windows_7,maj:Windows_10|maj:Windows_7|maj:Windows_8,leaf:Windows_8_1.0,leaf:Windows_8_OTHER,leaf:Windows_10|leaf:Windows_7|leaf:Windows_8_1.0|leaf:Windows_8_OTHER
9561,fam:Windows,fam:macOS,fam:Windows|fam:macOS,maj:Windows_8,maj:Windows_8,maj:Windows_10|maj:Windows_7|maj:Windows_8|maj:macOS_10,leaf:Windows_8_1.0,leaf:macOS_10_13.0,leaf:Windows_10|leaf:Windows_7|leaf:Windows_8_1.0|leaf:macOS_10_13.0|leaf:macOS_10_8.0
9562,fam:Windows,fam:Windows,fam:Windows,maj:Windows_8,maj:Windows_8,maj:Windows_7|maj:Windows_8,leaf:Windows_8_1.0,leaf:Windows_8_1.0,leaf:Windows_7|leaf:Windows_8_1.0|leaf:Windows_8_OTHER
9563,fam:Windows,fam:Windows,fam:Windows,maj:Windows_8,maj:Windows_8,maj:Windows_7|maj:Windows_8,leaf:Windows_8_1.0,leaf:Windows_8_1.0,leaf:Windows_7|leaf:Windows_8_1.0
9566,fam:Windows,fam:Windows,fam:Windows,maj:Windows_8,maj:Windows_8,maj:Windows_7|maj:Windows_8,leaf:Windows_8_1.0,leaf:Windows_8_1.0,leaf:Windows_7|leaf:Windows_8_1.0|leaf:Windows_8_OTHER
9567,fam:Windows,fam:Windows,fam:Windows,maj:Windows_8,maj:Windows_8,maj:Windows_7|maj:Windows_8,leaf:Windows_8_1.0,leaf:Windows_8_1.0,leaf:Windows_7|leaf:Windows_8_1.0|leaf:Windows_8_OTHER
9568,fam:Windows,fam:Windows,fam:Windows,maj:Windows_8,maj:Windows_8,maj:Windows_7|maj:Windows_8,leaf:Windows_8_1.0,leaf:Windows_8_1.0,leaf:Windows_7|leaf:Windows_8_1.0|leaf:Windows_8_OTHER
9569,fam:Windows,fam:Windows,fam:Windows,maj:Windows_8,maj:Windows_8,maj:Windows_10|maj:Windows_7|maj:Windows_8,leaf:Windows_8_1.0,leaf:Windows_8_1.0,leaf:Windows_10|leaf:Windows_7|leaf:Windows_8_1.0|leaf:Windows_8_OTHER
9570,fam:Windows,fam:Windows,fam:Windows,maj:Windows_8,maj:Windows_8,maj:Windows_7|maj:Windows_8,leaf:Windows_8_1.0,leaf:Windows_8_1.0,leaf:Windows_7|leaf:Windows_8_1.0
9572,fam:Windows,fam:Windows,fam:Windows,maj:Windows_8,maj:Windows_8,maj:Windows_8,leaf:Windows_8_1.0,leaf:Windows_8_1.0,leaf:Windows_8_1.0
9578,fam:Windows,fam:Windows,fam:Windows,maj:Windows_8,maj:Windows_8,maj:Windows_7|maj:Windows_8,leaf:Windows_8_1.0,leaf:Windows_8_1.0,leaf:Windows_7|leaf:Windows_8_1.0|leaf:Windows_8_OTHER
9579,fam:Windows,fam:Windows,fam:Windows,maj:Windows_8,maj:Windows_8,maj:Windows_7|maj:Windows_8,leaf:Windows_8_1.0,leaf:Windows_8_1.0,leaf:Windows_7|leaf:Windows_8_1.0|leaf:Windows_8_OTHER
9584,fam:Windows,fam:Windows,fam:Windows,maj:Windows_8,maj:Windows_8,maj:Windows_7|maj:Windows_8,leaf:Windows_8_1.0,leaf:Windows_8_1.0,leaf:Windows_7|leaf:Windows_8_1.0|leaf:Windows_8_OTHER
9585,fam:Windows,fam:Windows,fam:Windows,maj:Windows_8,maj:Windows_8,maj:Windows_7|maj:Windows_8,leaf:Windows_8_1.0,leaf:Windows_8_1.0,leaf:Windows_7|leaf:Windows_8_1.0|leaf:Windows_8_OTHER
9588,fam:Windows,fam:Windows,fam:Windows,maj:Windows_8,maj:Windows_8,maj:Windows_7|maj:Windows_8,leaf:Windows_8_1.0,leaf:Windows_8_1.0,leaf:Windows_7|leaf:Windows_8_1.0|leaf:Windows_8_OTHER
9589,fam:Windows,fam:Windows,fam:Windows,maj:Windows_8,maj:Windows_8,maj:Windows_10|maj:Windows_7|maj:Windows_8,leaf:Windows_8_1.0,leaf:Windows_8_1.0,leaf:Windows_10|leaf:Windows_7|leaf:Windows_8_1.0
9590,fam:Windows,fam:Windows,fam:Windows,maj:Windows_8,maj:Windows_8,maj:Windows_7|maj:Windows_8,leaf:Windows_8_1.0,leaf:Windows_8_1.0,leaf:Windows_7|leaf:Windows_8_1.0|leaf:Windows_8_OTHER
9591,fam:Windows,fam:Windows,fam:Windows,maj:Windows_8,maj:Windows_8,maj:Windows_7|maj:Windows_8,leaf:Windows_8_1.0,leaf:Windows_8_1.0,leaf:Windows_7|leaf:Windows_8_1.0|leaf:Windows_8_OTHER
9592,fam:Windows,fam:Windows,fam:Windows,maj:Windows_8,maj:Windows_8,maj:Windows_10|maj:Windows_7|maj:Windows_8,leaf:Windows_8_1.0,leaf:Windows_8_1.0,leaf:Windows_10|leaf:Windows_7|leaf:Windows_8_1.0|leaf:Windows_8_OTHER
9594,fam:Windows,fam:Windows,fam:Windows,maj:Windows_8,maj:Windows_8,maj:Windows_10|maj:Windows_7|maj:Windows_8,leaf:Windows_8_1.0,leaf:Windows_8_1.0,leaf:Windows_10|leaf:Windows_7|leaf:Windows_8_1.0|leaf:Windows_8_OTHER
9595,fam:Windows,fam:Windows,fam:Windows,maj:Windows_8,maj:Windows_8,maj:Windows_10|maj:Windows_7|maj:Windows_8,leaf:Windows_8_1.0,leaf:Windows_8_1.0,leaf:Windows_10|leaf:Windows_7|leaf:Windows_8_1.0
9596,fam:Windows,fam:Windows,fam:Windows,maj:Windows_8,maj:Windows_8,maj:Windows_7|maj:Windows_8,leaf:Windows_8_1.0,leaf:Windows_8_1.0,leaf:Windows_7|leaf:Windows_8_1.0|leaf:Windows_8_OTHER
9597,fam:Windows,fam:Windows,fam:Windows,maj:Windows_8,maj:Windows_8,maj:Windows_10|maj:Windows_7|maj:Windows_8,leaf:Windows_8_1.0,leaf:Windows_8_1.0,leaf:Windows_10|leaf:Windows_7|leaf:Windows_8_1.0|leaf:Windows_8_OTHER
9599,fam:Windows,fam:Windows,fam:Windows,maj:Windows_8,maj:Windows_8,maj:Windows_7|maj:Windows_8,leaf:Windows_8_1.0,leaf:Windows_8_1.0,leaf:Windows_7|leaf:Windows_8_1.0|leaf:Windows_8_OTHER
9601,fam:Windows,fam:Windows,fam:Windows,maj:Windows_8,maj:Windows_8,maj:Windows_7|maj:Windows_8,leaf:Windows_8_1.0,leaf:Windows_8_1.0,leaf:Windows_7|leaf:Windows_8_1.0|leaf:Windows_8_OTHER
9605,fam:Windows,fam:Windows,fam:Windows,maj:Windows_8,maj:Windows_8,maj:Windows_10|maj:Windows_8,leaf:Windows_8_1.0,leaf:Windows_8_1.0,leaf:Windows_10|leaf:Windows_8_1.0
9607,fam:Windows,fam:Windows,fam:Android|fam:Windows,maj:Windows_8,maj:Windows_8,maj:Android_7|maj:Windows_10|maj:Windows_8,leaf:Windows_8_1.0,leaf:Windows_8_1.0,leaf:Android_7_0.0|leaf:Windows_10|leaf:Windows_8_1.0
9608,fam:Windows,fam:Windows,fam:Windows,maj:Windows_8,maj:Windows_8,maj:Windows_7|maj:Windows_8,leaf:Windows_8_1.0,leaf:Windows_8_1.0,leaf:Windows_7|leaf:Windows_8_1.0
9613,fam:Windows,fam:Windows,fam:Windows|fam:macOS,maj:Windows_8,maj:Windows_8,maj:Windows_10|maj:Windows_7|maj:Windows_8|maj:macOS_10,leaf:Windows_8_1.0,leaf:Windows_7,leaf:Windows_10|leaf:Windows_7|leaf:Windows_8_1.0|leaf:macOS_10_13.0|leaf:macOS_10_8.0
9614,fam:Windows,fam:Windows,fam:Windows,maj:Windows_8,maj:Windows_8,maj:Windows_7|maj:Windows_8,leaf:Windows_8_1.0,leaf:Windows_8_1.0,leaf:Windows_7|leaf:Windows_8_1.0|leaf:Windows_8_OTHER
9615,fam:Windows,fam:Windows,fam:Windows,maj:Windows_8,maj:Windows_7,maj:Windows_10|maj:Windows_7|maj:Windows_8,leaf:Windows_8_1.0,leaf:Windows_8_1.0,leaf:Windows_10|leaf:Windows_7|leaf:Windows_8_1.0|leaf:Windows_8_OTHER
9616,fam:Windows,fam:Windows,fam:Windows,maj:Windows_8,maj:Windows_8,maj:Windows_7|maj:Windows_8,leaf:Windows_8_1.0,leaf:Windows_8_1.0,leaf:Windows_7|leaf:Windows_8_1.0
9618,fam:Windows,fam:Windows,fam:Windows,maj:Windows_8,maj:Windows_8,maj:Windows_7|maj:Windows_8,leaf:Windows_8_1.0,leaf:Windows_8_1.0,leaf:Windows_7|leaf:Windows_8_1.0|leaf:Windows_8_OTHER
9619,fam:Windows,fam:macOS,fam:Windows|fam:macOS,maj:Windows_8,maj:Windows_8,maj:Windows_10|maj:Windows_7|maj:Windows_8|maj:macOS_10,leaf:Windows_8_1.0,leaf:macOS_10_13.0,leaf:Windows_10|leaf:Windows_7|leaf:Windows_8_1.0|leaf:macOS_10_13.0|leaf:macOS_10_8.0
9621,fam:Windows,fam:Windows,fam:Windows,maj:Windows_8,maj:Windows_8,maj:Windows_10|maj:Windows_7|maj:Windows_8,leaf:Windows_8_1.0,leaf:Windows_8_1.0,leaf:Windows_10|leaf:Windows_7|leaf:Windows_8_1.0|leaf:Windows_8_OTHER
9624,fam:Windows,fam:Windows,fam:Windows,maj:Windows_8,maj:Windows_8,maj:Windows_8,leaf:Windows_8_1.0,leaf:Windows_8_1.0,leaf:Windows_8_1.0
9626,fam:Windows,fam:Windows,fam:Android|fam:Windows,maj:Windows_8,maj:Windows_8,maj:Android_4|maj:Windows_10|maj:Windows_7|maj:Windows_8,leaf:Windows_8_1.0,leaf:Windows_8_1.0,leaf:Android_4_1.0|leaf:Windows_10|leaf:Windows_7|leaf:Windows_8_1.0|leaf:Windows_8_OTHER
9627,fam:Windows,fam:Windows,fam:Windows,maj:Windows_8,maj:Windows_8,maj:Windows_10|maj:Windows_8,leaf:Windows_8_1.0,leaf:Windows_8_1.0,leaf:Windows_10|leaf:Windows_8_1.0
9630,fam:Windows,fam:Windows,fam:Windows,maj:Windows_8,maj:Windows_8,maj:Windows_10|maj:Windows_7|maj:Windows_8,leaf:Windows_8_1.0,leaf:Windows_8_1.0,leaf:Windows_10|leaf:Windows_7|leaf:Windows_8_1.0|leaf:Windows_8_OTHER
9631,fam:Windows,fam:Windows,fam:Windows,maj:Windows_8,maj:Windows_8,maj:Windows_8,leaf:Windows_8_1.0,leaf:Windows_8_1.0,leaf:Windows_8_1.0
9635,fam:Windows,fam:Windows,fam:Windows,maj:Windows_8,maj:Windows_8,maj:Windows_7|maj:Windows_8,leaf:Windows_8_1.0,leaf:Windows_8_1.0,leaf:Windows_7|leaf:Windows_8_1.0|leaf:Windows_8_OTHER
9636,fam:Windows,fam:Windows,fam:Windows,maj:Windows_8,maj:Windows_8,maj:Windows_7|maj:Windows_8,leaf:Windows_8_1.0,leaf:Windows_8_1.0,leaf:Windows_7|leaf:Windows_8_1.0|leaf:Windows_8_OTHER
9637,fam:Windows,fam:Windows,fam:Windows,maj:Windows_8,maj:Windows_8,maj:Windows_10|maj:Windows_7|maj:Windows_8,leaf:Windows_8_1.0,leaf:Windows_8_1.0,leaf:Windows_10|leaf:Windows_7|leaf:Windows_8_1.0|leaf:Windows_8_OTHER
9638,fam:Windows,fam:Windows,fam:Windows,maj:Windows_8,maj:Windows_8,maj:Windows_10|maj:Windows_7|maj:Windows_8,leaf:Windows_8_1.0,leaf:Windows_8_1.0,leaf:Windows_10|leaf:Windows_7|leaf:Windows_8_1.0|leaf:Windows_8_OTHER
9639,fam:Windows,fam:Windows,fam:Windows,maj:Windows_8,maj:Windows_7,maj:Windows_7|maj:Windows_8,leaf:Windows_8_1.0,leaf:Windows_8_1.0,leaf:Windows_7|leaf:Windows_8_1.0|leaf:Windows_8_OTHER
9640,fam:Windows,fam:Windows,fam:Windows,maj:Windows_8,maj:Windows_8,maj:Windows_10|maj:Windows_7|maj:Windows_8,leaf:Windows_8_1.0,leaf:Windows_10,leaf:Windows_10|leaf:Windows_7|leaf:Windows_8_1.0
9642,fam:Windows,fam:Windows,fam:Windows,maj:Windows_8,maj:Windows_8,maj:Windows_7|maj:Windows_8,leaf:Windows_8_1.0,leaf:Windows_8_1.0,leaf:Windows_7|leaf:Windows_8_1.0
9643,fam:Windows,fam:Windows,fam:Windows,maj:Windows_8,maj:Windows_8,maj:Windows_10|maj:Windows_7|maj:Windows_8,leaf:Windows_8_1.0,leaf:Windows_8_1.0,leaf:Windows_10|leaf:Windows_7|leaf:Windows_8_1.0
9644,fam:Windows,fam:Windows,fam:Windows,maj:Windows_8,maj:Windows_8,maj:Windows_8,leaf:Windows_8_1.0,leaf:Windows_8_1.0,leaf:Windows_8_1.0
9648,fam:Windows,fam:Windows,fam:Windows,maj:Windows_8,maj:Windows_8,maj:Windows_8,leaf:Windows_8_1.0,leaf:Windows_8_1.0,leaf:Windows_8_1.0
9649,fam:Windows,fam:macOS,fam:Windows|fam:macOS,maj:Windows_8,maj:macOS_10,maj:Windows_7|maj:macOS_10|maj:macOS_OTHER,leaf:Windows_8_1.0,leaf:macOS_10_13.0,leaf:Windows_7|leaf:macOS_10_11.0|leaf:macOS_10_12.0|leaf:macOS_10_13.0|leaf:macOS_OTHER
9653,fam:Windows,fam:Windows,fam:Windows,maj:Windows_8,maj:Windows_8,maj:Windows_10|maj:Windows_7|maj:Windows_8,leaf:Windows_8_1.0,leaf:Windows_8_1.0,leaf:Windows_10|leaf:Windows_7|leaf:Windows_8_1.0|leaf:Windows_8_OTHER
9655,fam:Windows,fam:Windows,fam:Windows,maj:Windows_8,maj:Windows_8,maj:Windows_7|maj:Windows_8,leaf:Windows_8_1.0,leaf:Windows_8_1.0,leaf:Windows_7|leaf:Windows_8_1.0|leaf:Windows_8_OTHER
9659,fam:Windows,fam:Windows,fam:Windows,maj:Windows_8,maj:Windows_7,maj:Windows_10|maj:Windows_7|maj:Windows_8,leaf:Windows_8_1.0,leaf:Windows_8_1.0,leaf:Windows_10|leaf:Windows_7|leaf:Windows_8_1.0
9660,fam:Windows,fam:Windows,fam:Windows,maj:Windows_8,maj:Windows_8,maj:Windows_10|maj:Windows_7|maj:Windows_8,leaf:Windows_8_1.0,leaf:Windows_8_1.0,leaf:Windows_10|leaf:Windows_7|leaf:Windows_8_1.0|leaf:Windows_8_OTHER
9662,fam:Windows,fam:Windows,fam:Windows,maj:Windows_8,maj:Windows_7,maj:Windows_7|maj:Windows_8,leaf:Windows_8_1.0,leaf:Windows_7,leaf:Windows_7|leaf:Windows_8_1.0|leaf:Windows_8_OTHER
9663,fam:Windows,fam:Windows,fam:Windows,maj:Windows_8,maj:Windows_8,maj:Windows_7|maj:Windows_8,leaf:Windows_8_1.0,leaf:Windows_8_1.0,leaf:Windows_7|leaf:Windows_8_1.0
9665,fam:Windows,fam:Windows,fam:Windows,maj:Windows_8,maj:Windows_8,maj:Windows_7|maj:Windows_8,leaf:Windows_8_1.0,leaf:Windows_8_1.0,leaf:Windows_7|leaf:Windows_8_1.0
9666,fam:Windows,fam:Windows,fam:Windows,maj:Windows_8,maj:Windows_8,maj:Windows_7|maj:Windows_8,leaf:Windows_8_1.0,leaf:Windows_8_1.0,leaf:Windows_7|leaf:Windows_8_1.0|leaf:Windows_8_OTHER
9670,fam:Windows,fam:Windows,fam:Windows,maj:Windows_8,maj:Windows_8,maj:Windows_10|maj:Windows_7|maj:Windows_8,leaf:Windows_8_1.0,leaf:Windows_8_1.0,leaf:Windows_10|leaf:Windows_7|leaf:Windows_8_1.0|leaf:Windows_8_OTHER
9671,fam:Windows,fam:Windows,fam:Windows,maj:Windows_8,maj:Windows_8,maj:Windows_7|maj:Windows_8,leaf:Windows_8_1.0,leaf:Windows_8_1.0,leaf:Windows_7|leaf:Windows_8_1.0
9673,fam:Windows,fam:Windows,fam:Windows,maj:Windows_8,maj:Windows_8,maj:Windows_7|maj:Windows_8,leaf:Windows_8_1.0,leaf:Windows_8_1.0,leaf:Windows_7|leaf:Windows_8_1.0
9675,fam:Windows,fam:Windows,fam:Windows,maj:Windows_8,maj:Windows_8,maj:Windows_10|maj:Windows_7|maj:Windows_8,leaf:Windows_8_1.0,leaf:Windows_8_1.0,leaf:Windows_10|leaf:Windows_7|leaf:Windows_8_1.0|leaf:Windows_8_OTHER
9676,fam:Windows,fam:Windows,fam:Windows,maj:Windows_8,maj:Windows_8,maj:Windows_10|maj:Windows_8,leaf:Windows_8_1.0,leaf:Windows_8_1.0,leaf:Windows_10|leaf:Windows_8_1.0
9677,fam:Windows,fam:Windows,fam:Windows,maj:Windows_8,maj:Windows_8,maj:Windows_7|maj:Windows_8,leaf:Windows_8_1.0,leaf:Windows_8_1.0,leaf:Windows_7|leaf:Windows_8_1.0
9680,fam:Windows,fam:Windows,fam:Windows,maj:Windows_8,maj:Windows_8,maj:Windows_10|maj:Windows_7|maj:Windows_8,leaf:Windows_8_1.0,leaf:Windows_8_1.0,leaf:Windows_10|leaf:Windows_7|leaf:Windows_8_1.0|leaf:Windows_8_OTHER
9686,fam:Windows,fam:Windows,fam:Windows,maj:Windows_8,maj:Windows_8,maj:Windows_7|maj:Windows_8,leaf:Windows_8_1.0,leaf:Windows_8_1.0,leaf:Windows_7|leaf:Windows_8_1.0|leaf:Windows_8_OTHER
9687,fam:Windows,fam:Windows,fam:Windows,maj:Windows_8,maj:Windows_8,maj:Windows_7|maj:Windows_8,leaf:Windows_8_1.0,leaf:Windows_8_1.0,leaf:Windows_7|leaf:Windows_8_1.0|leaf:Windows_8_OTHER
9688,fam:Windows,fam:Windows,fam:Windows,maj:Windows_8,maj:Windows_8,maj:Windows_7|maj:Windows_8,leaf:Windows_8_1.0,leaf:Windows_8_1.0,leaf:Windows_7|leaf:Windows_8_1.0|leaf:Windows_8_OTHER
9690,fam:Windows,fam:Windows,fam:Windows,maj:Windows_8,maj:Windows_8,maj:Windows_7|maj:Windows_8,leaf:Windows_8_1.0,leaf:Windows_8_1.0,leaf:Windows_7|leaf:Windows_8_1.0|leaf:Windows_8_OTHER
9694,fam:Windows,fam:Windows,fam:Windows,maj:Windows_8,maj:Windows_8,maj:Windows_10|maj:Windows_7|maj:Windows_8,leaf:Windows_8_1.0,leaf:Windows_8_1.0,leaf:Windows_10|leaf:Windows_7|leaf:Windows_8_1.0|leaf:Windows_8_OTHER
9697,fam:Windows,fam:Windows,fam:Windows,maj:Windows_8,maj:Windows_8,maj:Windows_8,leaf:Windows_8_1.0,leaf:Windows_8_1.0,leaf:Windows_8_1.0
9698,fam:Windows,fam:Windows,fam:Windows,maj:Windows_8,maj:Windows_8,maj:Windows_8,leaf:Windows_8_1.0,leaf:Windows_8_1.0,leaf:Windows_8_1.0
9701,fam:Windows,fam:Windows,fam:Windows,maj:Windows_8,maj:Windows_8,maj:Windows_8,leaf:Windows_8_1.0,leaf:Windows_8_1.0,leaf:Windows_8_1.0
9704,fam:Windows,fam:Windows,fam:Windows,maj:Windows_8,maj:Windows_7,maj:Windows_7|maj:Windows_8,leaf:Windows_8_1.0,leaf:Windows_8_1.0,leaf:Windows_7|leaf:Windows_8_1.0|leaf:Windows_8_OTHER
9706,fam:Windows,fam:Windows,fam:Windows,maj:Windows_8,maj:Windows_8,maj:Windows_7|maj:Windows_8,leaf:Windows_8_1.0,leaf:Windows_8_1.0,leaf:Windows_7|leaf:Windows_8_1.0|leaf:Windows_8_OTHER
9708,fam:Windows,fam:Windows,fam:Windows,maj:Windows_8,maj:Windows_8,maj:Windows_10|maj:Windows_8,leaf:Windows_8_1.0,leaf:Windows_8_1.0,leaf:Windows_10|leaf:Windows_8_1.0
9709,fam:Windows,fam:Windows,fam:Android|fam:Windows,maj:Windows_8,maj:Windows_8,maj:Android_4|maj:Windows_10|maj:Windows_7|maj:Windows_8,leaf:Windows_8_1.0,leaf:Windows_8_1.0,leaf:Android_4_1.0|leaf:Windows_10|leaf:Windows_7|leaf:Windows_8_1.0|leaf:Windows_8_OTHER
9710,fam:Windows,fam:Windows,fam:Windows,maj:Windows_8,maj:Windows_8,maj:Windows_10|maj:Windows_7|maj:Windows_8|maj:Windows_XP,leaf:Windows_8_1.0,leaf:Windows_8_1.0,leaf:Windows_10|leaf:Windows_7|leaf:Windows_8_1.0|leaf:Windows_XP
9711,fam:Windows,fam:Windows,fam:Windows,maj:Windows_8,maj:Windows_8,maj:Windows_8,leaf:Windows_8_1.0,leaf:Windows_8_1.0,leaf:Windows_8_1.0
9712,fam:Windows,fam:Windows,fam:Windows,maj:Windows_8,maj:Windows_8,maj:Windows_7|maj:Windows_8,leaf:Windows_8_1.0,leaf:Windows_8_1.0,leaf:Windows_7|leaf:Windows_8_1.0|leaf:Windows_8_OTHER
9715,fam:Windows,fam:Windows,fam:Windows,maj:Windows_8,maj:Windows_8,maj:Windows_10|maj:Windows_7|maj:Windows_8,leaf:Windows_8_1.0,leaf:Windows_8_1.0,leaf:Windows_10|leaf:Windows_7|leaf:Windows_8_1.0
9717,fam:Windows,fam:Windows,fam:Windows,maj:Windows_8,maj:Windows_8,maj:Windows_10|maj:Windows_8,leaf:Windows_8_1.0,leaf:Windows_8_1.0,leaf:Windows_10|leaf:Windows_8_1.0
9721,fam:Windows,fam:Windows,fam:Windows,maj:Windows_8,maj:Windows_8,maj:Windows_10|maj:Windows_7|maj:Windows_8,leaf:Windows_8_1.0,leaf:Windows_8_1.0,leaf:Windows_10|leaf:Windows_7|leaf:Windows_8_1.0|leaf:Windows_8_OTHER
9722,fam:Windows,fam:Windows,fam:Windows|fam:macOS,maj:Windows_8,maj:Windows_8,maj:Windows_10|maj:Windows_7|maj:Windows_8|maj:macOS_10,leaf:Windows_8_1.0,leaf:Windows_7,leaf:Windows_10|leaf:Windows_7|leaf:Windows_8_1.0|leaf:macOS_10_13.0|leaf:macOS_10_8.0
9723,fam:Windows,fam:Windows,fam:Android|fam:Linux|fam:Windows|fam:macOS,maj:Windows_8,maj:Windows_8,maj:Android_6|maj:Android_7|maj:Linux_OTHER|maj:Windows_10|maj:Windows_7|maj:Windows_8|maj:Windows_XP|maj:macOS_10,leaf:Windows_8_1.0,leaf:Windows_8_1.0,leaf:Android_6_0.0|leaf:Android_7_0.0|leaf:Linux_OTHER|leaf:Windows_10|leaf:Windows_7|leaf:Windows_8_1.0|leaf:Windows_8_OTHER|leaf:Windows_XP|leaf:macOS_10_15.0
9725,fam:Windows,fam:Windows,fam:Windows,maj:Windows_8,maj:Windows_8,maj:Windows_7|maj:Windows_8,leaf:Windows_8_1.0,leaf:Windows_8_1.0,leaf:Windows_7|leaf:Windows_8_1.0
9728,fam:Windows,fam:Windows,fam:Windows,maj:Windows_8,maj:Windows_8,maj:Windows_8,leaf:Windows_8_OTHER,leaf:Windows_8_OTHER,leaf:Windows_8_OTHER
9729,fam:Windows,fam:macOS,fam:Windows|fam:macOS,maj:Windows_8,maj:Windows_8,maj:Windows_10|maj:Windows_7|maj:Windows_8|maj:Windows_Vista|maj:Windows_XP|maj:macOS_10,leaf:Windows_8_OTHER,leaf:macOS_10_10.0,leaf:Windows_10|leaf:Windows_7|leaf:Windows_8_1.0|leaf:Windows_8_OTHER|leaf:Windows_Vista|leaf:Windows_XP|leaf:macOS_10_10.0|leaf:macOS_10_11.0|leaf:macOS_10_13.0|leaf:macOS_10_8.0|leaf:macOS_10_9.0
9732,fam:Windows,fam:Android,fam:Android|fam:Linux|fam:Windows,maj:Windows_8,maj:Windows_8,maj:Android_4|maj:Android_6|maj:Linux_OTHER|maj:Windows_8|maj:Windows_XP,leaf:Windows_8_OTHER,leaf:Windows_XP,leaf:Android_4_2.0|leaf:Android_6_0.0|leaf:Linux_OTHER|leaf:Windows_8_OTHER|leaf:Windows_XP
9736,fam:Windows,fam:Windows,fam:Windows,maj:Windows_8,maj:Windows_8,maj:Windows_8,leaf:Windows_8_OTHER,leaf:Windows_8_OTHER,leaf:Windows_8_OTHER
9738,fam:Windows,fam:Windows,fam:Windows,maj:Windows_8,maj:Windows_8,maj:Windows_8,leaf:Windows_8_OTHER,leaf:Windows_8_OTHER,leaf:Windows_8_OTHER
9739,fam:Windows,fam:Windows,fam:Windows,maj:Windows_8,maj:Windows_8,maj:Windows_8,leaf:Windows_8_OTHER,leaf:Windows_8_OTHER,leaf:Windows_8_OTHER
9740,fam:Windows,fam:Windows,fam:Windows,maj:Windows_8,maj:Windows_7,maj:Windows_7|maj:Windows_8,leaf:Windows_8_OTHER,leaf:Windows_8_1.0,leaf:Windows_7|leaf:Windows_8_1.0|leaf:Windows_8_OTHER
9742,fam:Windows,fam:Windows,fam:Windows,maj:Windows_8,maj:Windows_8,maj:Windows_8,leaf:Windows_8_OTHER,leaf:Windows_8_OTHER,leaf:Windows_8_OTHER
9743,fam:Windows,fam:Android,fam:Android|fam:Windows,maj:Windows_8,maj:Android_6,maj:Android_6|maj:Windows_8|maj:Windows_XP,leaf:Windows_8_OTHER,leaf:Windows_XP,leaf:Android_6_0.0|leaf:Windows_8_OTHER|leaf:Windows_XP
9745,fam:Windows,fam:Android,fam:Android|fam:Windows,maj:Windows_8,maj:Windows_8,maj:Android_6|maj:Windows_7|maj:Windows_8|maj:Windows_XP,leaf:Windows_8_OTHER,leaf:Windows_XP,leaf:Android_6_0.0|leaf:Windows_7|leaf:Windows_8_OTHER|leaf:Windows_XP
9749,fam:Windows,fam:Windows,fam:Windows,maj:Windows_8,maj:Windows_8,maj:Windows_7|maj:Windows_8,leaf:Windows_8_OTHER,leaf:Windows_8_1.0,leaf:Windows_7|leaf:Windows_8_1.0|leaf:Windows_8_OTHER
9752,fam:Windows,fam:Windows,fam:Windows,maj:Windows_8,maj:Windows_7,maj:Windows_10|maj:Windows_7|maj:Windows_8,leaf:Windows_8_OTHER,leaf:Windows_7,leaf:Windows_10|leaf:Windows_7|leaf:Windows_8_1.0|leaf:Windows_8_OTHER
9754,fam:Windows,fam:Windows,fam:Windows,maj:Windows_8,maj:Windows_8,maj:Windows_8,leaf:Windows_8_OTHER,leaf:Windows_8_OTHER,leaf:Windows_8_OTHER
9755,fam:Windows,fam:Windows,fam:Windows,maj:Windows_8,maj:Windows_8,maj:Windows_10|maj:Windows_7|maj:Windows_8,leaf:Windows_8_OTHER,leaf:Windows_8_1.0,leaf:Windows_10|leaf:Windows_7|leaf:Windows_8_1.0|leaf:Windows_8_OTHER
9760,fam:Windows,fam:Windows,fam:Windows,maj:Windows_8,maj:Windows_8,maj:Windows_10|maj:Windows_8,leaf:Windows_8_OTHER,leaf:Windows_8_OTHER,leaf:Windows_10|leaf:Windows_8_OTHER
9761,fam:Windows,fam:Windows,fam:Windows,maj:Windows_8,maj:Windows_8,maj:Windows_7|maj:Windows_8,leaf:Windows_8_OTHER,leaf:Windows_8_1.0,leaf:Windows_7|leaf:Windows_8_1.0|leaf:Windows_8_OTHER
9763,fam:Windows,fam:Windows,fam:Windows,maj:Windows_8,maj:Windows_8,maj:Windows_10|maj:Windows_8|maj:Windows_XP,leaf:Windows_8_OTHER,leaf:Windows_8_OTHER,leaf:Windows_10|leaf:Windows_8_OTHER|leaf:Windows_XP
9765,fam:Windows,fam:Android,fam:Android|fam:Windows,maj:Windows_8,maj:Windows_8,maj:Android_6|maj:Windows_7|maj:Windows_8|maj:Windows_XP,leaf:Windows_8_OTHER,leaf:Windows_XP,leaf:Android_6_0.0|leaf:Windows_7|leaf:Windows_8_OTHER|leaf:Windows_XP
9766,fam:Windows,fam:Windows,fam:Windows,maj:Windows_8,maj:Windows_8,maj:Windows_10|maj:Windows_7|maj:Windows_8,leaf:Windows_8_OTHER,leaf:Windows_8_1.0,leaf:Windows_10|leaf:Windows_7|leaf:Windows_8_1.0|leaf:Windows_8_OTHER
9767,fam:Windows,fam:Windows,fam:Windows,maj:Windows_8,maj:Windows_8,maj:Windows_8,leaf:Windows_8_OTHER,leaf:Windows_8_OTHER,leaf:Windows_8_OTHER
9768,fam:Windows,fam:Windows,fam:Windows,maj:Windows_8,maj:Windows_8,maj:Windows_8,leaf:Windows_8_OTHER,leaf:Windows_8_OTHER,leaf:Windows_8_OTHER
9769,fam:Windows,fam:Windows,fam:Windows,maj:Windows_8,maj:Windows_8,maj:Windows_8,leaf:Windows_8_OTHER,leaf:Windows_8_OTHER,leaf:Windows_8_OTHER
9772,fam:Windows,fam:Windows,fam:Windows,maj:Windows_8,maj:Windows_8,maj:Windows_10|maj:Windows_7|maj:Windows_8,leaf:Windows_8_OTHER,leaf:Windows_8_1.0,leaf:Windows_10|leaf:Windows_7|leaf:Windows_8_1.0|leaf:Windows_8_OTHER
9774,fam:Windows,fam:Windows,fam:Windows,maj:Windows_8,maj:Windows_8,maj:Windows_10|maj:Windows_7|maj:Windows_8,leaf:Windows_8_OTHER,leaf:Windows_7,leaf:Windows_10|leaf:Windows_7|leaf:Windows_8_1.0|leaf:Windows_8_OTHER
9775,fam:Windows,fam:Windows,fam:Windows,maj:Windows_8,maj:Windows_8,maj:Windows_10|maj:Windows_7|maj:Windows_8,leaf:Windows_8_OTHER,leaf:Windows_7,leaf:Windows_10|leaf:Windows_7|leaf:Windows_8_1.0|leaf:Windows_8_OTHER
9779,fam:Windows,fam:Windows,fam:Windows,maj:Windows_Vista,maj:Windows_Vista,maj:Windows_Vista,leaf:Windows_Vista,leaf:Windows_Vista,leaf:Windows_Vista
9783,fam:Windows,fam:Windows,fam:Windows,maj:Windows_Vista,maj:Windows_Vista,maj:Windows_Vista,leaf:Windows_Vista,leaf:Windows_Vista,leaf:Windows_Vista
9785,fam:Windows,fam:Windows,fam:Windows,maj:Windows_Vista,maj:Windows_Vista,maj:Windows_Vista,leaf:Windows_Vista,leaf:Windows_Vista,leaf:Windows_Vista
9788,fam:Windows,fam:Windows,fam:Windows,maj:Windows_Vista,maj:Windows_Vista,maj:Windows_Vista,leaf:Windows_Vista,leaf:Windows_Vista,leaf:Windows_Vista
9790,fam:Windows,fam:Linux,fam:Linux|fam:Windows|fam:macOS,maj:Windows_Vista,maj:Linux_Ubuntu,maj:Linux_Ubuntu|maj:Windows_Vista|maj:macOS_10,leaf:Windows_Vista,leaf:Windows_Vista,leaf:Linux_Ubuntu|leaf:Windows_Vista|leaf:macOS_10_10.0|leaf:macOS_10_13.0
9793,fam:Windows,fam:Windows,fam:Windows,maj:Windows_Vista,maj:Windows_Vista,maj:Windows_Vista,leaf:Windows_Vista,leaf:Windows_Vista,leaf:Windows_Vista
9794,fam:Windows,fam:Windows,fam:Windows,maj:Windows_Vista,maj:Windows_Vista,maj:Windows_Vista,leaf:Windows_Vista,leaf:Windows_Vista,leaf:Windows_Vista
9796,fam:Windows,fam:Windows,fam:Windows,maj:Windows_Vista,maj:Windows_Vista,maj:Windows_Vista,leaf:Windows_Vista,leaf:Windows_Vista,leaf:Windows_Vista
9797,fam:Windows,fam:Windows,fam:Windows,maj:Windows_Vista,maj:Windows_Vista,maj:Windows_Vista,leaf:Windows_Vista,leaf:Windows_Vista,leaf:Windows_Vista
9799,fam:Windows,fam:Windows,fam:Windows,maj:Windows_Vista,maj:Windows_Vista,maj:Windows_Vista,leaf:Windows_Vista,leaf:Windows_Vista,leaf:Windows_Vista
9800,fam:Windows,fam:Windows,fam:Windows,maj:Windows_Vista,maj:Windows_Vista,maj:Windows_Vista,leaf:Windows_Vista,leaf:Windows_Vista,leaf:Windows_Vista
9802,fam:Windows,fam:Windows,fam:Windows,maj:Windows_Vista,maj:Windows_Vista,maj:Windows_Vista,leaf:Windows_Vista,leaf:Windows_Vista,leaf:Windows_Vista
9803,fam:Windows,fam:Windows,fam:Windows,maj:Windows_Vista,maj:Windows_Vista,maj:Windows_Vista,leaf:Windows_Vista,leaf:Windows_Vista,leaf:Windows_Vista
9805,fam:Windows,fam:Windows,fam:Windows,maj:Windows_Vista,maj:Windows_Vista,maj:Windows_Vista,leaf:Windows_Vista,leaf:Windows_Vista,leaf:Windows_Vista
9809,fam:Windows,fam:Windows,fam:Windows,maj:Windows_Vista,maj:Windows_Vista,maj:Windows_Vista,leaf:Windows_Vista,leaf:Windows_Vista,leaf:Windows_Vista
9810,fam:Windows,fam:Windows,fam:Windows,maj:Windows_Vista,maj:Windows_Vista,maj:Windows_Vista,leaf:Windows_Vista,leaf:Windows_Vista,leaf:Windows_Vista
9811,fam:Windows,fam:macOS,fam:Windows|fam:macOS,maj:Windows_Vista,maj:Windows_8,maj:Windows_10|maj:Windows_7|maj:Windows_8|maj:Windows_Vista|maj:Windows_XP|maj:macOS_10,leaf:Windows_Vista,leaf:macOS_10_10.0,leaf:Windows_10|leaf:Windows_7|leaf:Windows_8_1.0|leaf:Windows_8_OTHER|leaf:Windows_Vista|leaf:Windows_XP|leaf:macOS_10_10.0|leaf:macOS_10_11.0|leaf:macOS_10_13.0|leaf:macOS_10_8.0|leaf:macOS_10_9.0
9813,fam:Windows,fam:Windows,fam:Windows,maj:Windows_Vista,maj:Windows_Vista,maj:Windows_Vista,leaf:Windows_Vista,leaf:Windows_Vista,leaf:Windows_Vista
9814,fam:Windows,fam:Windows,fam:Windows,maj:Windows_Vista,maj:Windows_Vista,maj:Windows_Vista,leaf:Windows_Vista,leaf:Windows_Vista,leaf:Windows_Vista
9816,fam:Windows,fam:Windows,fam:Windows,maj:Windows_Vista,maj:Windows_Vista,maj:Windows_Vista,leaf:Windows_Vista,leaf:Windows_Vista,leaf:Windows_Vista
9817,fam:Windows,fam:Windows,fam:Windows,maj:Windows_Vista,maj:Windows_Vista,maj:Windows_Vista,leaf:Windows_Vista,leaf:Windows_Vista,leaf:Windows_Vista
9819,fam:Windows,fam:Android,fam:Android|fam:Linux|fam:Windows,maj:Windows_XP,maj:Windows_XP,maj:Android_4|maj:Android_6|maj:Linux_OTHER|maj:Windows_XP,leaf:Windows_XP,leaf:Android_6_0.0,leaf:Android_4_2.0|leaf:Android_6_0.0|leaf:Linux_OTHER|leaf:Windows_XP
9820,fam:Windows,fam:Windows,fam:Windows,maj:Windows_XP,maj:Windows_XP,maj:Windows_XP,leaf:Windows_XP,leaf:Windows_XP,leaf:Windows_XP
9824,fam:Windows,fam:Windows,fam:Windows,maj:Windows_XP,maj:Windows_XP,maj:Windows_XP,leaf:Windows_XP,leaf:Windows_XP,leaf:Windows_XP
9826,fam:Windows,fam:Android,fam:Android|fam:Linux|fam:Windows,maj:Windows_XP,maj:Windows_XP,maj:Android_4|maj:Android_6|maj:Linux_OTHER|maj:Windows_XP,leaf:Windows_XP,leaf:Windows_XP,leaf:Android_4_0.0|leaf:Android_4_2.0|leaf:Android_6_0.0|leaf:Linux_OTHER|leaf:Windows_XP
9827,fam:Windows,fam:Android,fam:Android|fam:Linux|fam:Windows,maj:Windows_XP,maj:Android_6,maj:Android_4|maj:Android_6|maj:Linux_OTHER|maj:Windows_XP,leaf:Windows_XP,leaf:Android_6_0.0,leaf:Android_4_2.0|leaf:Android_6_0.0|leaf:Linux_OTHER|leaf:Windows_XP
9828,fam:Windows,fam:Windows,fam:Windows,maj:Windows_XP,maj:Windows_8,maj:Windows_10|maj:Windows_7|maj:Windows_8,leaf:Windows_XP,leaf:Windows_7,leaf:Windows_10|leaf:Windows_7|leaf:Windows_8_1.0|leaf:Windows_8_OTHER
9831,fam:Windows,fam:Android,fam:Android|fam:Linux|fam:Windows,maj:Windows_XP,maj:Windows_XP,maj:Android_6|maj:Linux_OTHER|maj:Windows_XP,leaf:Windows_XP,leaf:Windows_XP,leaf:Android_6_0.0|leaf:Linux_OTHER|leaf:Windows_XP
9836,fam:Windows,fam:Windows,fam:Windows,maj:Windows_XP,maj:Windows_XP,maj:Windows_XP,leaf:Windows_XP,leaf:Windows_XP,leaf:Windows_XP
9838,fam:Windows,fam:Android,fam:Android|fam:Linux|fam:Windows,maj:Windows_XP,maj:Windows_XP,maj:Android_4|maj:Android_6|maj:Linux_OTHER|maj:Windows_8|maj:Windows_XP,leaf:Windows_XP,leaf:Windows_XP,leaf:Android_4_0.0|leaf:Android_4_2.0|leaf:Android_6_0.0|leaf:Linux_OTHER|leaf:Windows_8_OTHER|leaf:Windows_XP
9840,fam:Windows,fam:Android,fam:Android|fam:Linux|fam:Windows,maj:Windows_XP,maj:Android_6,maj:Android_4|maj:Android_6|maj:Linux_OTHER|maj:Windows_XP,leaf:Windows_XP,leaf:Windows_XP,leaf:Android_4_2.0|leaf:Android_6_0.0|leaf:Linux_OTHER|leaf:Windows_XP
9844,fam:Windows,fam:Android,fam:Android|fam:Linux|fam:Windows,maj:Windows_XP,maj:Android_6,maj:Android_4|maj:Android_6|maj:Linux_OTHER|maj:Windows_XP,leaf:Windows_XP,leaf:Android_6_0.0,leaf:Android_4_2.0|leaf:Android_6_0.0|leaf:Linux_OTHER|leaf:Windows_XP
9846,fam:Windows,fam:Android,fam:Android|fam:Linux|fam:Windows,maj:Windows_XP,maj:Android_6,maj:Android_4|maj:Android_6|maj:Linux_OTHER|maj:Windows_XP,leaf:Windows_XP,leaf:Android_6_0.0,leaf:Android_4_2.0|leaf:Android_6_0.0|leaf:Linux_OTHER|leaf:Windows_XP
9847,fam:Windows,fam:Windows,fam:Windows,maj:Windows_XP,maj:Windows_XP,maj:Windows_XP,leaf:Windows_XP,leaf:Windows_XP,leaf:Windows_XP
9849,fam:Windows,fam:Windows,fam:Windows,maj:Windows_XP,maj:Windows_XP,maj:Windows_10|maj:Windows_XP,leaf:Windows_XP,leaf:Windows_XP,leaf:Windows_10|leaf:Windows_XP
9851,fam:Windows,fam:Windows,fam:Windows,maj:Windows_XP,maj:Windows_XP,maj:Windows_XP,leaf:Windows_XP,leaf:Windows_XP,leaf:Windows_XP
9853,fam:Windows,fam:Android,fam:Android|fam:Linux|fam:Windows,maj:Windows_XP,maj:Android_6,maj:Android_4|maj:Android_6|maj:Linux_OTHER|maj:Windows_XP,leaf:Windows_XP,leaf:Android_6_0.0,leaf:Android_4_2.0|leaf:Android_6_0.0|leaf:Linux_OTHER|leaf:Windows_XP
9855,fam:Windows,fam:Android,fam:Android|fam:Linux|fam:Windows,maj:Windows_XP,maj:Android_6,maj:Android_4|maj:Android_6|maj:Linux_OTHER|maj:Windows_8|maj:Windows_XP,leaf:Windows_XP,leaf:Windows_XP,leaf:Android_4_2.0|leaf:Android_6_0.0|leaf:Linux_OTHER|leaf:Windows_8_OTHER|leaf:Windows_XP
9859,fam:Windows,fam:Android,fam:Android|fam:Linux|fam:Windows,maj:Windows_XP,maj:Android_6,maj:Android_4|maj:Android_6|maj:Linux_OTHER|maj:Windows_XP,leaf:Windows_XP,leaf:Android_6_0.0,leaf:Android_4_2.0|leaf:Android_6_0.0|leaf:Linux_OTHER|leaf:Windows_XP
9860,fam:Windows,fam:Android,fam:Android|fam:Linux|fam:Windows,maj:Windows_XP,maj:Android_6,maj:Android_4|maj:Android_6|maj:Linux_OTHER|maj:Windows_XP,leaf:Windows_XP,leaf:Android_6_0.0,leaf:Android_4_0.0|leaf:Android_4_2.0|leaf:Android_6_0.0|leaf:Linux_OTHER|leaf:Windows_XP
9861,fam:Windows,fam:Windows,fam:Android|fam:Windows,maj:Windows_XP,maj:Windows_XP,maj:Android_5|maj:Windows_10|maj:Windows_7|maj:Windows_8|maj:Windows_XP,leaf:Windows_XP,leaf:Windows_XP,leaf:Android_5_1.0|leaf:Windows_10|leaf:Windows_7|leaf:Windows_8_OTHER|leaf:Windows_XP
9863,fam:Windows,fam:Android,fam:Android|fam:Linux|fam:Windows,maj:Windows_XP,maj:Windows_XP,maj:Android_6|maj:Linux_OTHER|maj:Windows_8|maj:Windows_XP,leaf:Windows_XP,leaf:Windows_XP,leaf:Android_6_0.0|leaf:Linux_OTHER|leaf:Windows_8_OTHER|leaf:Windows_XP
9865,fam:Windows,fam:Android,fam:Android|fam:Linux|fam:Windows,maj:Windows_XP,maj:Android_6,maj:Android_4|maj:Android_6|maj:Linux_OTHER|maj:Windows_XP,leaf:Windows_XP,leaf:Android_6_0.0,leaf:Android_4_2.0|leaf:Android_6_0.0|leaf:Linux_OTHER|leaf:Windows_XP
9866,fam:Windows,fam:Android,fam:Android|fam:Windows,maj:Windows_XP,maj:Windows_XP,maj:Android_6|maj:Windows_XP,leaf:Windows_XP,leaf:Windows_XP,leaf:Android_6_0.0|leaf:Windows_XP
9867,fam:Windows,fam:Android,fam:Android|fam:Linux|fam:Windows,maj:Windows_XP,maj:Android_6,maj:Android_4|maj:Android_6|maj:Linux_OTHER|maj:Windows_XP,leaf:Windows_XP,leaf:Android_6_0.0,leaf:Android_4_2.0|leaf:Android_6_0.0|leaf:Linux_OTHER|leaf:Windows_XP
9868,fam:Windows,fam:Android,fam:Android|fam:Linux|fam:Windows,maj:Windows_XP,maj:Android_6,maj:Android_6|maj:Linux_OTHER|maj:Windows_XP,leaf:Windows_XP,leaf:Windows_XP,leaf:Android_6_0.0|leaf:Linux_OTHER|leaf:Windows_XP
9869,fam:Windows,fam:Windows,fam:Windows,maj:Windows_XP,maj:Windows_XP,maj:Windows_10|maj:Windows_7|maj:Windows_XP,leaf:Windows_XP,leaf:Windows_XP,leaf:Windows_10|leaf:Windows_7|leaf:Windows_XP
9871,fam:Windows,fam:Android,fam:Android|fam:Linux|fam:Windows,maj:Windows_XP,maj:Android_6,maj:Android_4|maj:Android_6|maj:Linux_OTHER|maj:Windows_XP,leaf:Windows_XP,leaf:Android_6_0.0,leaf:Android_4_2.0|leaf:Android_6_0.0|leaf:Linux_OTHER|leaf:Windows_XP
9872,fam:Windows,fam:Windows,fam:Android|fam:Windows,maj:Windows_XP,maj:Android_8,maj:Android_OTHER|maj:Windows_7|maj:Windows_XP,leaf:Windows_XP,leaf:Windows_7,leaf:Android_OTHER|leaf:Windows_7|leaf:Windows_XP
9873,fam:Windows,fam:Android,fam:Android|fam:Linux|fam:Windows,maj:Windows_XP,maj:Android_6,maj:Android_4|maj:Android_6|maj:Linux_OTHER|maj:Windows_XP,leaf:Windows_XP,leaf:Android_6_0.0,leaf:Android_4_2.0|leaf:Android_6_0.0|leaf:Linux_OTHER|leaf:Windows_XP
9874,fam:Windows,fam:Windows,fam:Windows,maj:Windows_XP,maj:Windows_XP,maj:Windows_XP,leaf:Windows_XP,leaf:Windows_XP,leaf:Windows_XP
9877,fam:Windows,fam:Android,fam:Android|fam:Linux|fam:Windows,maj:Windows_XP,maj:Windows_XP,maj:Android_4|maj:Android_6|maj:Linux_OTHER|maj:Windows_8|maj:Windows_XP,leaf:Windows_XP,leaf:Windows_XP,leaf:Android_4_2.0|leaf:Android_6_0.0|leaf:Linux_OTHER|leaf:Windows_8_OTHER|leaf:Windows_XP
9878,fam:Windows,fam:Android,fam:Android|fam:Linux|fam:Windows,maj:Windows_XP,maj:Windows_XP,maj:Android_4|maj:Android_6|maj:Linux_OTHER|maj:Windows_XP,leaf:Windows_XP,leaf:Windows_XP,leaf:Android_4_2.0|leaf:Android_6_0.0|leaf:Linux_OTHER|leaf:Windows_XP
9881,fam:Windows,fam:Windows,fam:Windows,maj:Windows_XP,maj:Windows_XP,maj:Windows_10|maj:Windows_XP,leaf:Windows_XP,leaf:Windows_XP,leaf:Windows_10|leaf:Windows_XP
9883,fam:Windows,fam:Android,fam:Android|fam:Linux|fam:Windows,maj:Windows_XP,maj:Windows_XP,maj:Android_6|maj:Linux_OTHER|maj:Windows_XP,leaf:Windows_XP,leaf:Windows_XP,leaf:Android_6_0.0|leaf:Linux_OTHER|leaf:Windows_XP
9884,fam:Windows,fam:Android,fam:Android|fam:Linux|fam:Windows,maj:Windows_XP,maj:Android_6,maj:Android_4|maj:Android_6|maj:Linux_OTHER|maj:Windows_XP,leaf:Windows_XP,leaf:Android_6_0.0,leaf:Android_4_2.0|leaf:Android_6_0.0|leaf:Linux_OTHER|leaf:Windows_XP
9885,fam:Windows,fam:Android,fam:Android|fam:Linux|fam:Windows,maj:Windows_XP,maj:Android_6,maj:Android_4|maj:Android_6|maj:Linux_OTHER|maj:Windows_XP,leaf:Windows_XP,leaf:Android_6_0.0,leaf:Android_4_2.0|leaf:Android_6_0.0|leaf:Linux_OTHER|leaf:Windows_XP
9886,fam:Windows,fam:Android,fam:Android|fam:Linux|fam:Windows,maj:Windows_XP,maj:Android_6,maj:Android_4|maj:Android_6|maj:Linux_OTHER|maj:Windows_XP,leaf:Windows_XP,leaf:Android_6_0.0,leaf:Android_4_2.0|leaf:Android_6_0.0|leaf:Linux_OTHER|leaf:Windows_XP
9892,fam:Windows,fam:Android,fam:Android|fam:Linux|fam:Windows,maj:Windows_XP,maj:Android_6,maj:Android_4|maj:Android_6|maj:Linux_OTHER|maj:Windows_XP,leaf:Windows_XP,leaf:Android_6_0.0,leaf:Android_4_2.0|leaf:Android_6_0.0|leaf:Linux_OTHER|leaf:Windows_XP
9894,fam:Windows,fam:Windows,fam:Windows,maj:Windows_XP,maj:Windows_XP,maj:Windows_XP,leaf:Windows_XP,leaf:Windows_XP,leaf:Windows_XP
9896,fam:Windows,fam:Android,fam:Android|fam:Linux|fam:Windows,maj:Windows_XP,maj:Android_6,maj:Android_4|maj:Android_6|maj:Linux_OTHER|maj:Windows_XP,leaf:Windows_XP,leaf:Android_6_0.0,leaf:Android_4_2.0|leaf:Android_6_0.0|leaf:Linux_OTHER|leaf:Windows_XP
9902,fam:Windows,fam:Android,fam:Android|fam:Linux|fam:Windows,maj:Windows_XP,maj:Windows_XP,maj:Android_4|maj:Android_6|maj:Linux_OTHER|maj:Windows_8|maj:Windows_XP,leaf:Windows_XP,leaf:Windows_XP,leaf:Android_4_2.0|leaf:Android_6_0.0|leaf:Linux_OTHER|leaf:Windows_8_OTHER|leaf:Windows_XP
9903,fam:Windows,fam:Windows,fam:Windows|fam:macOS,maj:Windows_XP,maj:Windows_8,maj:Windows_10|maj:Windows_7|maj:Windows_8|maj:macOS_10,leaf:Windows_XP,leaf:Windows_7,leaf:Windows_10|leaf:Windows_7|leaf:Windows_8_1.0|leaf:macOS_10_13.0|leaf:macOS_10_8.0
9907,fam:Windows,fam:Android,fam:Android|fam:Linux|fam:Windows,maj:Windows_XP,maj:Windows_8,maj:Android_4|maj:Android_6|maj:Linux_OTHER|maj:Windows_8|maj:Windows_XP,leaf:Windows_XP,leaf:Windows_XP,leaf:Android_4_2.0|leaf:Android_6_0.0|leaf:Linux_OTHER|leaf:Windows_8_OTHER|leaf:Windows_XP
9908,fam:Windows,fam:Android,fam:Android|fam:Linux|fam:Windows,maj:Windows_XP,maj:Windows_XP,maj:Android_6|maj:Linux_OTHER|maj:Windows_XP,leaf:Windows_XP,leaf:Windows_XP,leaf:Android_6_0.0|leaf:Linux_OTHER|leaf:Windows_XP
9910,fam:Windows,fam:Windows,fam:Windows,maj:Windows_XP,maj:Windows_XP,maj:Windows_XP,leaf:Windows_XP,leaf:Windows_XP,leaf:Windows_XP
9911,fam:Windows,fam:Android,fam:Android|fam:Linux|fam:Windows,maj:Windows_XP,maj:Android_6,maj:Android_4|maj:Android_6|maj:Linux_OTHER|maj:Windows_XP,leaf:Windows_XP,leaf:Android_6_0.0,leaf:Android_4_2.0|leaf:Android_6_0.0|leaf:Linux_OTHER|leaf:Windows_XP
9916,fam:Windows,fam:Windows,fam:Windows,maj:Windows_XP,maj:Windows_XP,maj:Windows_XP,leaf:Windows_XP,leaf:Windows_XP,leaf:Windows_XP
9917,fam:Windows,fam:Android,fam:Android|fam:Linux|fam:Windows,maj:Windows_XP,maj:Android_6,maj:Android_4|maj:Android_6|maj:Linux_OTHER|maj:Windows_XP,leaf:Windows_XP,leaf:Android_6_0.0,leaf:Android_4_2.0|leaf:Android_6_0.0|leaf:Linux_OTHER|leaf:Windows_XP
9918,fam:Windows,fam:Android,fam:Android|fam:Linux|fam:Windows,maj:Windows_XP,maj:Windows_XP,maj:Android_6|maj:Linux_OTHER|maj:Windows_XP,leaf:Windows_XP,leaf:Windows_XP,leaf:Android_6_0.0|leaf:Linux_OTHER|leaf:Windows_XP
9920,fam:Windows,fam:Android,fam:Android|fam:Linux|fam:Windows,maj:Windows_XP,maj:Android_6,maj:Android_4|maj:Android_6|maj:Linux_OTHER|maj:Windows_XP,leaf:Windows_XP,leaf:Android_6_0.0,leaf:Android_4_2.0|leaf:Android_6_0.0|leaf:Linux_OTHER|leaf:Windows_XP
9921,fam:Windows,fam:Android,fam:Android|fam:Linux|fam:Windows,maj:Windows_XP,maj:Android_6,maj:Android_4|maj:Android_6|maj:Linux_OTHER|maj:Windows_XP,leaf:Windows_XP,leaf:Windows_XP,leaf:Android_4_2.0|leaf:Android_6_0.0|leaf:Linux_OTHER|leaf:Windows_XP
9922,fam:Windows,fam:Android,fam:Android|fam:Linux|fam:Windows,maj:Windows_XP,maj:Android_6,maj:Android_4|maj:Android_6|maj:Linux_OTHER|maj:Windows_XP,leaf:Windows_XP,leaf:Android_6_0.0,leaf:Android_4_2.0|leaf:Android_6_0.0|leaf:Linux_OTHER|leaf:Windows_XP
9923,fam:Windows,fam:Linux,fam:Linux|fam:Windows,maj:Windows_XP,maj:Windows_XP,maj:Linux_OTHER|maj:Windows_7|maj:Windows_XP,leaf:Windows_XP,leaf:Windows_XP,leaf:Linux_OTHER|leaf:Windows_7|leaf:Windows_XP
9924,fam:Windows,fam:Windows,fam:Windows,maj:Windows_XP,maj:Windows_XP,maj:Windows_XP,leaf:Windows_XP,leaf:Windows_XP,leaf:Windows_XP
9928,fam:Windows,fam:Android,fam:Android|fam:Linux|fam:Windows,maj:Windows_XP,maj:Android_6,maj:Android_4|maj:Android_6|maj:Linux_OTHER|maj:Windows_XP,leaf:Windows_XP,leaf:Windows_XP,leaf:Android_4_2.0|leaf:Android_6_0.0|leaf:Linux_OTHER|leaf:Windows_XP
9930,fam:Windows,fam:Android,fam:Android|fam:Linux|fam:Windows,maj:Windows_XP,maj:Android_6,maj:Android_4|maj:Android_6|maj:Linux_OTHER|maj:Windows_XP,leaf:Windows_XP,leaf:Android_6_0.0,leaf:Android_4_2.0|leaf:Android_6_0.0|leaf:Linux_OTHER|leaf:Windows_XP
9931,fam:Windows,fam:Android,fam:Android|fam:Linux|fam:Windows,maj:Windows_XP,maj:Android_6,maj:Android_4|maj:Android_6|maj:Linux_OTHER|maj:Windows_XP,leaf:Windows_XP,leaf:Android_6_0.0,leaf:Android_4_2.0|leaf:Android_6_0.0|leaf:Linux_OTHER|leaf:Windows_XP
9933,fam:iOS,fam:macOS,fam:iOS|fam:macOS,maj:iOS_10,maj:macOS_10,maj:iOS_10|maj:macOS_10,leaf:iOS_10_0.0,leaf:macOS_10_12.0,leaf:iOS_10_0.0|leaf:iOS_10_2.0|leaf:macOS_10_11.0|leaf:macOS_10_12.0
9935,fam:iOS,fam:iOS,fam:iOS,maj:iOS_10,maj:iOS_10,maj:iOS_10,leaf:iOS_10_2.0,leaf:iOS_10_2.0,leaf:iOS_10_2.0
9939,fam:iOS,fam:iOS,fam:iOS,maj:iOS_10,maj:iOS_10,maj:iOS_10,leaf:iOS_10_3.0,leaf:iOS_10_3.0,leaf:iOS_10_3.0
9940,fam:iOS,fam:iOS,fam:iOS,maj:iOS_10,maj:iOS_10,maj:iOS_10,leaf:iOS_10_3.0,leaf:iOS_10_3.0,leaf:iOS_10_3.0
9943,fam:iOS,fam:iOS,fam:iOS,maj:iOS_10,maj:iOS_10,maj:iOS_10,leaf:iOS_10_3.0,leaf:iOS_10_3.0,leaf:iOS_10_3.0
9944,fam:iOS,fam:iOS,fam:iOS,maj:iOS_10,maj:iOS_10,maj:iOS_10,leaf:iOS_10_3.0,leaf:iOS_10_3.0,leaf:iOS_10_3.0
9947,fam:iOS,fam:iOS,fam:iOS,maj:iOS_10,maj:iOS_10,maj:iOS_10,leaf:iOS_10_3.0,leaf:iOS_10_3.0,leaf:iOS_10_3.0
9948,fam:iOS,fam:iOS,fam:Linux|fam:iOS,maj:iOS_10,maj:iOS_10,maj:Linux_OTHER|maj:Linux_Ubuntu|maj:iOS_10,leaf:iOS_10_3.0,leaf:iOS_10_3.0,leaf:Linux_OTHER|leaf:Linux_Ubuntu|leaf:iOS_10_3.0
9949,fam:iOS,fam:iOS,fam:iOS,maj:iOS_10,maj:iOS_10,maj:iOS_10,leaf:iOS_10_3.0,leaf:iOS_10_3.0,leaf:iOS_10_3.0
9951,fam:iOS,fam:iOS,fam:iOS,maj:iOS_10,maj:iOS_10,maj:iOS_10,leaf:iOS_10_3.0,leaf:iOS_10_3.0,leaf:iOS_10_3.0
9953,fam:iOS,fam:iOS,fam:iOS,maj:iOS_10,maj:iOS_10,maj:iOS_10,leaf:iOS_10_3.0,leaf:iOS_10_3.0,leaf:iOS_10_3.0
9955,fam:iOS,fam:iOS,fam:iOS,maj:iOS_10,maj:iOS_10,maj:iOS_10,leaf:iOS_10_3.0,leaf:iOS_10_3.0,leaf:iOS_10_3.0
9957,fam:iOS,fam:iOS,fam:iOS,maj:iOS_10,maj:iOS_10,maj:iOS_10,leaf:iOS_10_3.0,leaf:iOS_10_3.0,leaf:iOS_10_3.0
9959,fam:iOS,fam:iOS,fam:iOS,maj:iOS_10,maj:iOS_10,maj:iOS_10,leaf:iOS_10_3.0,leaf:iOS_10_3.0,leaf:iOS_10_3.0
9964,fam:iOS,fam:iOS,fam:iOS,maj:iOS_10,maj:iOS_10,maj:iOS_10,leaf:iOS_10_3.0,leaf:iOS_10_3.0,leaf:iOS_10_3.0
9967,fam:iOS,fam:iOS,fam:iOS,maj:iOS_10,maj:iOS_10,maj:iOS_10,leaf:iOS_10_3.0,leaf:iOS_10_3.0,leaf:iOS_10_3.0
9969,fam:iOS,fam:iOS,fam:iOS,maj:iOS_10,maj:iOS_10,maj:iOS_10,leaf:iOS_10_3.0,leaf:iOS_10_3.0,leaf:iOS_10_3.0
9973,fam:iOS,fam:iOS,fam:iOS,maj:iOS_10,maj:iOS_10,maj:iOS_10,leaf:iOS_10_3.0,leaf:iOS_10_3.0,leaf:iOS_10_3.0
9975,fam:iOS,fam:iOS,fam:iOS,maj:iOS_10,maj:iOS_10,maj:iOS_10,leaf:iOS_10_3.0,leaf:iOS_10_3.0,leaf:iOS_10_3.0
9976,fam:iOS,fam:iOS,fam:iOS,maj:iOS_10,maj:iOS_10,maj:iOS_10,leaf:iOS_10_3.0,leaf:iOS_10_3.0,leaf:iOS_10_3.0
9977,fam:iOS,fam:iOS,fam:iOS,maj:iOS_10,maj:iOS_10,maj:iOS_10,leaf:iOS_10_3.0,leaf:iOS_10_3.0,leaf:iOS_10_3.0
9978,fam:iOS,fam:iOS,fam:iOS,maj:iOS_10,maj:iOS_10,maj:iOS_10,leaf:iOS_10_3.0,leaf:iOS_10_3.0,leaf:iOS_10_3.0
9979,fam:iOS,fam:iOS,fam:iOS,maj:iOS_10,maj:iOS_10,maj:iOS_10,leaf:iOS_10_3.0,leaf:iOS_10_3.0,leaf:iOS_10_3.0
9981,fam:iOS,fam:iOS,fam:iOS,maj:iOS_10,maj:iOS_10,maj:iOS_10,leaf:iOS_10_3.0,leaf:iOS_10_3.0,leaf:iOS_10_3.0
9983,fam:iOS,fam:iOS,fam:iOS,maj:iOS_10,maj:iOS_10,maj:iOS_10,leaf:iOS_10_3.0,leaf:iOS_10_3.0,leaf:iOS_10_3.0
9984,fam:iOS,fam:iOS,fam:iOS,maj:iOS_10,maj:iOS_10,maj:iOS_10,leaf:iOS_10_3.0,leaf:iOS_10_3.0,leaf:iOS_10_3.0
9987,fam:iOS,fam:iOS,fam:iOS,maj:iOS_10,maj:iOS_10,maj:iOS_10,leaf:iOS_10_3.0,leaf:iOS_10_3.0,leaf:iOS_10_3.0
9991,fam:iOS,fam:iOS,fam:iOS,maj:iOS_10,maj:iOS_10,maj:iOS_10,leaf:iOS_10_3.0,leaf:iOS_10_3.0,leaf:iOS_10_3.0
9992,fam:iOS,fam:iOS,fam:iOS,maj:iOS_10,maj:iOS_10,maj:iOS_10,leaf:iOS_10_3.0,leaf:iOS_10_3.0,leaf:iOS_10_3.0
9993,fam:iOS,fam:iOS,fam:iOS,maj:iOS_10,maj:iOS_10,maj:iOS_10,leaf:iOS_10_3.0,leaf:iOS_10_3.0,leaf:iOS_10_3.0
9995,fam:iOS,fam:iOS,fam:iOS,maj:iOS_10,maj:iOS_10,maj:iOS_10,leaf:iOS_10_3.0,leaf:iOS_10_3.0,leaf:iOS_10_3.0
9997,fam:iOS,fam:iOS,fam:iOS,maj:iOS_10,maj:iOS_10,maj:iOS_10,leaf:iOS_10_3.0,leaf:iOS_10_3.0,leaf:iOS_10_3.0
9998,fam:iOS,fam:iOS,fam:iOS,maj:iOS_10,maj:iOS_10,maj:iOS_10,leaf:iOS_10_3.0,leaf:iOS_10_3.0,leaf:iOS_10_3.0
10000,fam:iOS,fam:Linux,fam:Android|fam:Linux|fam:iOS,maj:iOS_11,maj:Android_8,maj:Android_4|maj:Android_6|maj:Android_7|maj:Android_8|maj:Linux_OTHER|maj:Linux_Ubuntu|maj:iOS_11,leaf:iOS_11_0.0,leaf:Android_8_1.0,leaf:Android_4_4.0|leaf:Android_6_0.0|leaf:Android_7_0.0|leaf:Android_7_1.0|leaf:Android_8_1.0|leaf:Linux_OTHER|leaf:Linux_Ubuntu|leaf:iOS_11_0.0
10001,fam:iOS,fam:iOS,fam:iOS,maj:iOS_11,maj:iOS_11,maj:iOS_11,leaf:iOS_11_2.0,leaf:iOS_11_2.0,leaf:iOS_11_2.0
10005,fam:iOS,fam:iOS,fam:Android|fam:Windows|fam:iOS|fam:macOS,maj:iOS_11,maj:iOS_11,maj:Android_6|maj:Windows_XP|maj:iOS_11|maj:iOS_12|maj:macOS_10,leaf:iOS_11_2.0,leaf:macOS_10_14.0,leaf:Android_6_0.0|leaf:Windows_XP|leaf:iOS_11_2.0|leaf:iOS_11_4.0|leaf:iOS_12_0.0|leaf:macOS_10_13.0|leaf:macOS_10_14.0|leaf:macOS_10_15.0
10007,fam:iOS,fam:iOS,fam:iOS,maj:iOS_11,maj:iOS_11,maj:iOS_11,leaf:iOS_11_2.0,leaf:iOS_11_2.0,leaf:iOS_11_2.0
10008,fam:iOS,fam:iOS,fam:iOS|fam:macOS,maj:iOS_11,maj:iOS_11,maj:iOS_11|maj:macOS_10,leaf:iOS_11_4.0,leaf:iOS_11_4.0,leaf:iOS_11_4.0|leaf:macOS_10_14.0
10010,fam:iOS,fam:iOS,fam:iOS,maj:iOS_11,maj:iOS_11,maj:iOS_11,leaf:iOS_11_4.0,leaf:iOS_11_4.0,leaf:iOS_11_4.0
10012,fam:iOS,fam:iOS,fam:iOS|fam:macOS,maj:iOS_11,maj:iOS_11,maj:iOS_11|maj:macOS_10,leaf:iOS_11_4.0,leaf:iOS_11_4.0,leaf:iOS_11_4.0|leaf:macOS_10_14.0
10015,fam:iOS,fam:iOS,fam:iOS|fam:macOS,maj:iOS_11,maj:iOS_11,maj:iOS_11|maj:macOS_10,leaf:iOS_11_4.0,leaf:iOS_11_4.0,leaf:iOS_11_4.0|leaf:macOS_10_14.0
10016,fam:iOS,fam:iOS,fam:iOS|fam:macOS,maj:iOS_11,maj:iOS_11,maj:iOS_11|maj:macOS_10,leaf:iOS_11_4.0,leaf:iOS_11_4.0,leaf:iOS_11_4.0|leaf:macOS_10_14.0
10021,fam:iOS,fam:iOS,fam:iOS|fam:macOS,maj:iOS_12,maj:macOS_10,maj:iOS_11|maj:iOS_12|maj:macOS_10,leaf:iOS_12_0.0,leaf:iOS_11_4.0,leaf:iOS_11_4.0|leaf:iOS_12_0.0|leaf:macOS_10_14.0
10022,fam:iOS,fam:iOS,fam:iOS,maj:iOS_12,maj:iOS_12,maj:iOS_12,leaf:iOS_12_0.0,leaf:iOS_12_1.0,leaf:iOS_12_0.0|leaf:iOS_12_1.0
10023,fam:iOS,fam:iOS,fam:iOS,maj:iOS_12,maj:iOS_12,maj:iOS_12,leaf:iOS_12_1.0,leaf:iOS_12_1.0,leaf:iOS_12_1.0
10026,fam:iOS,fam:iOS,fam:iOS,maj:iOS_12,maj:iOS_12,maj:iOS_12,leaf:iOS_12_1.0,leaf:iOS_12_1.0,leaf:iOS_12_0.0|leaf:iOS_12_1.0
10027,fam:iOS,fam:iOS,fam:iOS,maj:iOS_12,maj:iOS_12,maj:iOS_12,leaf:iOS_12_1.0,leaf:iOS_12_1.0,leaf:iOS_12_0.0|leaf:iOS_12_1.0
10028,fam:iOS,fam:iOS,fam:iOS,maj:iOS_12,maj:iOS_12,maj:iOS_12,leaf:iOS_12_1.0,leaf:iOS_12_1.0,leaf:iOS_12_1.0
10031,fam:iOS,fam:iOS,fam:iOS,maj:iOS_12,maj:iOS_12,maj:iOS_12,leaf:iOS_12_1.0,leaf:iOS_12_1.0,leaf:iOS_12_0.0|leaf:iOS_12_1.0
10033,fam:iOS,fam:iOS,fam:iOS,maj:iOS_12,maj:iOS_12,maj:iOS_12,leaf:iOS_12_2.0,leaf:iOS_12_4.0,leaf:iOS_12_2.0|leaf:iOS_12_4.0
10036,fam:iOS,fam:iOS,fam:iOS,maj:iOS_12,maj:iOS_12,maj:iOS_12,leaf:iOS_12_2.0,leaf:iOS_12_4.0,leaf:iOS_12_3.0|leaf:iOS_12_4.0
10039,fam:iOS,fam:iOS,fam:iOS,maj:iOS_12,maj:iOS_12,maj:iOS_12,leaf:iOS_12_3.0,leaf:iOS_12_3.0,leaf:iOS_12_3.0|leaf:iOS_12_4.0
10043,fam:iOS,fam:iOS,fam:iOS,maj:iOS_12,maj:iOS_12,maj:iOS_12,leaf:iOS_12_3.0,leaf:iOS_12_4.0,leaf:iOS_12_3.0|leaf:iOS_12_4.0|leaf:iOS_12_OTHER
10044,fam:iOS,fam:iOS,fam:iOS,maj:iOS_12,maj:iOS_12,maj:iOS_12,leaf:iOS_12_3.0,leaf:iOS_12_4.0,leaf:iOS_12_2.0|leaf:iOS_12_3.0|leaf:iOS_12_4.0
10045,fam:iOS,fam:iOS,fam:iOS,maj:iOS_12,maj:iOS_12,maj:iOS_12,leaf:iOS_12_3.0,leaf:iOS_12_4.0,leaf:iOS_12_2.0|leaf:iOS_12_3.0|leaf:iOS_12_4.0
10046,fam:iOS,fam:iOS,fam:iOS,maj:iOS_12,maj:iOS_12,maj:iOS_12,leaf:iOS_12_3.0,leaf:iOS_12_4.0,leaf:iOS_12_2.0|leaf:iOS_12_3.0|leaf:iOS_12_4.0
10048,fam:iOS,fam:iOS,fam:iOS,maj:iOS_12,maj:iOS_12,maj:iOS_12,leaf:iOS_12_3.0,leaf:iOS_12_4.0,leaf:iOS_12_2.0|leaf:iOS_12_3.0|leaf:iOS_12_4.0
10050,fam:iOS,fam:iOS,fam:iOS,maj:iOS_12,maj:iOS_12,maj:iOS_12,leaf:iOS_12_4.0,leaf:iOS_12_4.0,leaf:iOS_12_2.0|leaf:iOS_12_3.0|leaf:iOS_12_4.0|leaf:iOS_12_OTHER
10052,fam:iOS,fam:iOS,fam:iOS,maj:iOS_12,maj:iOS_12,maj:iOS_12,leaf:iOS_12_4.0,leaf:iOS_12_4.0,leaf:iOS_12_2.0|leaf:iOS_12_3.0|leaf:iOS_12_4.0
10054,fam:iOS,fam:iOS,fam:iOS,maj:iOS_12,maj:iOS_12,maj:iOS_12,leaf:iOS_12_4.0,leaf:iOS_12_4.0,leaf:iOS_12_3.0|leaf:iOS_12_4.0
10055,fam:iOS,fam:iOS,fam:iOS,maj:iOS_12,maj:iOS_12,maj:iOS_12,leaf:iOS_12_4.0,leaf:iOS_12_4.0,leaf:iOS_12_2.0|leaf:iOS_12_4.0
10056,fam:iOS,fam:iOS,fam:iOS,maj:iOS_12,maj:iOS_12,maj:iOS_12,leaf:iOS_12_4.0,leaf:iOS_12_4.0,leaf:iOS_12_3.0|leaf:iOS_12_4.0|leaf:iOS_12_OTHER
10057,fam:iOS,fam:iOS,fam:iOS,maj:iOS_12,maj:iOS_12,maj:iOS_12,leaf:iOS_12_4.0,leaf:iOS_12_4.0,leaf:iOS_12_2.0|leaf:iOS_12_4.0
10058,fam:iOS,fam:iOS,fam:iOS|fam:macOS,maj:iOS_12,maj:iOS_12,maj:iOS_12|maj:macOS_10,leaf:iOS_12_4.0,leaf:iOS_12_4.0,leaf:iOS_12_3.0|leaf:iOS_12_4.0|leaf:iOS_12_OTHER|leaf:macOS_10_14.0
10060,fam:iOS,fam:iOS,fam:iOS,maj:iOS_12,maj:iOS_12,maj:iOS_12,leaf:iOS_12_4.0,leaf:iOS_12_4.0,leaf:iOS_12_2.0|leaf:iOS_12_3.0|leaf:iOS_12_4.0
10061,fam:iOS,fam:iOS,fam:iOS,maj:iOS_12,maj:iOS_12,maj:iOS_12,leaf:iOS_12_4.0,leaf:iOS_12_4.0,leaf:iOS_12_2.0|leaf:iOS_12_4.0
10062,fam:iOS,fam:iOS,fam:iOS,maj:iOS_12,maj:iOS_12,maj:iOS_12,leaf:iOS_12_4.0,leaf:iOS_12_4.0,leaf:iOS_12_2.0|leaf:iOS_12_3.0|leaf:iOS_12_4.0
10063,fam:iOS,fam:iOS,fam:iOS,maj:iOS_12,maj:iOS_12,maj:iOS_12,leaf:iOS_12_4.0,leaf:iOS_12_4.0,leaf:iOS_12_2.0|leaf:iOS_12_3.0|leaf:iOS_12_4.0
10064,fam:iOS,fam:iOS,fam:iOS|fam:macOS,maj:iOS_12,maj:iOS_12,maj:iOS_12|maj:macOS_10,leaf:iOS_12_4.0,leaf:iOS_12_4.0,leaf:iOS_12_2.0|leaf:iOS_12_3.0|leaf:iOS_12_4.0|leaf:macOS_10_14.0
10068,fam:iOS,fam:iOS,fam:iOS,maj:iOS_12,maj:iOS_12,maj:iOS_12,leaf:iOS_12_4.0,leaf:iOS_12_4.0,leaf:iOS_12_2.0|leaf:iOS_12_3.0|leaf:iOS_12_4.0
10069,fam:iOS,fam:iOS,fam:iOS,maj:iOS_12,maj:iOS_12,maj:iOS_12,leaf:iOS_12_4.0,leaf:iOS_12_4.0,leaf:iOS_12_2.0|leaf:iOS_12_3.0|leaf:iOS_12_4.0
10075,fam:iOS,fam:iOS,fam:iOS,maj:iOS_12,maj:iOS_12,maj:iOS_12,leaf:iOS_12_4.0,leaf:iOS_12_4.0,leaf:iOS_12_3.0|leaf:iOS_12_4.0
10083,fam:iOS,fam:iOS,fam:iOS,maj:iOS_12,maj:iOS_12,maj:iOS_12,leaf:iOS_12_4.0,leaf:iOS_12_4.0,leaf:iOS_12_2.0|leaf:iOS_12_3.0|leaf:iOS_12_4.0|leaf:iOS_12_OTHER
10084,fam:iOS,fam:iOS,fam:iOS,maj:iOS_12,maj:iOS_12,maj:iOS_12,leaf:iOS_12_4.0,leaf:iOS_12_4.0,leaf:iOS_12_2.0|leaf:iOS_12_3.0|leaf:iOS_12_4.0
10085,fam:iOS,fam:iOS,fam:iOS,maj:iOS_12,maj:iOS_12,maj:iOS_12,leaf:iOS_12_4.0,leaf:iOS_12_4.0,leaf:iOS_12_2.0|leaf:iOS_12_3.0|leaf:iOS_12_4.0
10086,fam:iOS,fam:iOS,fam:iOS|fam:macOS,maj:iOS_12,maj:iOS_12,maj:iOS_12|maj:macOS_10,leaf:iOS_12_4.0,leaf:iOS_12_4.0,leaf:iOS_12_3.0|leaf:iOS_12_4.0|leaf:iOS_12_OTHER|leaf:macOS_10_11.0
10089,fam:iOS,fam:iOS,fam:iOS,maj:iOS_12,maj:iOS_12,maj:iOS_12,leaf:iOS_12_4.0,leaf:iOS_12_4.0,leaf:iOS_12_3.0|leaf:iOS_12_4.0|leaf:iOS_12_OTHER
10091,fam:iOS,fam:iOS,fam:iOS,maj:iOS_12,maj:iOS_12,maj:iOS_12,leaf:iOS_12_4.0,leaf:iOS_12_4.0,leaf:iOS_12_3.0|leaf:iOS_12_4.0|leaf:iOS_12_OTHER
10093,fam:iOS,fam:iOS,fam:iOS,maj:iOS_12,maj:iOS_12,maj:iOS_12,leaf:iOS_12_4.0,leaf:iOS_12_4.0,leaf:iOS_12_3.0|leaf:iOS_12_4.0
10098,fam:iOS,fam:iOS,fam:Android|fam:Windows|fam:iOS|fam:macOS,maj:iOS_12,maj:iOS_12,maj:Android_4|maj:Android_7|maj:Windows_7|maj:Windows_8|maj:iOS_12|maj:macOS_10,leaf:iOS_12_4.0,leaf:iOS_12_4.0,leaf:Android_4_1.0|leaf:Android_7_1.0|leaf:Windows_7|leaf:Windows_8_OTHER|leaf:iOS_12_3.0|leaf:iOS_12_4.0|leaf:iOS_12_OTHER|leaf:macOS_10_14.0
10103,fam:iOS,fam:iOS,fam:iOS,maj:iOS_12,maj:iOS_12,maj:iOS_12,leaf:iOS_12_4.0,leaf:iOS_12_4.0,leaf:iOS_12_2.0|leaf:iOS_12_3.0|leaf:iOS_12_4.0|leaf:iOS_12_OTHER
10105,fam:iOS,fam:iOS,fam:iOS,maj:iOS_12,maj:iOS_12,maj:iOS_12,leaf:iOS_12_4.0,leaf:iOS_12_4.0,leaf:iOS_12_2.0|leaf:iOS_12_3.0|leaf:iOS_12_4.0
10106,fam:iOS,fam:iOS,fam:iOS,maj:iOS_12,maj:iOS_12,maj:iOS_12,leaf:iOS_12_4.0,leaf:iOS_12_4.0,leaf:iOS_12_2.0|leaf:iOS_12_3.0|leaf:iOS_12_4.0|leaf:iOS_12_OTHER
10109,fam:iOS,fam:iOS,fam:iOS,maj:iOS_12,maj:iOS_12,maj:iOS_12,leaf:iOS_12_4.0,leaf:iOS_12_4.0,leaf:iOS_12_3.0|leaf:iOS_12_4.0|leaf:iOS_12_OTHER
10110,fam:iOS,fam:iOS,fam:iOS,maj:iOS_12,maj:iOS_12,maj:iOS_12,leaf:iOS_12_4.0,leaf:iOS_12_4.0,leaf:iOS_12_2.0|leaf:iOS_12_3.0|leaf:iOS_12_4.0
10111,fam:iOS,fam:iOS,fam:iOS,maj:iOS_12,maj:iOS_12,maj:iOS_12,leaf:iOS_12_4.0,leaf:iOS_12_4.0,leaf:iOS_12_3.0|leaf:iOS_12_4.0|leaf:iOS_12_OTHER
10113,fam:iOS,fam:iOS,fam:iOS,maj:iOS_12,maj:iOS_12,maj:iOS_12,leaf:iOS_12_4.0,leaf:iOS_12_4.0,leaf:iOS_12_2.0|leaf:iOS_12_3.0|leaf:iOS_12_4.0|leaf:iOS_12_OTHER
10116,fam:iOS,fam:iOS,fam:iOS,maj:iOS_12,maj:iOS_12,maj:iOS_12,leaf:iOS_12_4.0,leaf:iOS_12_4.0,leaf:iOS_12_3.0|leaf:iOS_12_4.0
10117,fam:iOS,fam:iOS,fam:iOS,maj:iOS_12,maj:iOS_12,maj:iOS_12,leaf:iOS_12_4.0,leaf:iOS_12_4.0,leaf:iOS_12_3.0|leaf:iOS_12_4.0
10118,fam:iOS,fam:iOS,fam:iOS,maj:iOS_12,maj:iOS_12,maj:iOS_12,leaf:iOS_12_4.0,leaf:iOS_12_4.0,leaf:iOS_12_2.0|leaf:iOS_12_3.0|leaf:iOS_12_4.0|leaf:iOS_12_OTHER
10119,fam:iOS,fam:iOS,fam:iOS,maj:iOS_12,maj:iOS_12,maj:iOS_12,leaf:iOS_12_4.0,leaf:iOS_12_4.0,leaf:iOS_12_2.0|leaf:iOS_12_3.0|leaf:iOS_12_4.0|leaf:iOS_12_OTHER
10120,fam:iOS,fam:iOS,fam:iOS,maj:iOS_12,maj:iOS_12,maj:iOS_12,leaf:iOS_12_4.0,leaf:iOS_12_4.0,leaf:iOS_12_2.0|leaf:iOS_12_4.0
10121,fam:iOS,fam:iOS,fam:iOS,maj:iOS_12,maj:iOS_12,maj:iOS_12,leaf:iOS_12_4.0,leaf:iOS_12_4.0,leaf:iOS_12_3.0|leaf:iOS_12_4.0
10122,fam:iOS,fam:iOS,fam:iOS,maj:iOS_12,maj:iOS_12,maj:iOS_12,leaf:iOS_12_4.0,leaf:iOS_12_4.0,leaf:iOS_12_2.0|leaf:iOS_12_3.0|leaf:iOS_12_4.0
10124,fam:iOS,fam:iOS,fam:iOS,maj:iOS_12,maj:iOS_12,maj:iOS_12,leaf:iOS_12_4.0,leaf:iOS_12_4.0,leaf:iOS_12_2.0|leaf:iOS_12_3.0|leaf:iOS_12_4.0|leaf:iOS_12_OTHER
10125,fam:iOS,fam:iOS,fam:iOS,maj:iOS_12,maj:iOS_12,maj:iOS_12,leaf:iOS_12_4.0,leaf:iOS_12_4.0,leaf:iOS_12_2.0|leaf:iOS_12_3.0|leaf:iOS_12_4.0|leaf:iOS_12_OTHER
10129,fam:iOS,fam:iOS,fam:iOS,maj:iOS_12,maj:iOS_12,maj:iOS_12,leaf:iOS_12_4.0,leaf:iOS_12_4.0,leaf:iOS_12_2.0|leaf:iOS_12_3.0|leaf:iOS_12_4.0
10132,fam:iOS,fam:iOS,fam:iOS,maj:iOS_12,maj:iOS_12,maj:iOS_12,leaf:iOS_12_4.0,leaf:iOS_12_4.0,leaf:iOS_12_2.0|leaf:iOS_12_3.0|leaf:iOS_12_4.0|leaf:iOS_12_OTHER
10134,fam:iOS,fam:iOS,fam:iOS,maj:iOS_12,maj:iOS_12,maj:iOS_12,leaf:iOS_12_4.0,leaf:iOS_12_4.0,leaf:iOS_12_2.0|leaf:iOS_12_4.0
10135,fam:iOS,fam:iOS,fam:iOS,maj:iOS_12,maj:iOS_12,maj:iOS_12,leaf:iOS_12_4.0,leaf:iOS_12_4.0,leaf:iOS_12_2.0|leaf:iOS_12_4.0
10137,fam:iOS,fam:iOS,fam:iOS,maj:iOS_12,maj:iOS_12,maj:iOS_12,leaf:iOS_12_4.0,leaf:iOS_12_4.0,leaf:iOS_12_2.0|leaf:iOS_12_3.0|leaf:iOS_12_4.0
10138,fam:iOS,fam:iOS,fam:iOS,maj:iOS_12,maj:iOS_12,maj:iOS_12,leaf:iOS_12_4.0,leaf:iOS_12_4.0,leaf:iOS_12_2.0|leaf:iOS_12_3.0|leaf:iOS_12_4.0|leaf:iOS_12_OTHER
10142,fam:iOS,fam:iOS,fam:iOS,maj:iOS_12,maj:iOS_12,maj:iOS_12,leaf:iOS_12_4.0,leaf:iOS_12_4.0,leaf:iOS_12_2.0|leaf:iOS_12_4.0
10143,fam:iOS,fam:iOS,fam:iOS|fam:macOS,maj:iOS_12,maj:iOS_12,maj:iOS_12|maj:macOS_10,leaf:iOS_12_4.0,leaf:iOS_12_4.0,leaf:iOS_12_3.0|leaf:iOS_12_4.0|leaf:iOS_12_OTHER|leaf:macOS_10_11.0|leaf:macOS_10_14.0
10146,fam:iOS,fam:iOS,fam:iOS,maj:iOS_12,maj:iOS_12,maj:iOS_12,leaf:iOS_12_4.0,leaf:iOS_12_4.0,leaf:iOS_12_3.0|leaf:iOS_12_4.0
10147,fam:iOS,fam:iOS,fam:iOS,maj:iOS_12,maj:iOS_12,maj:iOS_12,leaf:iOS_12_4.0,leaf:iOS_12_4.0,leaf:iOS_12_3.0|leaf:iOS_12_4.0|leaf:iOS_12_OTHER
10148,fam:iOS,fam:macOS,fam:iOS|fam:macOS,maj:iOS_12,maj:macOS_10,maj:iOS_12|maj:macOS_10,leaf:iOS_12_OTHER,leaf:macOS_10_14.0,leaf:iOS_12_OTHER|leaf:macOS_10_14.0
10151,fam:iOS,fam:iOS,fam:iOS|fam:macOS,maj:iOS_13,maj:iOS_13,maj:iOS_13|maj:macOS_10,leaf:iOS_13_1.0,leaf:iOS_13_5.0,leaf:iOS_13_1.0|leaf:iOS_13_2.0|leaf:iOS_13_3.0|leaf:iOS_13_4.0|leaf:iOS_13_5.0|leaf:macOS_10_15.0
10154,fam:iOS,fam:iOS,fam:iOS|fam:macOS,maj:iOS_13,maj:iOS_13,maj:iOS_13|maj:macOS_10,leaf:iOS_13_1.0,leaf:iOS_13_4.0,leaf:iOS_13_1.0|leaf:iOS_13_2.0|leaf:iOS_13_3.0|leaf:iOS_13_4.0|leaf:iOS_13_5.0|leaf:iOS_13_6.0|leaf:macOS_10_15.0
10155,fam:iOS,fam:iOS,fam:iOS|fam:macOS,maj:iOS_13,maj:iOS_13,maj:iOS_13|maj:macOS_10,leaf:iOS_13_1.0,leaf:iOS_13_4.0,leaf:iOS_13_1.0|leaf:iOS_13_3.0|leaf:iOS_13_4.0|leaf:iOS_13_5.0|leaf:macOS_10_11.0
10156,fam:iOS,fam:iOS,fam:iOS|fam:macOS,maj:iOS_13,maj:iOS_13,maj:iOS_13|maj:macOS_10,leaf:iOS_13_1.0,leaf:iOS_13_3.0,leaf:iOS_13_1.0|leaf:iOS_13_2.0|leaf:iOS_13_3.0|leaf:iOS_13_4.0|leaf:iOS_13_5.0|leaf:iOS_13_6.0|leaf:macOS_10_11.0|leaf:macOS_10_15.0
10161,fam:iOS,fam:iOS,fam:iOS|fam:macOS,maj:iOS_13,maj:iOS_13,maj:iOS_13|maj:macOS_10,leaf:iOS_13_1.0,leaf:iOS_13_4.0,leaf:iOS_13_1.0|leaf:iOS_13_2.0|leaf:iOS_13_3.0|leaf:iOS_13_4.0|leaf:iOS_13_5.0|leaf:iOS_13_6.0|leaf:macOS_10_15.0
10162,fam:iOS,fam:iOS,fam:iOS|fam:macOS,maj:iOS_13,maj:iOS_13,maj:iOS_13|maj:macOS_10,leaf:iOS_13_1.0,leaf:iOS_13_5.0,leaf:iOS_13_1.0|leaf:iOS_13_2.0|leaf:iOS_13_3.0|leaf:iOS_13_4.0|leaf:iOS_13_5.0|leaf:macOS_10_15.0
10165,fam:iOS,fam:iOS,fam:iOS|fam:macOS,maj:iOS_13,maj:iOS_13,maj:iOS_13|maj:macOS_10,leaf:iOS_13_1.0,leaf:iOS_13_5.0,leaf:iOS_13_1.0|leaf:iOS_13_2.0|leaf:iOS_13_3.0|leaf:iOS_13_4.0|leaf:iOS_13_5.0|leaf:macOS_10_15.0
10166,fam:iOS,fam:iOS,fam:iOS|fam:macOS,maj:iOS_13,maj:iOS_13,maj:iOS_13|maj:macOS_10,leaf:iOS_13_1.0,leaf:iOS_13_5.0,leaf:iOS_13_1.0|leaf:iOS_13_2.0|leaf:iOS_13_3.0|leaf:iOS_13_4.0|leaf:iOS_13_5.0|leaf:macOS_10_15.0
10167,fam:iOS,fam:iOS,fam:iOS|fam:macOS,maj:iOS_13,maj:iOS_13,maj:iOS_13|maj:macOS_10,leaf:iOS_13_1.0,leaf:macOS_10_11.0,leaf:iOS_13_2.0|leaf:iOS_13_3.0|leaf:iOS_13_4.0|leaf:iOS_13_5.0|leaf:macOS_10_11.0|leaf:macOS_10_15.0
10171,fam:iOS,fam:iOS,fam:iOS,maj:iOS_13,maj:iOS_13,maj:iOS_13,leaf:iOS_13_2.0,leaf:iOS_13_4.0,leaf:iOS_13_3.0|leaf:iOS_13_4.0|leaf:iOS_13_5.0
10173,fam:iOS,fam:iOS,fam:iOS|fam:macOS,maj:iOS_13,maj:iOS_13,maj:iOS_13|maj:macOS_10,leaf:iOS_13_2.0,leaf:iOS_13_4.0,leaf:iOS_13_1.0|leaf:iOS_13_2.0|leaf:iOS_13_3.0|leaf:iOS_13_4.0|leaf:iOS_13_5.0|leaf:macOS_10_11.0
10174,fam:iOS,fam:iOS,fam:iOS|fam:macOS,maj:iOS_13,maj:iOS_13,maj:iOS_13|maj:macOS_10,leaf:iOS_13_2.0,leaf:iOS_13_4.0,leaf:iOS_13_1.0|leaf:iOS_13_3.0|leaf:iOS_13_4.0|leaf:iOS_13_5.0|leaf:iOS_13_6.0|leaf:macOS_10_15.0
10176,fam:iOS,fam:iOS,fam:iOS|fam:macOS,maj:iOS_13,maj:iOS_13,maj:iOS_13|maj:macOS_10,leaf:iOS_13_2.0,leaf:iOS_13_4.0,leaf:iOS_13_1.0|leaf:iOS_13_2.0|leaf:iOS_13_3.0|leaf:iOS_13_4.0|leaf:iOS_13_5.0|leaf:iOS_13_6.0|leaf:macOS_10_15.0
10177,fam:iOS,fam:iOS,fam:iOS|fam:macOS,maj:iOS_13,maj:iOS_13,maj:iOS_13|maj:macOS_10,leaf:iOS_13_2.0,leaf:iOS_13_4.0,leaf:iOS_13_1.0|leaf:iOS_13_2.0|leaf:iOS_13_3.0|leaf:iOS_13_4.0|leaf:iOS_13_5.0|leaf:iOS_13_6.0|leaf:macOS_10_15.0
10179,fam:iOS,fam:iOS,fam:iOS|fam:macOS,maj:iOS_13,maj:iOS_13,maj:iOS_13|maj:macOS_10,leaf:iOS_13_2.0,leaf:iOS_13_5.0,leaf:iOS_13_1.0|leaf:iOS_13_2.0|leaf:iOS_13_3.0|leaf:iOS_13_4.0|leaf:iOS_13_5.0|leaf:macOS_10_15.0
10182,fam:iOS,fam:iOS,fam:iOS,maj:iOS_13,maj:macOS_10,maj:iOS_13,leaf:iOS_13_3.0,leaf:iOS_13_3.0,leaf:iOS_13_3.0|leaf:iOS_13_5.0
10184,fam:iOS,fam:iOS,fam:iOS|fam:macOS,maj:iOS_13,maj:iOS_13,maj:iOS_13|maj:macOS_10,leaf:iOS_13_3.0,leaf:iOS_13_4.0,leaf:iOS_13_1.0|leaf:iOS_13_2.0|leaf:iOS_13_3.0|leaf:iOS_13_4.0|leaf:iOS_13_5.0|leaf:iOS_13_6.0|leaf:macOS_10_15.0
10190,fam:iOS,fam:iOS,fam:iOS|fam:macOS,maj:iOS_13,maj:iOS_13,maj:iOS_13|maj:macOS_10,leaf:iOS_13_3.0,leaf:iOS_13_4.0,leaf:iOS_13_1.0|leaf:iOS_13_3.0|leaf:iOS_13_4.0|leaf:iOS_13_5.0|leaf:macOS_10_11.0
10196,fam:iOS,fam:iOS,fam:iOS|fam:macOS,maj:iOS_13,maj:iOS_13,maj:iOS_13|maj:macOS_10,leaf:iOS_13_3.0,leaf:iOS_13_3.0,leaf:iOS_13_1.0|leaf:iOS_13_2.0|leaf:iOS_13_3.0|leaf:iOS_13_4.0|leaf:iOS_13_5.0|leaf:iOS_13_6.0|leaf:macOS_10_11.0|leaf:macOS_10_15.0
10199,fam:iOS,fam:iOS,fam:iOS|fam:macOS,maj:iOS_13,maj:iOS_13,maj:iOS_13|maj:macOS_10,leaf:iOS_13_3.0,leaf:iOS_13_3.0,leaf:iOS_13_1.0|leaf:iOS_13_2.0|leaf:iOS_13_3.0|leaf:iOS_13_4.0|leaf:iOS_13_5.0|leaf:iOS_13_6.0|leaf:macOS_10_11.0|leaf:macOS_10_15.0
10200,fam:iOS,fam:iOS,fam:iOS|fam:macOS,maj:iOS_13,maj:iOS_13,maj:iOS_13|maj:macOS_10,leaf:iOS_13_3.0,leaf:iOS_13_4.0,leaf:iOS_13_1.0|leaf:iOS_13_2.0|leaf:iOS_13_3.0|leaf:iOS_13_4.0|leaf:iOS_13_5.0|leaf:iOS_13_6.0|leaf:macOS_10_15.0
10202,fam:iOS,fam:iOS,fam:iOS|fam:macOS,maj:iOS_13,maj:iOS_13,maj:iOS_13|maj:macOS_10,leaf:iOS_13_3.0,leaf:iOS_13_4.0,leaf:iOS_13_1.0|leaf:iOS_13_2.0|leaf:iOS_13_3.0|leaf:iOS_13_4.0|leaf:iOS_13_5.0|leaf:iOS_13_6.0|leaf:macOS_10_15.0
10206,fam:iOS,fam:iOS,fam:iOS|fam:macOS,maj:iOS_13,maj:iOS_13,maj:iOS_13|maj:macOS_10,leaf:iOS_13_3.0,leaf:iOS_13_5.0,leaf:iOS_13_2.0|leaf:iOS_13_3.0|leaf:iOS_13_4.0|leaf:iOS_13_5.0|leaf:macOS_10_11.0|leaf:macOS_10_15.0
10207,fam:iOS,fam:iOS,fam:iOS|fam:macOS,maj:iOS_13,maj:iOS_13,maj:iOS_13|maj:macOS_10,leaf:iOS_13_3.0,leaf:iOS_13_4.0,leaf:iOS_13_1.0|leaf:iOS_13_2.0|leaf:iOS_13_3.0|leaf:iOS_13_4.0|leaf:iOS_13_5.0|leaf:iOS_13_6.0|leaf:macOS_10_15.0
10210,fam:iOS,fam:iOS,fam:iOS|fam:macOS,maj:iOS_13,maj:iOS_13,maj:iOS_13|maj:macOS_10,leaf:iOS_13_3.0,leaf:iOS_13_5.0,leaf:iOS_13_2.0|leaf:iOS_13_3.0|leaf:iOS_13_4.0|leaf:iOS_13_5.0|leaf:macOS_10_11.0|leaf:macOS_10_15.0
10212,fam:iOS,fam:iOS,fam:iOS|fam:macOS,maj:iOS_13,maj:iOS_13,maj:iOS_13|maj:macOS_10,leaf:iOS_13_3.0,leaf:iOS_13_3.0,leaf:iOS_13_1.0|leaf:iOS_13_2.0|leaf:iOS_13_3.0|leaf:iOS_13_4.0|leaf:iOS_13_5.0|leaf:iOS_13_6.0|leaf:macOS_10_11.0|leaf:macOS_10_15.0
10216,fam:iOS,fam:iOS,fam:iOS|fam:macOS,maj:iOS_13,maj:iOS_13,maj:iOS_13|maj:macOS_10,leaf:iOS_13_3.0,leaf:iOS_13_4.0,leaf:iOS_13_1.0|leaf:iOS_13_2.0|leaf:iOS_13_3.0|leaf:iOS_13_4.0|leaf:iOS_13_5.0|leaf:macOS_10_11.0
10217,fam:iOS,fam:iOS,fam:iOS|fam:macOS,maj:iOS_13,maj:iOS_13,maj:iOS_13|maj:macOS_10,leaf:iOS_13_3.0,leaf:iOS_13_4.0,leaf:iOS_13_1.0|leaf:iOS_13_3.0|leaf:iOS_13_4.0|leaf:iOS_13_5.0|leaf:macOS_10_11.0
10218,fam:iOS,fam:iOS,fam:iOS|fam:macOS,maj:iOS_13,maj:iOS_13,maj:iOS_13|maj:macOS_10,leaf:iOS_13_3.0,leaf:iOS_13_4.0,leaf:iOS_13_1.0|leaf:iOS_13_2.0|leaf:iOS_13_3.0|leaf:iOS_13_4.0|leaf:iOS_13_5.0|leaf:iOS_13_6.0|leaf:macOS_10_15.0
10219,fam:iOS,fam:iOS,fam:iOS|fam:macOS,maj:iOS_13,maj:iOS_13,maj:iOS_13|maj:macOS_10,leaf:iOS_13_3.0,leaf:iOS_13_4.0,leaf:iOS_13_1.0|leaf:iOS_13_2.0|leaf:iOS_13_3.0|leaf:iOS_13_4.0|leaf:iOS_13_5.0|leaf:iOS_13_6.0|leaf:macOS_10_15.0
10222,fam:iOS,fam:iOS,fam:iOS,maj:iOS_13,maj:iOS_13,maj:iOS_13,leaf:iOS_13_3.0,leaf:iOS_13_3.0,leaf:iOS_13_3.0|leaf:iOS_13_5.0
10225,fam:iOS,fam:iOS,fam:iOS|fam:macOS,maj:iOS_13,maj:iOS_13,maj:iOS_13|maj:macOS_10,leaf:iOS_13_3.0,leaf:iOS_13_5.0,leaf:iOS_13_1.0|leaf:iOS_13_2.0|leaf:iOS_13_3.0|leaf:iOS_13_4.0|leaf:iOS_13_5.0|leaf:macOS_10_15.0
10227,fam:iOS,fam:iOS,fam:iOS|fam:macOS,maj:iOS_13,maj:iOS_13,maj:iOS_13|maj:macOS_10,leaf:iOS_13_3.0,leaf:iOS_13_4.0,leaf:iOS_13_1.0|leaf:iOS_13_2.0|leaf:iOS_13_3.0|leaf:iOS_13_4.0|leaf:iOS_13_5.0|leaf:iOS_13_6.0|leaf:macOS_10_15.0
10228,fam:iOS,fam:iOS,fam:iOS|fam:macOS,maj:iOS_13,maj:iOS_13,maj:iOS_13|maj:macOS_10,leaf:iOS_13_3.0,leaf:iOS_13_4.0,leaf:iOS_13_1.0|leaf:iOS_13_3.0|leaf:iOS_13_4.0|leaf:iOS_13_5.0|leaf:iOS_13_6.0|leaf:macOS_10_15.0
10231,fam:iOS,fam:iOS,fam:iOS|fam:macOS,maj:iOS_13,maj:iOS_13,maj:iOS_13|maj:macOS_10,leaf:iOS_13_3.0,leaf:iOS_13_3.0,leaf:iOS_13_1.0|leaf:iOS_13_2.0|leaf:iOS_13_3.0|leaf:iOS_13_4.0|leaf:iOS_13_5.0|leaf:iOS_13_6.0|leaf:macOS_10_11.0|leaf:macOS_10_15.0
10232,fam:iOS,fam:iOS,fam:iOS|fam:macOS,maj:iOS_13,maj:iOS_13,maj:iOS_13|maj:macOS_10,leaf:iOS_13_3.0,leaf:iOS_13_4.0,leaf:iOS_13_1.0|leaf:iOS_13_2.0|leaf:iOS_13_3.0|leaf:iOS_13_4.0|leaf:iOS_13_5.0|leaf:iOS_13_6.0|leaf:macOS_10_15.0
10236,fam:iOS,fam:iOS,fam:iOS|fam:macOS,maj:iOS_13,maj:iOS_13,maj:iOS_13|maj:macOS_10,leaf:iOS_13_3.0,leaf:iOS_13_4.0,leaf:iOS_13_1.0|leaf:iOS_13_2.0|leaf:iOS_13_3.0|leaf:iOS_13_4.0|leaf:iOS_13_5.0|leaf:iOS_13_6.0|leaf:macOS_10_15.0
10237,fam:iOS,fam:iOS,fam:iOS|fam:macOS,maj:iOS_13,maj:iOS_13,maj:iOS_13|maj:macOS_10,leaf:iOS_13_3.0,leaf:iOS_13_4.0,leaf:iOS_13_1.0|leaf:iOS_13_2.0|leaf:iOS_13_3.0|leaf:iOS_13_4.0|leaf:iOS_13_5.0|leaf:macOS_10_11.0
10239,fam:iOS,fam:iOS,fam:iOS|fam:macOS,maj:iOS_13,maj:iOS_13,maj:iOS_13|maj:macOS_10,leaf:iOS_13_3.0,leaf:iOS_13_4.0,leaf:iOS_13_1.0|leaf:iOS_13_2.0|leaf:iOS_13_3.0|leaf:iOS_13_4.0|leaf:iOS_13_5.0|leaf:iOS_13_6.0|leaf:macOS_10_15.0
10240,fam:iOS,fam:iOS,fam:iOS,maj:iOS_13,maj:iOS_13,maj:iOS_13,leaf:iOS_13_3.0,leaf:iOS_13_4.0,leaf:iOS_13_4.0|leaf:iOS_13_5.0
10241,fam:iOS,fam:iOS,fam:iOS|fam:macOS,maj:iOS_13,maj:iOS_13,maj:iOS_13|maj:macOS_10,leaf:iOS_13_3.0,leaf:iOS_13_3.0,leaf:iOS_13_1.0|leaf:iOS_13_2.0|leaf:iOS_13_3.0|leaf:iOS_13_4.0|leaf:iOS_13_5.0|leaf:iOS_13_6.0|leaf:macOS_10_11.0|leaf:macOS_10_15.0
10242,fam:iOS,fam:iOS,fam:iOS|fam:macOS,maj:iOS_13,maj:iOS_13,maj:iOS_13|maj:macOS_10,leaf:iOS_13_3.0,leaf:iOS_13_4.0,leaf:iOS_13_1.0|leaf:iOS_13_3.0|leaf:iOS_13_4.0|leaf:iOS_13_5.0|leaf:macOS_10_11.0
10243,fam:iOS,fam:iOS,fam:iOS|fam:macOS,maj:iOS_13,maj:iOS_13,maj:iOS_13|maj:macOS_10,leaf:iOS_13_3.0,leaf:iOS_13_4.0,leaf:iOS_13_1.0|leaf:iOS_13_2.0|leaf:iOS_13_3.0|leaf:iOS_13_4.0|leaf:iOS_13_5.0|leaf:macOS_10_11.0
10244,fam:iOS,fam:iOS,fam:iOS|fam:macOS,maj:iOS_13,maj:iOS_13,maj:iOS_13|maj:macOS_10,leaf:iOS_13_3.0,leaf:iOS_13_4.0,leaf:iOS_13_1.0|leaf:iOS_13_2.0|leaf:iOS_13_3.0|leaf:iOS_13_4.0|leaf:iOS_13_5.0|leaf:macOS_10_11.0
10246,fam:iOS,fam:iOS,fam:iOS|fam:macOS,maj:iOS_13,maj:iOS_13,maj:iOS_13|maj:macOS_10,leaf:iOS_13_3.0,leaf:iOS_13_4.0,leaf:iOS_13_1.0|leaf:iOS_13_2.0|leaf:iOS_13_3.0|leaf:iOS_13_4.0|leaf:iOS_13_5.0|leaf:iOS_13_6.0|leaf:macOS_10_15.0
10249,fam:iOS,fam:iOS,fam:iOS|fam:macOS,maj:iOS_13,maj:iOS_13,maj:iOS_13|maj:macOS_10,leaf:iOS_13_3.0,leaf:iOS_13_4.0,leaf:iOS_13_1.0|leaf:iOS_13_3.0|leaf:iOS_13_4.0|leaf:iOS_13_5.0|leaf:iOS_13_6.0|leaf:macOS_10_15.0
10250,fam:iOS,fam:iOS,fam:iOS|fam:macOS,maj:iOS_13,maj:iOS_13,maj:iOS_13|maj:macOS_10,leaf:iOS_13_3.0,leaf:iOS_13_4.0,leaf:iOS_13_1.0|leaf:iOS_13_3.0|leaf:iOS_13_4.0|leaf:iOS_13_5.0|leaf:iOS_13_6.0|leaf:macOS_10_15.0
10252,fam:iOS,fam:iOS,fam:iOS|fam:macOS,maj:iOS_13,maj:iOS_13,maj:iOS_13|maj:macOS_10,leaf:iOS_13_3.0,leaf:iOS_13_4.0,leaf:iOS_13_1.0|leaf:iOS_13_2.0|leaf:iOS_13_3.0|leaf:iOS_13_4.0|leaf:iOS_13_5.0|leaf:iOS_13_6.0|leaf:macOS_10_15.0
10253,fam:iOS,fam:iOS,fam:iOS|fam:macOS,maj:iOS_13,maj:iOS_13,maj:iOS_13|maj:macOS_10,leaf:iOS_13_3.0,leaf:iOS_13_4.0,leaf:iOS_13_1.0|leaf:iOS_13_2.0|leaf:iOS_13_3.0|leaf:iOS_13_4.0|leaf:iOS_13_5.0|leaf:iOS_13_6.0|leaf:macOS_10_15.0
10254,fam:iOS,fam:iOS,fam:iOS|fam:macOS,maj:iOS_13,maj:iOS_13,maj:iOS_13|maj:macOS_10,leaf:iOS_13_3.0,leaf:iOS_13_4.0,leaf:iOS_13_1.0|leaf:iOS_13_2.0|leaf:iOS_13_3.0|leaf:iOS_13_4.0|leaf:iOS_13_5.0|leaf:iOS_13_6.0|leaf:macOS_10_11.0|leaf:macOS_10_15.0
10255,fam:iOS,fam:iOS,fam:iOS|fam:macOS,maj:iOS_13,maj:iOS_13,maj:iOS_13|maj:macOS_10,leaf:iOS_13_3.0,leaf:iOS_13_4.0,leaf:iOS_13_1.0|leaf:iOS_13_2.0|leaf:iOS_13_3.0|leaf:iOS_13_4.0|leaf:iOS_13_5.0|leaf:iOS_13_6.0|leaf:macOS_10_11.0|leaf:macOS_10_15.0
10256,fam:iOS,fam:iOS,fam:iOS|fam:macOS,maj:iOS_13,maj:iOS_13,maj:iOS_13|maj:macOS_10,leaf:iOS_13_3.0,leaf:iOS_13_4.0,leaf:iOS_13_1.0|leaf:iOS_13_2.0|leaf:iOS_13_3.0|leaf:iOS_13_4.0|leaf:iOS_13_5.0|leaf:iOS_13_6.0|leaf:macOS_10_15.0
10257,fam:iOS,fam:iOS,fam:iOS|fam:macOS,maj:iOS_13,maj:iOS_13,maj:iOS_13|maj:macOS_10,leaf:iOS_13_3.0,leaf:iOS_13_4.0,leaf:iOS_13_1.0|leaf:iOS_13_2.0|leaf:iOS_13_3.0|leaf:iOS_13_4.0|leaf:iOS_13_5.0|leaf:iOS_13_6.0|leaf:macOS_10_15.0
10261,fam:iOS,fam:iOS,fam:iOS|fam:macOS,maj:iOS_13,maj:iOS_13,maj:iOS_13|maj:macOS_10,leaf:iOS_13_3.0,leaf:iOS_13_4.0,leaf:iOS_13_1.0|leaf:iOS_13_2.0|leaf:iOS_13_3.0|leaf:iOS_13_4.0|leaf:iOS_13_5.0|leaf:iOS_13_6.0|leaf:macOS_10_15.0
10263,fam:iOS,fam:iOS,fam:iOS|fam:macOS,maj:iOS_13,maj:iOS_13,maj:iOS_13|maj:macOS_10,leaf:iOS_13_3.0,leaf:iOS_13_4.0,leaf:iOS_13_1.0|leaf:iOS_13_2.0|leaf:iOS_13_3.0|leaf:iOS_13_4.0|leaf:iOS_13_5.0|leaf:iOS_13_6.0|leaf:macOS_10_15.0
10265,fam:iOS,fam:iOS,fam:iOS|fam:macOS,maj:iOS_13,maj:iOS_13,maj:iOS_13|maj:macOS_10,leaf:iOS_13_3.0,leaf:iOS_13_5.0,leaf:iOS_13_1.0|leaf:iOS_13_3.0|leaf:iOS_13_4.0|leaf:iOS_13_5.0|leaf:macOS_10_11.0
10266,fam:iOS,fam:iOS,fam:iOS|fam:macOS,maj:iOS_13,maj:iOS_13,maj:iOS_13|maj:macOS_10,leaf:iOS_13_3.0,leaf:iOS_13_4.0,leaf:iOS_13_1.0|leaf:iOS_13_2.0|leaf:iOS_13_3.0|leaf:iOS_13_4.0|leaf:iOS_13_5.0|leaf:iOS_13_6.0|leaf:macOS_10_15.0
10267,fam:iOS,fam:iOS,fam:iOS|fam:macOS,maj:iOS_13,maj:iOS_13,maj:iOS_13|maj:macOS_10,leaf:iOS_13_3.0,leaf:iOS_13_4.0,leaf:iOS_13_1.0|leaf:iOS_13_3.0|leaf:iOS_13_4.0|leaf:iOS_13_5.0|leaf:iOS_13_6.0|leaf:macOS_10_15.0
10269,fam:iOS,fam:iOS,fam:iOS|fam:macOS,maj:iOS_13,maj:iOS_13,maj:iOS_13|maj:macOS_10,leaf:iOS_13_3.0,leaf:iOS_13_4.0,leaf:iOS_13_1.0|leaf:iOS_13_2.0|leaf:iOS_13_3.0|leaf:iOS_13_4.0|leaf:iOS_13_5.0|leaf:iOS_13_6.0|leaf:macOS_10_15.0
10270,fam:iOS,fam:iOS,fam:iOS|fam:macOS,maj:iOS_13,maj:iOS_13,maj:iOS_13|maj:macOS_10,leaf:iOS_13_3.0,leaf:iOS_13_4.0,leaf:iOS_13_1.0|leaf:iOS_13_2.0|leaf:iOS_13_3.0|leaf:iOS_13_4.0|leaf:iOS_13_5.0|leaf:iOS_13_6.0|leaf:macOS_10_15.0
10273,fam:iOS,fam:iOS,fam:iOS|fam:macOS,maj:iOS_13,maj:iOS_13,maj:iOS_13|maj:macOS_10,leaf:iOS_13_3.0,leaf:iOS_13_4.0,leaf:iOS_13_1.0|leaf:iOS_13_2.0|leaf:iOS_13_3.0|leaf:iOS_13_4.0|leaf:iOS_13_5.0|leaf:iOS_13_6.0|leaf:macOS_10_15.0
10274,fam:iOS,fam:iOS,fam:iOS,maj:iOS_13,maj:iOS_13,maj:iOS_13,leaf:iOS_13_3.0,leaf:iOS_13_4.0,leaf:iOS_13_4.0|leaf:iOS_13_5.0
10275,fam:iOS,fam:iOS,fam:Windows|fam:iOS|fam:macOS,maj:iOS_13,maj:iOS_13,maj:Windows_7|maj:Windows_8|maj:iOS_13|maj:macOS_10,leaf:iOS_13_3.0,leaf:iOS_13_3.0,leaf:Windows_7|leaf:Windows_8_1.0|leaf:iOS_13_3.0|leaf:iOS_13_4.0|leaf:iOS_13_5.0|leaf:macOS_10_15.0
10276,fam:iOS,fam:iOS,fam:iOS|fam:macOS,maj:iOS_13,maj:iOS_13,maj:iOS_13|maj:macOS_10,leaf:iOS_13_3.0,leaf:iOS_13_4.0,leaf:iOS_13_1.0|leaf:iOS_13_3.0|leaf:iOS_13_4.0|leaf:iOS_13_5.0|leaf:iOS_13_6.0|leaf:macOS_10_15.0
10277,fam:iOS,fam:iOS,fam:iOS|fam:macOS,maj:iOS_13,maj:iOS_13,maj:iOS_13|maj:macOS_10,leaf:iOS_13_3.0,leaf:iOS_13_4.0,leaf:iOS_13_1.0|leaf:iOS_13_2.0|leaf:iOS_13_3.0|leaf:iOS_13_4.0|leaf:iOS_13_5.0|leaf:iOS_13_6.0|leaf:macOS_10_15.0
10280,fam:iOS,fam:iOS,fam:iOS|fam:macOS,maj:iOS_13,maj:iOS_13,maj:iOS_13|maj:macOS_10,leaf:iOS_13_3.0,leaf:iOS_13_4.0,leaf:iOS_13_1.0|leaf:iOS_13_2.0|leaf:iOS_13_3.0|leaf:iOS_13_4.0|leaf:iOS_13_5.0|leaf:iOS_13_6.0|leaf:macOS_10_15.0
10283,fam:iOS,fam:iOS,fam:iOS|fam:macOS,maj:iOS_13,maj:iOS_13,maj:iOS_13|maj:macOS_10,leaf:iOS_13_3.0,leaf:iOS_13_4.0,leaf:iOS_13_1.0|leaf:iOS_13_2.0|leaf:iOS_13_3.0|leaf:iOS_13_4.0|leaf:iOS_13_5.0|leaf:macOS_10_11.0
10284,fam:iOS,fam:iOS,fam:iOS|fam:macOS,maj:iOS_13,maj:iOS_13,maj:iOS_13|maj:macOS_10,leaf:iOS_13_3.0,leaf:iOS_13_4.0,leaf:iOS_13_1.0|leaf:iOS_13_2.0|leaf:iOS_13_3.0|leaf:iOS_13_4.0|leaf:iOS_13_5.0|leaf:macOS_10_11.0
10287,fam:iOS,fam:iOS,fam:iOS|fam:macOS,maj:iOS_13,maj:iOS_13,maj:iOS_13|maj:macOS_10,leaf:iOS_13_3.0,leaf:iOS_13_5.0,leaf:iOS_13_1.0|leaf:iOS_13_2.0|leaf:iOS_13_3.0|leaf:iOS_13_4.0|leaf:iOS_13_5.0|leaf:macOS_10_15.0
10289,fam:iOS,fam:iOS,fam:iOS|fam:macOS,maj:iOS_13,maj:iOS_13,maj:iOS_13|maj:macOS_10,leaf:iOS_13_3.0,leaf:iOS_13_4.0,leaf:iOS_13_1.0|leaf:iOS_13_2.0|leaf:iOS_13_3.0|leaf:iOS_13_4.0|leaf:iOS_13_5.0|leaf:iOS_13_6.0|leaf:macOS_10_15.0
10291,fam:iOS,fam:iOS,fam:iOS,maj:iOS_13,maj:iOS_13,maj:iOS_13,leaf:iOS_13_3.0,leaf:iOS_13_3.0,leaf:iOS_13_3.0|leaf:iOS_13_5.0
10292,fam:iOS,fam:iOS,fam:iOS|fam:macOS,maj:iOS_13,maj:iOS_13,maj:iOS_13|maj:macOS_10,leaf:iOS_13_3.0,leaf:iOS_13_4.0,leaf:iOS_13_1.0|leaf:iOS_13_2.0|leaf:iOS_13_3.0|leaf:iOS_13_4.0|leaf:iOS_13_5.0|leaf:iOS_13_6.0|leaf:macOS_10_15.0
10296,fam:iOS,fam:iOS,fam:iOS|fam:macOS,maj:iOS_13,maj:iOS_13,maj:iOS_13|maj:macOS_10,leaf:iOS_13_3.0,leaf:iOS_13_4.0,leaf:iOS_13_1.0|leaf:iOS_13_3.0|leaf:iOS_13_4.0|leaf:iOS_13_5.0|leaf:iOS_13_6.0|leaf:macOS_10_15.0
10298,fam:iOS,fam:iOS,fam:iOS|fam:macOS,maj:iOS_13,maj:iOS_13,maj:iOS_13|maj:macOS_10,leaf:iOS_13_3.0,leaf:iOS_13_3.0,leaf:iOS_13_1.0|leaf:iOS_13_2.0|leaf:iOS_13_3.0|leaf:iOS_13_4.0|leaf:iOS_13_5.0|leaf:iOS_13_6.0|leaf:macOS_10_11.0|leaf:macOS_10_15.0
10300,fam:iOS,fam:iOS,fam:iOS|fam:macOS,maj:iOS_13,maj:iOS_13,maj:iOS_13|maj:macOS_10,leaf:iOS_13_3.0,leaf:iOS_13_4.0,leaf:iOS_13_1.0|leaf:iOS_13_2.0|leaf:iOS_13_3.0|leaf:iOS_13_4.0|leaf:iOS_13_5.0|leaf:iOS_13_6.0|leaf:macOS_10_15.0
10301,fam:iOS,fam:iOS,fam:iOS|fam:macOS,maj:iOS_13,maj:iOS_13,maj:iOS_13|maj:macOS_10,leaf:iOS_13_3.0,leaf:iOS_13_4.0,leaf:iOS_13_1.0|leaf:iOS_13_2.0|leaf:iOS_13_3.0|leaf:iOS_13_4.0|leaf:iOS_13_5.0|leaf:macOS_10_11.0
10303,fam:iOS,fam:iOS,fam:iOS|fam:macOS,maj:iOS_13,maj:iOS_13,maj:iOS_13|maj:macOS_10,leaf:iOS_13_3.0,leaf:iOS_13_3.0,leaf:iOS_13_1.0|leaf:iOS_13_2.0|leaf:iOS_13_3.0|leaf:iOS_13_4.0|leaf:iOS_13_5.0|leaf:iOS_13_6.0|leaf:macOS_10_11.0|leaf:macOS_10_15.0
10305,fam:iOS,fam:iOS,fam:iOS|fam:macOS,maj:iOS_13,maj:iOS_13,maj:iOS_13|maj:macOS_10,leaf:iOS_13_3.0,leaf:iOS_13_4.0,leaf:iOS_13_1.0|leaf:iOS_13_2.0|leaf:iOS_13_3.0|leaf:iOS_13_4.0|leaf:iOS_13_5.0|leaf:macOS_10_11.0
10307,fam:iOS,fam:iOS,fam:iOS,maj:iOS_13,maj:iOS_13,maj:iOS_13,leaf:iOS_13_3.0,leaf:iOS_13_3.0,leaf:iOS_13_3.0|leaf:iOS_13_5.0
10308,fam:iOS,fam:iOS,fam:iOS|fam:macOS,maj:iOS_13,maj:iOS_13,maj:iOS_13|maj:macOS_10,leaf:iOS_13_3.0,leaf:iOS_13_4.0,leaf:iOS_13_1.0|leaf:iOS_13_2.0|leaf:iOS_13_3.0|leaf:iOS_13_4.0|leaf:iOS_13_5.0|leaf:iOS_13_6.0|leaf:macOS_10_15.0
10311,fam:iOS,fam:iOS,fam:iOS|fam:macOS,maj:iOS_13,maj:iOS_13,maj:iOS_13|maj:macOS_10,leaf:iOS_13_4.0,leaf:iOS_13_4.0,leaf:iOS_13_3.0|leaf:iOS_13_4.0|leaf:iOS_13_5.0|leaf:macOS_10_15.0
10312,fam:iOS,fam:iOS,fam:iOS,maj:iOS_13,maj:iOS_13,maj:iOS_13,leaf:iOS_13_4.0,leaf:iOS_13_4.0,leaf:iOS_13_4.0|leaf:iOS_13_5.0
10317,fam:iOS,fam:iOS,fam:iOS|fam:macOS,maj:iOS_13,maj:iOS_13,maj:iOS_13|maj:macOS_10,leaf:iOS_13_4.0,leaf:iOS_13_4.0,leaf:iOS_13_1.0|leaf:iOS_13_2.0|leaf:iOS_13_3.0|leaf:iOS_13_4.0|leaf:iOS_13_5.0|leaf:iOS_13_6.0|leaf:macOS_10_15.0
10318,fam:iOS,fam:iOS,fam:iOS|fam:macOS,maj:iOS_13,maj:iOS_13,maj:iOS_13|maj:macOS_10,leaf:iOS_13_4.0,leaf:iOS_13_3.0,leaf:iOS_13_1.0|leaf:iOS_13_2.0|leaf:iOS_13_3.0|leaf:iOS_13_4.0|leaf:iOS_13_5.0|leaf:iOS_13_6.0|leaf:macOS_10_11.0|leaf:macOS_10_15.0
10320,fam:iOS,fam:iOS,fam:iOS|fam:macOS,maj:iOS_13,maj:iOS_13,maj:iOS_13|maj:macOS_10,leaf:iOS_13_4.0,leaf:iOS_13_4.0,leaf:iOS_13_1.0|leaf:iOS_13_2.0|leaf:iOS_13_3.0|leaf:iOS_13_4.0|leaf:iOS_13_5.0|leaf:iOS_13_6.0|leaf:macOS_10_15.0
10325,fam:iOS,fam:iOS,fam:iOS|fam:macOS,maj:iOS_13,maj:iOS_13,maj:iOS_13|maj:macOS_10,leaf:iOS_13_4.0,leaf:iOS_13_4.0,leaf:iOS_13_3.0|leaf:iOS_13_4.0|leaf:iOS_13_5.0|leaf:macOS_10_11.0
10327,fam:iOS,fam:iOS,fam:iOS|fam:macOS,maj:iOS_13,maj:iOS_13,maj:iOS_13|maj:macOS_10,leaf:iOS_13_4.0,leaf:iOS_13_4.0,leaf:iOS_13_1.0|leaf:iOS_13_2.0|leaf:iOS_13_3.0|leaf:iOS_13_4.0|leaf:iOS_13_5.0|leaf:iOS_13_6.0|leaf:macOS_10_15.0
10328,fam:iOS,fam:iOS,fam:iOS,maj:iOS_13,maj:iOS_13,maj:iOS_13,leaf:iOS_13_4.0,leaf:iOS_13_4.0,leaf:iOS_13_4.0
10330,fam:iOS,fam:iOS,fam:iOS,maj:iOS_13,maj:iOS_13,maj:iOS_13,leaf:iOS_13_4.0,leaf:iOS_13_4.0,leaf:iOS_13_4.0
10332,fam:iOS,fam:iOS,fam:iOS|fam:macOS,maj:iOS_13,maj:iOS_13,maj:iOS_13|maj:macOS_10,leaf:iOS_13_4.0,leaf:iOS_13_4.0,leaf:iOS_13_3.0|leaf:iOS_13_4.0|leaf:iOS_13_5.0|leaf:macOS_10_11.0
10333,fam:iOS,fam:iOS,fam:iOS|fam:macOS,maj:iOS_13,maj:iOS_13,maj:iOS_13|maj:macOS_10,leaf:iOS_13_4.0,leaf:iOS_13_4.0,leaf:iOS_13_1.0|leaf:iOS_13_2.0|leaf:iOS_13_3.0|leaf:iOS_13_4.0|leaf:iOS_13_5.0|leaf:iOS_13_6.0|leaf:macOS_10_15.0
10335,fam:iOS,fam:iOS,fam:iOS|fam:macOS,maj:iOS_13,maj:iOS_13,maj:iOS_13|maj:macOS_10,leaf:iOS_13_4.0,leaf:iOS_13_4.0,leaf:iOS_13_3.0|leaf:iOS_13_4.0|leaf:iOS_13_5.0|leaf:macOS_10_11.0
10336,fam:iOS,fam:iOS,fam:iOS|fam:macOS,maj:iOS_13,maj:iOS_13,maj:iOS_13|maj:macOS_10,leaf:iOS_13_4.0,leaf:iOS_13_4.0,leaf:iOS_13_1.0|leaf:iOS_13_2.0|leaf:iOS_13_3.0|leaf:iOS_13_4.0|leaf:iOS_13_5.0|leaf:iOS_13_6.0|leaf:macOS_10_15.0
10338,fam:iOS,fam:iOS,fam:iOS|fam:macOS,maj:iOS_13,maj:iOS_13,maj:iOS_13|maj:macOS_10,leaf:iOS_13_4.0,leaf:iOS_13_5.0,leaf:iOS_13_2.0|leaf:iOS_13_3.0|leaf:iOS_13_4.0|leaf:iOS_13_5.0|leaf:macOS_10_11.0|leaf:macOS_10_15.0
10340,fam:iOS,fam:iOS,fam:iOS|fam:macOS,maj:iOS_13,maj:iOS_13,maj:iOS_13|maj:macOS_10,leaf:iOS_13_4.0,leaf:iOS_13_4.0,leaf:iOS_13_1.0|leaf:iOS_13_3.0|leaf:iOS_13_4.0|leaf:iOS_13_5.0|leaf:macOS_10_11.0
10342,fam:iOS,fam:iOS,fam:iOS|fam:macOS,maj:iOS_13,maj:iOS_13,maj:iOS_13|maj:macOS_10,leaf:iOS_13_4.0,leaf:iOS_13_3.0,leaf:iOS_13_1.0|leaf:iOS_13_2.0|leaf:iOS_13_3.0|leaf:iOS_13_4.0|leaf:iOS_13_5.0|leaf:iOS_13_6.0|leaf:macOS_10_11.0|leaf:macOS_10_15.0
10343,fam:iOS,fam:iOS,fam:iOS|fam:macOS,maj:iOS_13,maj:iOS_13,maj:iOS_13|maj:macOS_10,leaf:iOS_13_4.0,leaf:iOS_13_5.0,leaf:iOS_13_1.0|leaf:iOS_13_3.0|leaf:iOS_13_4.0|leaf:iOS_13_5.0|leaf:macOS_10_11.0
10344,fam:iOS,fam:iOS,fam:iOS,maj:iOS_13,maj:iOS_13,maj:iOS_13,leaf:iOS_13_4.0,leaf:iOS_13_4.0,leaf:iOS_13_3.0|leaf:iOS_13_4.0|leaf:iOS_13_5.0
10347,fam:iOS,fam:iOS,fam:iOS|fam:macOS,maj:iOS_13,maj:iOS_13,maj:iOS_13|maj:macOS_10,leaf:iOS_13_4.0,leaf:iOS_13_4.0,leaf:iOS_13_1.0|leaf:iOS_13_2.0|leaf:iOS_13_3.0|leaf:iOS_13_4.0|leaf:iOS_13_5.0|leaf:macOS_10_11.0
10348,fam:iOS,fam:iOS,fam:iOS|fam:macOS,maj:iOS_13,maj:iOS_13,maj:iOS_13|maj:macOS_10,leaf:iOS_13_4.0,leaf:iOS_13_4.0,leaf:iOS_13_1.0|leaf:iOS_13_2.0|leaf:iOS_13_3.0|leaf:iOS_13_4.0|leaf:iOS_13_5.0|leaf:iOS_13_6.0|leaf:macOS_10_15.0
10351,fam:iOS,fam:iOS,fam:Linux|fam:Windows|fam:iOS|fam:macOS,maj:iOS_13,maj:iOS_13,maj:Linux_OTHER|maj:Windows_7|maj:iOS_13|maj:macOS_10,leaf:iOS_13_4.0,leaf:iOS_13_4.0,leaf:Linux_OTHER|leaf:Windows_7|leaf:iOS_13_3.0|leaf:iOS_13_4.0|leaf:iOS_13_5.0|leaf:iOS_13_6.0|leaf:macOS_10_15.0
10352,fam:iOS,fam:iOS,fam:iOS|fam:macOS,maj:iOS_13,maj:iOS_13,maj:iOS_13|maj:macOS_10,leaf:iOS_13_4.0,leaf:iOS_13_4.0,leaf:iOS_13_1.0|leaf:iOS_13_2.0|leaf:iOS_13_3.0|leaf:iOS_13_4.0|leaf:iOS_13_5.0|leaf:iOS_13_6.0|leaf:macOS_10_15.0
10354,fam:iOS,fam:iOS,fam:iOS|fam:macOS,maj:iOS_13,maj:iOS_13,maj:iOS_13|maj:macOS_10,leaf:iOS_13_4.0,leaf:iOS_13_4.0,leaf:iOS_13_1.0|leaf:iOS_13_2.0|leaf:iOS_13_3.0|leaf:iOS_13_4.0|leaf:iOS_13_5.0|leaf:macOS_10_11.0
10355,fam:iOS,fam:iOS,fam:Linux|fam:Windows|fam:iOS|fam:macOS,maj:iOS_13,maj:iOS_13,maj:Linux_OTHER|maj:Windows_7|maj:iOS_13|maj:macOS_10,leaf:iOS_13_4.0,leaf:iOS_13_4.0,leaf:Linux_OTHER|leaf:Windows_7|leaf:iOS_13_1.0|leaf:iOS_13_3.0|leaf:iOS_13_4.0|leaf:iOS_13_5.0|leaf:iOS_13_6.0|leaf:macOS_10_11.0|leaf:macOS_10_15.0
10356,fam:iOS,fam:iOS,fam:iOS|fam:macOS,maj:iOS_13,maj:iOS_13,maj:iOS_13|maj:macOS_10,leaf:iOS_13_4.0,leaf:iOS_13_4.0,leaf:iOS_13_1.0|leaf:iOS_13_3.0|leaf:iOS_13_4.0|leaf:iOS_13_5.0|leaf:iOS_13_6.0|leaf:macOS_10_15.0
10358,fam:iOS,fam:iOS,fam:Windows|fam:iOS|fam:macOS,maj:iOS_13,maj:iOS_13,maj:Windows_7|maj:iOS_13|maj:macOS_10,leaf:iOS_13_4.0,leaf:iOS_13_4.0,leaf:Windows_7|leaf:iOS_13_3.0|leaf:iOS_13_4.0|leaf:iOS_13_5.0|leaf:macOS_10_11.0|leaf:macOS_10_15.0
10365,fam:iOS,fam:iOS,fam:iOS|fam:macOS,maj:iOS_13,maj:iOS_13,maj:iOS_13|maj:macOS_10,leaf:iOS_13_4.0,leaf:iOS_13_4.0,leaf:iOS_13_1.0|leaf:iOS_13_3.0|leaf:iOS_13_4.0|leaf:iOS_13_5.0|leaf:macOS_10_11.0
10368,fam:iOS,fam:iOS,fam:iOS|fam:macOS,maj:iOS_13,maj:iOS_13,maj:iOS_13|maj:macOS_10,leaf:iOS_13_4.0,leaf:iOS_13_4.0,leaf:iOS_13_1.0|leaf:iOS_13_2.0|leaf:iOS_13_3.0|leaf:iOS_13_4.0|leaf:iOS_13_5.0|leaf:iOS_13_6.0|leaf:macOS_10_15.0
10369,fam:iOS,fam:iOS,fam:iOS,maj:iOS_13,maj:iOS_13,maj:iOS_13,leaf:iOS_13_4.0,leaf:iOS_13_4.0,leaf:iOS_13_4.0|leaf:iOS_13_5.0
10371,fam:iOS,fam:iOS,fam:iOS,maj:iOS_13,maj:iOS_13,maj:iOS_13,leaf:iOS_13_4.0,leaf:iOS_13_4.0,leaf:iOS_13_3.0|leaf:iOS_13_4.0|leaf:iOS_13_5.0
10374,fam:iOS,fam:iOS,fam:iOS|fam:macOS,maj:iOS_13,maj:iOS_13,maj:iOS_13|maj:macOS_10,leaf:iOS_13_4.0,leaf:iOS_13_4.0,leaf:iOS_13_1.0|leaf:iOS_13_3.0|leaf:iOS_13_4.0|leaf:iOS_13_5.0|leaf:iOS_13_6.0|leaf:macOS_10_15.0
10375,fam:iOS,fam:iOS,fam:iOS|fam:macOS,maj:iOS_13,maj:iOS_13,maj:iOS_13|maj:macOS_10,leaf:iOS_13_4.0,leaf:iOS_13_4.0,leaf:iOS_13_1.0|leaf:iOS_13_2.0|leaf:iOS_13_3.0|leaf:iOS_13_4.0|leaf:iOS_13_5.0|leaf:iOS_13_6.0|leaf:macOS_10_15.0
10378,fam:iOS,fam:iOS,fam:iOS|fam:macOS,maj:iOS_13,maj:iOS_13,maj:iOS_13|maj:macOS_10,leaf:iOS_13_4.0,leaf:iOS_13_4.0,leaf:iOS_13_1.0|leaf:iOS_13_3.0|leaf:iOS_13_4.0|leaf:iOS_13_5.0|leaf:iOS_13_6.0|leaf:macOS_10_15.0
10379,fam:iOS,fam:iOS,fam:iOS|fam:macOS,maj:iOS_13,maj:iOS_13,maj:iOS_13|maj:macOS_10,leaf:iOS_13_4.0,leaf:iOS_13_5.0,leaf:iOS_13_1.0|leaf:iOS_13_2.0|leaf:iOS_13_3.0|leaf:iOS_13_4.0|leaf:iOS_13_5.0|leaf:macOS_10_15.0
10380,fam:iOS,fam:iOS,fam:iOS|fam:macOS,maj:iOS_13,maj:iOS_13,maj:iOS_13|maj:macOS_10,leaf:iOS_13_4.0,leaf:iOS_13_4.0,leaf:iOS_13_1.0|leaf:iOS_13_2.0|leaf:iOS_13_3.0|leaf:iOS_13_4.0|leaf:iOS_13_5.0|leaf:iOS_13_6.0|leaf:macOS_10_15.0
10383,fam:iOS,fam:iOS,fam:iOS|fam:macOS,maj:iOS_13,maj:iOS_13,maj:iOS_13|maj:macOS_10,leaf:iOS_13_4.0,leaf:iOS_13_4.0,leaf:iOS_13_1.0|leaf:iOS_13_2.0|leaf:iOS_13_3.0|leaf:iOS_13_4.0|leaf:iOS_13_5.0|leaf:iOS_13_6.0|leaf:macOS_10_15.0
10384,fam:iOS,fam:iOS,fam:iOS|fam:macOS,maj:iOS_13,maj:iOS_13,maj:iOS_13|maj:macOS_10,leaf:iOS_13_4.0,leaf:iOS_13_4.0,leaf:iOS_13_1.0|leaf:iOS_13_3.0|leaf:iOS_13_4.0|leaf:iOS_13_5.0|leaf:macOS_10_11.0
10385,fam:iOS,fam:iOS,fam:iOS|fam:macOS,maj:iOS_13,maj:iOS_13,maj:iOS_13|maj:macOS_10,leaf:iOS_13_4.0,leaf:iOS_13_4.0,leaf:iOS_13_3.0|leaf:iOS_13_4.0|leaf:iOS_13_5.0|leaf:macOS_10_11.0
10387,fam:iOS,fam:iOS,fam:iOS|fam:macOS,maj:iOS_13,maj:iOS_13,maj:iOS_13|maj:macOS_10,leaf:iOS_13_4.0,leaf:iOS_13_4.0,leaf:iOS_13_1.0|leaf:iOS_13_2.0|leaf:iOS_13_3.0|leaf:iOS_13_4.0|leaf:iOS_13_5.0|leaf:iOS_13_6.0|leaf:macOS_10_15.0
10388,fam:iOS,fam:iOS,fam:iOS|fam:macOS,maj:iOS_13,maj:iOS_13,maj:iOS_13|maj:macOS_10,leaf:iOS_13_5.0,leaf:iOS_13_3.0,leaf:iOS_13_1.0|leaf:iOS_13_2.0|leaf:iOS_13_3.0|leaf:iOS_13_4.0|leaf:iOS_13_5.0|leaf:iOS_13_6.0|leaf:macOS_10_11.0|leaf:macOS_10_15.0
10389,fam:iOS,fam:iOS,fam:iOS|fam:macOS,maj:iOS_13,maj:iOS_13,maj:iOS_13|maj:macOS_10,leaf:iOS_13_5.0,leaf:iOS_13_4.0,leaf:iOS_13_1.0|leaf:iOS_13_2.0|leaf:iOS_13_3.0|leaf:iOS_13_4.0|leaf:iOS_13_5.0|leaf:iOS_13_6.0|leaf:macOS_10_15.0
10390,fam:iOS,fam:iOS,fam:iOS,maj:iOS_13,maj:iOS_13,maj:iOS_13,leaf:iOS_13_5.0,leaf:iOS_13_5.0,leaf:iOS_13_3.0|leaf:iOS_13_5.0
10391,fam:iOS,fam:iOS,fam:iOS|fam:macOS,maj:iOS_13,maj:iOS_13,maj:iOS_13|maj:macOS_10,leaf:iOS_13_5.0,leaf:iOS_13_4.0,leaf:iOS_13_1.0|leaf:iOS_13_2.0|leaf:iOS_13_3.0|leaf:iOS_13_4.0|leaf:iOS_13_5.0|leaf:iOS_13_6.0|leaf:macOS_10_15.0
10392,fam:iOS,fam:iOS,fam:iOS|fam:macOS,maj:iOS_13,maj:iOS_13,maj:iOS_13|maj:macOS_10,leaf:iOS_13_5.0,leaf:iOS_13_3.0,leaf:iOS_13_1.0|leaf:iOS_13_2.0|leaf:iOS_13_3.0|leaf:iOS_13_4.0|leaf:iOS_13_5.0|leaf:iOS_13_6.0|leaf:macOS_10_11.0|leaf:macOS_10_15.0
10394,fam:iOS,fam:iOS,fam:iOS|fam:macOS,maj:iOS_13,maj:iOS_13,maj:iOS_13|maj:macOS_10,leaf:iOS_13_5.0,leaf:iOS_13_4.0,leaf:iOS_13_1.0|leaf:iOS_13_2.0|leaf:iOS_13_3.0|leaf:iOS_13_4.0|leaf:iOS_13_5.0|leaf:macOS_10_11.0
10395,fam:iOS,fam:iOS,fam:Linux|fam:iOS|fam:macOS,maj:iOS_13,maj:macOS_10,maj:Linux_OTHER|maj:iOS_13|maj:macOS_10,leaf:iOS_13_5.0,leaf:iOS_13_5.0,leaf:Linux_OTHER|leaf:iOS_13_3.0|leaf:iOS_13_5.0|leaf:macOS_10_11.0|leaf:macOS_10_15.0
10396,fam:iOS,fam:iOS,fam:iOS|fam:macOS,maj:iOS_13,maj:iOS_13,maj:iOS_13|maj:macOS_10,leaf:iOS_13_5.0,leaf:iOS_13_4.0,leaf:iOS_13_1.0|leaf:iOS_13_2.0|leaf:iOS_13_3.0|leaf:iOS_13_4.0|leaf:iOS_13_5.0|leaf:iOS_13_6.0|leaf:macOS_10_15.0
10406,fam:iOS,fam:iOS,fam:iOS|fam:macOS,maj:iOS_13,maj:iOS_13,maj:iOS_13|maj:macOS_10,leaf:iOS_13_5.0,leaf:iOS_13_3.0,leaf:iOS_13_1.0|leaf:iOS_13_2.0|leaf:iOS_13_3.0|leaf:iOS_13_4.0|leaf:iOS_13_5.0|leaf:iOS_13_6.0|leaf:macOS_10_11.0|leaf:macOS_10_15.0
10407,fam:iOS,fam:iOS,fam:iOS|fam:macOS,maj:iOS_13,maj:iOS_13,maj:iOS_13|maj:macOS_10,leaf:iOS_13_5.0,leaf:iOS_13_4.0,leaf:iOS_13_1.0|leaf:iOS_13_2.0|leaf:iOS_13_3.0|leaf:iOS_13_4.0|leaf:iOS_13_5.0|leaf:iOS_13_6.0|leaf:macOS_10_15.0
10409,fam:iOS,fam:iOS,fam:iOS|fam:macOS,maj:iOS_13,maj:iOS_13,maj:iOS_13|maj:macOS_10,leaf:iOS_13_5.0,leaf:iOS_13_3.0,leaf:iOS_13_1.0|leaf:iOS_13_2.0|leaf:iOS_13_3.0|leaf:iOS_13_4.0|leaf:iOS_13_5.0|leaf:iOS_13_6.0|leaf:macOS_10_11.0|leaf:macOS_10_15.0
10410,fam:iOS,fam:macOS,fam:iOS|fam:macOS,maj:iOS_13,maj:macOS_10,maj:iOS_13|maj:macOS_10,leaf:iOS_13_5.0,leaf:macOS_10_15.0,leaf:iOS_13_1.0|leaf:iOS_13_4.0|leaf:macOS_10_14.0|leaf:macOS_10_15.0
10412,fam:iOS,fam:iOS,fam:iOS|fam:macOS,maj:iOS_13,maj:iOS_13,maj:iOS_13|maj:macOS_10,leaf:iOS_13_5.0,leaf:iOS_13_5.0,leaf:iOS_13_1.0|leaf:iOS_13_2.0|leaf:iOS_13_3.0|leaf:iOS_13_4.0|leaf:iOS_13_5.0|leaf:macOS_10_15.0
10414,fam:iOS,fam:iOS,fam:iOS,maj:iOS_13,maj:iOS_13,maj:iOS_13,leaf:iOS_13_5.0,leaf:iOS_13_5.0,leaf:iOS_13_3.0|leaf:iOS_13_5.0
10415,fam:iOS,fam:iOS,fam:iOS|fam:macOS,maj:iOS_13,maj:iOS_13,maj:iOS_13|maj:macOS_10,leaf:iOS_13_5.0,leaf:iOS_13_5.0,leaf:iOS_13_1.0|leaf:iOS_13_2.0|leaf:iOS_13_3.0|leaf:iOS_13_4.0|leaf:iOS_13_5.0|leaf:iOS_13_6.0|leaf:macOS_10_15.0
10416,fam:iOS,fam:iOS,fam:iOS|fam:macOS,maj:iOS_13,maj:iOS_13,maj:iOS_13|maj:macOS_10,leaf:iOS_13_5.0,leaf:iOS_13_5.0,leaf:iOS_13_1.0|leaf:iOS_13_2.0|leaf:iOS_13_3.0|leaf:iOS_13_4.0|leaf:iOS_13_5.0|leaf:macOS_10_15.0
10418,fam:iOS,fam:iOS,fam:iOS|fam:macOS,maj:iOS_13,maj:iOS_13,maj:iOS_13|maj:macOS_10,leaf:iOS_13_5.0,leaf:iOS_13_4.0,leaf:iOS_13_1.0|leaf:iOS_13_2.0|leaf:iOS_13_3.0|leaf:iOS_13_4.0|leaf:iOS_13_5.0|leaf:iOS_13_6.0|leaf:macOS_10_15.0
10421,fam:iOS,fam:iOS,fam:iOS|fam:macOS,maj:iOS_13,maj:iOS_13,maj:iOS_13|maj:macOS_10,leaf:iOS_13_5.0,leaf:iOS_13_4.0,leaf:iOS_13_1.0|leaf:iOS_13_3.0|leaf:iOS_13_4.0|leaf:iOS_13_5.0|leaf:iOS_13_6.0|leaf:macOS_10_15.0
10424,fam:iOS,fam:iOS,fam:iOS|fam:macOS,maj:iOS_13,maj:iOS_13,maj:iOS_13|maj:macOS_10,leaf:iOS_13_5.0,leaf:iOS_13_4.0,leaf:iOS_13_3.0|leaf:iOS_13_4.0|leaf:iOS_13_5.0|leaf:macOS_10_11.0|leaf:macOS_10_15.0
10427,fam:iOS,fam:iOS,fam:iOS|fam:macOS,maj:iOS_13,maj:iOS_13,maj:iOS_13|maj:macOS_10,leaf:iOS_13_5.0,leaf:iOS_13_4.0,leaf:iOS_13_1.0|leaf:iOS_13_2.0|leaf:iOS_13_3.0|leaf:iOS_13_4.0|leaf:iOS_13_5.0|leaf:macOS_10_11.0
10428,fam:iOS,fam:iOS,fam:iOS|fam:macOS,maj:iOS_13,maj:iOS_13,maj:iOS_13|maj:macOS_10,leaf:iOS_13_5.0,leaf:iOS_13_4.0,leaf:iOS_13_3.0|leaf:iOS_13_4.0|leaf:iOS_13_5.0|leaf:macOS_10_11.0|leaf:macOS_10_15.0
10430,fam:iOS,fam:iOS,fam:iOS|fam:macOS,maj:iOS_13,maj:iOS_13,maj:iOS_13|maj:macOS_10,leaf:iOS_13_5.0,leaf:iOS_13_4.0,leaf:iOS_13_1.0|leaf:iOS_13_2.0|leaf:iOS_13_3.0|leaf:iOS_13_4.0|leaf:iOS_13_5.0|leaf:iOS_13_6.0|leaf:macOS_10_15.0
10434,fam:iOS,fam:iOS,fam:iOS|fam:macOS,maj:iOS_13,maj:iOS_13,maj:iOS_13|maj:macOS_10,leaf:iOS_13_5.0,leaf:iOS_13_5.0,leaf:iOS_13_1.0|leaf:iOS_13_2.0|leaf:iOS_13_3.0|leaf:iOS_13_4.0|leaf:iOS_13_5.0|leaf:macOS_10_15.0
10435,fam:iOS,fam:iOS,fam:iOS|fam:macOS,maj:iOS_13,maj:iOS_13,maj:iOS_13|maj:macOS_10,leaf:iOS_13_5.0,leaf:iOS_13_4.0,leaf:iOS_13_3.0|leaf:iOS_13_4.0|leaf:iOS_13_5.0|leaf:macOS_10_11.0|leaf:macOS_10_15.0
10436,fam:iOS,fam:iOS,fam:iOS|fam:macOS,maj:iOS_13,maj:iOS_13,maj:iOS_13|maj:macOS_10,leaf:iOS_13_5.0,leaf:iOS_13_4.0,leaf:iOS_13_1.0|leaf:iOS_13_2.0|leaf:iOS_13_3.0|leaf:iOS_13_4.0|leaf:iOS_13_5.0|leaf:macOS_10_11.0
10437,fam:iOS,fam:iOS,fam:iOS|fam:macOS,maj:iOS_13,maj:iOS_13,maj:iOS_13|maj:macOS_10,leaf:iOS_13_5.0,leaf:macOS_10_11.0,leaf:iOS_13_3.0|leaf:iOS_13_4.0|leaf:iOS_13_5.0|leaf:macOS_10_11.0|leaf:macOS_10_15.0
10439,fam:iOS,fam:iOS,fam:iOS|fam:macOS,maj:iOS_13,maj:iOS_13,maj:iOS_13|maj:macOS_10,leaf:iOS_13_5.0,leaf:iOS_13_4.0,leaf:iOS_13_1.0|leaf:iOS_13_2.0|leaf:iOS_13_3.0|leaf:iOS_13_4.0|leaf:iOS_13_5.0|leaf:iOS_13_6.0|leaf:macOS_10_15.0
10441,fam:iOS,fam:iOS,fam:iOS|fam:macOS,maj:iOS_13,maj:iOS_13,maj:iOS_13|maj:macOS_10,leaf:iOS_13_5.0,leaf:iOS_13_3.0,leaf:iOS_13_1.0|leaf:iOS_13_2.0|leaf:iOS_13_3.0|leaf:iOS_13_4.0|leaf:iOS_13_5.0|leaf:iOS_13_6.0|leaf:macOS_10_11.0|leaf:macOS_10_15.0
10445,fam:iOS,fam:iOS,fam:iOS|fam:macOS,maj:iOS_13,maj:iOS_13,maj:iOS_13|maj:macOS_10,leaf:iOS_13_5.0,leaf:iOS_13_4.0,leaf:iOS_13_3.0|leaf:iOS_13_4.0|leaf:iOS_13_5.0|leaf:macOS_10_11.0|leaf:macOS_10_15.0
10446,fam:iOS,fam:iOS,fam:iOS|fam:macOS,maj:iOS_13,maj:iOS_13,maj:iOS_13|maj:macOS_10,leaf:iOS_13_5.0,leaf:iOS_13_4.0,leaf:iOS_13_1.0|leaf:iOS_13_2.0|leaf:iOS_13_3.0|leaf:iOS_13_4.0|leaf:iOS_13_5.0|leaf:iOS_13_6.0|leaf:macOS_10_15.0
10454,fam:iOS,fam:iOS,fam:iOS|fam:macOS,maj:iOS_13,maj:iOS_13,maj:iOS_13|maj:macOS_10,leaf:iOS_13_5.0,leaf:iOS_13_5.0,leaf:iOS_13_1.0|leaf:iOS_13_2.0|leaf:iOS_13_3.0|leaf:iOS_13_4.0|leaf:iOS_13_5.0|leaf:macOS_10_15.0
10455,fam:iOS,fam:iOS,fam:iOS|fam:macOS,maj:iOS_13,maj:iOS_13,maj:iOS_13|maj:macOS_10,leaf:iOS_13_5.0,leaf:iOS_13_5.0,leaf:iOS_13_2.0|leaf:iOS_13_3.0|leaf:iOS_13_4.0|leaf:iOS_13_5.0|leaf:macOS_10_11.0|leaf:macOS_10_15.0
10456,fam:iOS,fam:iOS,fam:iOS|fam:macOS,maj:iOS_13,maj:iOS_13,maj:iOS_13|maj:macOS_10,leaf:iOS_13_5.0,leaf:iOS_13_4.0,leaf:iOS_13_1.0|leaf:iOS_13_2.0|leaf:iOS_13_3.0|leaf:iOS_13_4.0|leaf:iOS_13_5.0|leaf:iOS_13_6.0|leaf:macOS_10_15.0
10458,fam:iOS,fam:iOS,fam:iOS|fam:macOS,maj:iOS_13,maj:iOS_13,maj:iOS_13|maj:macOS_10,leaf:iOS_13_5.0,leaf:iOS_13_4.0,leaf:iOS_13_1.0|leaf:iOS_13_2.0|leaf:iOS_13_3.0|leaf:iOS_13_4.0|leaf:iOS_13_5.0|leaf:iOS_13_6.0|leaf:macOS_10_15.0
10459,fam:iOS,fam:iOS,fam:iOS|fam:macOS,maj:iOS_13,maj:iOS_13,maj:iOS_13|maj:macOS_10,leaf:iOS_13_5.0,leaf:iOS_13_5.0,leaf:iOS_13_1.0|leaf:iOS_13_3.0|leaf:iOS_13_4.0|leaf:iOS_13_5.0|leaf:macOS_10_11.0
10461,fam:iOS,fam:iOS,fam:iOS,maj:iOS_13,maj:iOS_13,maj:iOS_13,leaf:iOS_13_5.0,leaf:iOS_13_4.0,leaf:iOS_13_3.0|leaf:iOS_13_4.0|leaf:iOS_13_5.0
10462,fam:iOS,fam:iOS,fam:iOS|fam:macOS,maj:iOS_13,maj:iOS_13,maj:iOS_13|maj:macOS_10,leaf:iOS_13_5.0,leaf:iOS_13_4.0,leaf:iOS_13_1.0|leaf:iOS_13_2.0|leaf:iOS_13_3.0|leaf:iOS_13_4.0|leaf:iOS_13_5.0|leaf:iOS_13_6.0|leaf:macOS_10_15.0
10463,fam:iOS,fam:iOS,fam:iOS|fam:macOS,maj:iOS_13,maj:iOS_13,maj:iOS_13|maj:macOS_10,leaf:iOS_13_5.0,leaf:iOS_13_4.0,leaf:iOS_13_1.0|leaf:iOS_13_2.0|leaf:iOS_13_3.0|leaf:iOS_13_4.0|leaf:iOS_13_5.0|leaf:macOS_10_11.0
10464,fam:iOS,fam:iOS,fam:iOS|fam:macOS,maj:iOS_13,maj:iOS_13,maj:iOS_13|maj:macOS_10,leaf:iOS_13_5.0,leaf:iOS_13_5.0,leaf:iOS_13_3.0|leaf:iOS_13_4.0|leaf:iOS_13_5.0|leaf:macOS_10_15.0
10466,fam:iOS,fam:iOS,fam:iOS|fam:macOS,maj:iOS_13,maj:iOS_13,maj:iOS_13|maj:macOS_10,leaf:iOS_13_5.0,leaf:iOS_13_5.0,leaf:iOS_13_3.0|leaf:iOS_13_4.0|leaf:iOS_13_5.0|leaf:macOS_10_15.0
10469,fam:iOS,fam:iOS,fam:iOS|fam:macOS,maj:iOS_13,maj:iOS_13,maj:iOS_13|maj:macOS_10,leaf:iOS_13_5.0,leaf:iOS_13_4.0,leaf:iOS_13_1.0|leaf:iOS_13_3.0|leaf:iOS_13_4.0|leaf:iOS_13_5.0|leaf:iOS_13_6.0|leaf:macOS_10_15.0
10470,fam:iOS,fam:iOS,fam:iOS|fam:macOS,maj:iOS_13,maj:iOS_13,maj:iOS_13|maj:macOS_10,leaf:iOS_13_5.0,leaf:iOS_13_5.0,leaf:iOS_13_1.0|leaf:iOS_13_2.0|leaf:iOS_13_3.0|leaf:iOS_13_4.0|leaf:iOS_13_5.0|leaf:macOS_10_15.0
10471,fam:iOS,fam:iOS,fam:iOS|fam:macOS,maj:iOS_13,maj:iOS_13,maj:iOS_13|maj:macOS_10,leaf:iOS_13_5.0,leaf:iOS_13_4.0,leaf:iOS_13_1.0|leaf:iOS_13_3.0|leaf:iOS_13_4.0|leaf:iOS_13_5.0|leaf:iOS_13_6.0|leaf:macOS_10_11.0
10473,fam:iOS,fam:iOS,fam:iOS|fam:macOS,maj:iOS_13,maj:iOS_13,maj:iOS_13|maj:macOS_10,leaf:iOS_13_5.0,leaf:iOS_13_4.0,leaf:iOS_13_1.0|leaf:iOS_13_2.0|leaf:iOS_13_3.0|leaf:iOS_13_4.0|leaf:iOS_13_5.0|leaf:macOS_10_11.0
10474,fam:iOS,fam:iOS,fam:iOS,maj:iOS_13,maj:iOS_13,maj:iOS_13,leaf:iOS_13_5.0,leaf:iOS_13_4.0,leaf:iOS_13_4.0|leaf:iOS_13_5.0
10477,fam:iOS,fam:iOS,fam:iOS,maj:iOS_13,maj:iOS_13,maj:iOS_13,leaf:iOS_13_5.0,leaf:iOS_13_4.0,leaf:iOS_13_3.0|leaf:iOS_13_4.0|leaf:iOS_13_5.0
10478,fam:iOS,fam:iOS,fam:iOS|fam:macOS,maj:iOS_13,maj:iOS_13,maj:iOS_13|maj:macOS_10,leaf:iOS_13_5.0,leaf:iOS_13_5.0,leaf:iOS_13_1.0|leaf:iOS_13_2.0|leaf:iOS_13_3.0|leaf:iOS_13_4.0|leaf:iOS_13_5.0|leaf:macOS_10_15.0
10481,fam:iOS,fam:iOS,fam:iOS|fam:macOS,maj:iOS_13,maj:iOS_13,maj:iOS_13|maj:macOS_10,leaf:iOS_13_5.0,leaf:iOS_13_5.0,leaf:iOS_13_3.0|leaf:iOS_13_4.0|leaf:iOS_13_5.0|leaf:macOS_10_15.0
10484,fam:iOS,fam:iOS,fam:iOS|fam:macOS,maj:iOS_13,maj:iOS_13,maj:iOS_13|maj:macOS_10,leaf:iOS_13_5.0,leaf:iOS_13_5.0,leaf:iOS_13_1.0|leaf:iOS_13_2.0|leaf:iOS_13_3.0|leaf:iOS_13_4.0|leaf:iOS_13_5.0|leaf:macOS_10_15.0
10488,fam:iOS,fam:iOS,fam:iOS|fam:macOS,maj:iOS_13,maj:iOS_13,maj:iOS_13|maj:macOS_10,leaf:iOS_13_5.0,leaf:iOS_13_4.0,leaf:iOS_13_1.0|leaf:iOS_13_3.0|leaf:iOS_13_4.0|leaf:iOS_13_5.0|leaf:macOS_10_11.0
10489,fam:iOS,fam:iOS,fam:iOS|fam:macOS,maj:iOS_13,maj:iOS_13,maj:iOS_13|maj:macOS_10,leaf:iOS_13_5.0,leaf:iOS_13_4.0,leaf:iOS_13_1.0|leaf:iOS_13_2.0|leaf:iOS_13_3.0|leaf:iOS_13_4.0|leaf:iOS_13_5.0|leaf:iOS_13_6.0|leaf:macOS_10_15.0
10490,fam:iOS,fam:iOS,fam:iOS|fam:macOS,maj:iOS_13,maj:iOS_13,maj:iOS_13|maj:macOS_10,leaf:iOS_13_5.0,leaf:iOS_13_5.0,leaf:iOS_13_1.0|leaf:iOS_13_2.0|leaf:iOS_13_3.0|leaf:iOS_13_4.0|leaf:iOS_13_5.0|leaf:iOS_13_6.0|leaf:macOS_10_15.0
10494,fam:iOS,fam:iOS,fam:iOS|fam:macOS,maj:iOS_13,maj:iOS_13,maj:iOS_13|maj:macOS_10,leaf:iOS_13_5.0,leaf:iOS_13_4.0,leaf:iOS_13_1.0|leaf:iOS_13_3.0|leaf:iOS_13_4.0|leaf:iOS_13_5.0|leaf:macOS_10_11.0
10500,fam:iOS,fam:iOS,fam:iOS|fam:macOS,maj:iOS_13,maj:iOS_13,maj:iOS_13|maj:macOS_10,leaf:iOS_13_5.0,leaf:iOS_13_4.0,leaf:iOS_13_1.0|leaf:iOS_13_2.0|leaf:iOS_13_3.0|leaf:iOS_13_4.0|leaf:iOS_13_5.0|leaf:iOS_13_6.0|leaf:macOS_10_15.0
10503,fam:iOS,fam:iOS,fam:iOS|fam:macOS,maj:iOS_13,maj:iOS_13,maj:iOS_13|maj:macOS_10,leaf:iOS_13_5.0,leaf:iOS_13_4.0,leaf:iOS_13_1.0|leaf:iOS_13_2.0|leaf:iOS_13_3.0|leaf:iOS_13_4.0|leaf:iOS_13_5.0|leaf:macOS_10_11.0
10505,fam:iOS,fam:iOS,fam:iOS|fam:macOS,maj:iOS_13,maj:iOS_13,maj:iOS_13|maj:macOS_10,leaf:iOS_13_5.0,leaf:iOS_13_4.0,leaf:iOS_13_1.0|leaf:iOS_13_2.0|leaf:iOS_13_3.0|leaf:iOS_13_4.0|leaf:iOS_13_5.0|leaf:iOS_13_6.0|leaf:macOS_10_15.0
10507,fam:iOS,fam:iOS,fam:iOS|fam:macOS,maj:iOS_13,maj:iOS_13,maj:iOS_13|maj:macOS_10,leaf:iOS_13_5.0,leaf:macOS_10_11.0,leaf:iOS_13_3.0|leaf:iOS_13_4.0|leaf:iOS_13_5.0|leaf:macOS_10_11.0
10508,fam:iOS,fam:iOS,fam:iOS|fam:macOS,maj:iOS_13,maj:iOS_13,maj:iOS_13|maj:macOS_10,leaf:iOS_13_5.0,leaf:iOS_13_5.0,leaf:iOS_13_2.0|leaf:iOS_13_3.0|leaf:iOS_13_4.0|leaf:iOS_13_5.0|leaf:macOS_10_11.0|leaf:macOS_10_15.0
10510,fam:iOS,fam:iOS,fam:iOS|fam:macOS,maj:iOS_13,maj:iOS_13,maj:iOS_13|maj:macOS_10,leaf:iOS_13_5.0,leaf:iOS_13_4.0,leaf:iOS_13_1.0|leaf:iOS_13_2.0|leaf:iOS_13_3.0|leaf:iOS_13_4.0|leaf:iOS_13_5.0|leaf:macOS_10_11.0
10514,fam:iOS,fam:iOS,fam:iOS|fam:macOS,maj:iOS_13,maj:iOS_13,maj:iOS_13|maj:macOS_10,leaf:iOS_13_5.0,leaf:iOS_13_5.0,leaf:iOS_13_1.0|leaf:iOS_13_2.0|leaf:iOS_13_3.0|leaf:iOS_13_4.0|leaf:iOS_13_5.0|leaf:macOS_10_15.0
10515,fam:iOS,fam:iOS,fam:iOS|fam:macOS,maj:iOS_13,maj:iOS_13,maj:iOS_13|maj:macOS_10,leaf:iOS_13_5.0,leaf:iOS_13_4.0,leaf:iOS_13_1.0|leaf:iOS_13_2.0|leaf:iOS_13_3.0|leaf:iOS_13_4.0|leaf:iOS_13_5.0|leaf:iOS_13_6.0|leaf:macOS_10_15.0
10516,fam:iOS,fam:iOS,fam:iOS|fam:macOS,maj:iOS_13,maj:iOS_13,maj:iOS_13|maj:macOS_10,leaf:iOS_13_5.0,leaf:iOS_13_5.0,leaf:iOS_13_1.0|leaf:iOS_13_2.0|leaf:iOS_13_3.0|leaf:iOS_13_4.0|leaf:iOS_13_5.0|leaf:macOS_10_15.0
10519,fam:iOS,fam:iOS,fam:iOS|fam:macOS,maj:iOS_13,maj:iOS_13,maj:iOS_13|maj:macOS_10,leaf:iOS_13_5.0,leaf:iOS_13_4.0,leaf:iOS_13_1.0|leaf:iOS_13_2.0|leaf:iOS_13_3.0|leaf:iOS_13_4.0|leaf:iOS_13_5.0|leaf:iOS_13_6.0|leaf:macOS_10_15.0
10523,fam:iOS,fam:iOS,fam:iOS,maj:iOS_13,maj:iOS_13,maj:iOS_13,leaf:iOS_13_5.0,leaf:iOS_13_5.0,leaf:iOS_13_3.0|leaf:iOS_13_5.0
10526,fam:iOS,fam:iOS,fam:Windows|fam:iOS|fam:macOS,maj:iOS_13,maj:iOS_13,maj:Windows_7|maj:iOS_13|maj:macOS_10,leaf:iOS_13_5.0,leaf:iOS_13_5.0,leaf:Windows_7|leaf:iOS_13_3.0|leaf:iOS_13_4.0|leaf:iOS_13_5.0|leaf:macOS_10_15.0
10531,fam:iOS,fam:iOS,fam:macOS,maj:iOS_13,maj:iOS_13,maj:macOS_10,leaf:iOS_13_5.0,leaf:macOS_10_11.0,leaf:macOS_10_11.0
10533,fam:iOS,fam:iOS,fam:iOS|fam:macOS,maj:iOS_13,maj:iOS_13,maj:iOS_13|maj:macOS_10,leaf:iOS_13_5.0,leaf:iOS_13_4.0,leaf:iOS_13_1.0|leaf:iOS_13_2.0|leaf:iOS_13_3.0|leaf:iOS_13_4.0|leaf:iOS_13_5.0|leaf:iOS_13_6.0|leaf:macOS_10_15.0
10537,fam:iOS,fam:iOS,fam:iOS|fam:macOS,maj:iOS_13,maj:iOS_13,maj:iOS_13|maj:macOS_10,leaf:iOS_13_5.0,leaf:iOS_13_4.0,leaf:iOS_13_1.0|leaf:iOS_13_2.0|leaf:iOS_13_3.0|leaf:iOS_13_4.0|leaf:iOS_13_5.0|leaf:iOS_13_6.0|leaf:macOS_10_15.0
10538,fam:iOS,fam:iOS,fam:iOS|fam:macOS,maj:iOS_13,maj:iOS_13,maj:iOS_13|maj:macOS_10,leaf:iOS_13_5.0,leaf:iOS_13_4.0,leaf:iOS_13_1.0|leaf:iOS_13_2.0|leaf:iOS_13_3.0|leaf:iOS_13_4.0|leaf:iOS_13_5.0|leaf:iOS_13_6.0|leaf:macOS_10_15.0
10547,fam:iOS,fam:iOS,fam:iOS|fam:macOS,maj:iOS_13,maj:iOS_13,maj:iOS_13|maj:macOS_10,leaf:iOS_13_5.0,leaf:iOS_13_4.0,leaf:iOS_13_1.0|leaf:iOS_13_2.0|leaf:iOS_13_3.0|leaf:iOS_13_4.0|leaf:iOS_13_5.0|leaf:iOS_13_6.0|leaf:macOS_10_15.0
10548,fam:iOS,fam:iOS,fam:iOS|fam:macOS,maj:iOS_13,maj:iOS_13,maj:iOS_13|maj:macOS_10,leaf:iOS_13_5.0,leaf:iOS_13_4.0,leaf:iOS_13_1.0|leaf:iOS_13_3.0|leaf:iOS_13_4.0|leaf:iOS_13_5.0|leaf:macOS_10_11.0
10549,fam:iOS,fam:iOS,fam:iOS|fam:macOS,maj:iOS_13,maj:iOS_13,maj:iOS_13|maj:macOS_10,leaf:iOS_13_5.0,leaf:iOS_13_4.0,leaf:iOS_13_1.0|leaf:iOS_13_2.0|leaf:iOS_13_3.0|leaf:iOS_13_4.0|leaf:iOS_13_5.0|leaf:iOS_13_6.0|leaf:macOS_10_15.0
10550,fam:iOS,fam:iOS,fam:iOS|fam:macOS,maj:iOS_13,maj:iOS_13,maj:iOS_13|maj:macOS_10,leaf:iOS_13_5.0,leaf:iOS_13_5.0,leaf:iOS_13_1.0|leaf:iOS_13_3.0|leaf:iOS_13_4.0|leaf:iOS_13_5.0|leaf:macOS_10_11.0
10552,fam:iOS,fam:iOS,fam:iOS|fam:macOS,maj:iOS_13,maj:iOS_13,maj:iOS_13|maj:macOS_10,leaf:iOS_13_5.0,leaf:iOS_13_4.0,leaf:iOS_13_1.0|leaf:iOS_13_2.0|leaf:iOS_13_3.0|leaf:iOS_13_4.0|leaf:iOS_13_5.0|leaf:macOS_10_11.0
10553,fam:iOS,fam:iOS,fam:iOS|fam:macOS,maj:iOS_13,maj:iOS_13,maj:iOS_13|maj:macOS_10,leaf:iOS_13_5.0,leaf:iOS_13_4.0,leaf:iOS_13_1.0|leaf:iOS_13_2.0|leaf:iOS_13_3.0|leaf:iOS_13_4.0|leaf:iOS_13_5.0|leaf:iOS_13_6.0|leaf:macOS_10_15.0
10557,fam:iOS,fam:iOS,fam:iOS|fam:macOS,maj:iOS_13,maj:iOS_13,maj:iOS_13|maj:macOS_10,leaf:iOS_13_5.0,leaf:iOS_13_4.0,leaf:iOS_13_1.0|leaf:iOS_13_2.0|leaf:iOS_13_3.0|leaf:iOS_13_4.0|leaf:iOS_13_5.0|leaf:iOS_13_6.0|leaf:macOS_10_15.0
10558,fam:iOS,fam:iOS,fam:iOS,maj:iOS_13,maj:iOS_13,maj:iOS_13,leaf:iOS_13_5.0,leaf:iOS_13_3.0,leaf:iOS_13_3.0|leaf:iOS_13_4.0|leaf:iOS_13_5.0
10559,fam:iOS,fam:iOS,fam:iOS|fam:macOS,maj:iOS_13,maj:iOS_13,maj:iOS_13|maj:macOS_10,leaf:iOS_13_5.0,leaf:iOS_13_5.0,leaf:iOS_13_2.0|leaf:iOS_13_3.0|leaf:iOS_13_4.0|leaf:iOS_13_5.0|leaf:macOS_10_11.0|leaf:macOS_10_15.0
10561,fam:iOS,fam:iOS,fam:iOS|fam:macOS,maj:iOS_13,maj:iOS_13,maj:iOS_13|maj:macOS_10,leaf:iOS_13_5.0,leaf:iOS_13_4.0,leaf:iOS_13_1.0|leaf:iOS_13_2.0|leaf:iOS_13_3.0|leaf:iOS_13_4.0|leaf:iOS_13_5.0|leaf:iOS_13_6.0|leaf:macOS_10_15.0
10562,fam:iOS,fam:iOS,fam:iOS|fam:macOS,maj:iOS_13,maj:iOS_13,maj:iOS_13|maj:macOS_10,leaf:iOS_13_5.0,leaf:iOS_13_4.0,leaf:iOS_13_1.0|leaf:iOS_13_2.0|leaf:iOS_13_3.0|leaf:iOS_13_4.0|leaf:iOS_13_5.0|leaf:macOS_10_11.0
10565,fam:iOS,fam:iOS,fam:iOS|fam:macOS,maj:iOS_13,maj:iOS_13,maj:iOS_13|maj:macOS_10,leaf:iOS_13_5.0,leaf:iOS_13_4.0,leaf:iOS_13_1.0|leaf:iOS_13_2.0|leaf:iOS_13_3.0|leaf:iOS_13_4.0|leaf:iOS_13_5.0|leaf:iOS_13_6.0|leaf:macOS_10_15.0
10566,fam:iOS,fam:iOS,fam:iOS|fam:macOS,maj:iOS_13,maj:iOS_13,maj:iOS_13|maj:macOS_10,leaf:iOS_13_5.0,leaf:iOS_13_4.0,leaf:iOS_13_1.0|leaf:iOS_13_2.0|leaf:iOS_13_3.0|leaf:iOS_13_4.0|leaf:iOS_13_5.0|leaf:iOS_13_6.0|leaf:macOS_10_15.0
10569,fam:iOS,fam:iOS,fam:iOS|fam:macOS,maj:iOS_13,maj:iOS_13,maj:iOS_13|maj:macOS_10,leaf:iOS_13_5.0,leaf:iOS_13_4.0,leaf:iOS_13_1.0|leaf:iOS_13_2.0|leaf:iOS_13_3.0|leaf:iOS_13_4.0|leaf:iOS_13_5.0|leaf:macOS_10_11.0
10570,fam:iOS,fam:iOS,fam:iOS|fam:macOS,maj:iOS_13,maj:iOS_13,maj:iOS_13|maj:macOS_10,leaf:iOS_13_5.0,leaf:iOS_13_4.0,leaf:iOS_13_1.0|leaf:iOS_13_2.0|leaf:iOS_13_3.0|leaf:iOS_13_4.0|leaf:iOS_13_5.0|leaf:macOS_10_11.0
10572,fam:iOS,fam:iOS,fam:iOS|fam:macOS,maj:iOS_13,maj:iOS_13,maj:iOS_13|maj:macOS_10,leaf:iOS_13_5.0,leaf:iOS_13_4.0,leaf:iOS_13_3.0|leaf:iOS_13_4.0|leaf:iOS_13_5.0|leaf:macOS_10_11.0|leaf:macOS_10_15.0
10575,fam:iOS,fam:iOS,fam:iOS|fam:macOS,maj:iOS_13,maj:iOS_13,maj:iOS_13|maj:macOS_10,leaf:iOS_13_5.0,leaf:iOS_13_4.0,leaf:iOS_13_1.0|leaf:iOS_13_3.0|leaf:iOS_13_4.0|leaf:iOS_13_5.0|leaf:iOS_13_6.0|leaf:macOS_10_15.0
10577,fam:iOS,fam:iOS,fam:iOS|fam:macOS,maj:iOS_13,maj:iOS_13,maj:iOS_13|maj:macOS_10,leaf:iOS_13_5.0,leaf:iOS_13_4.0,leaf:iOS_13_1.0|leaf:iOS_13_3.0|leaf:iOS_13_4.0|leaf:iOS_13_5.0|leaf:iOS_13_6.0|leaf:macOS_10_11.0
10581,fam:iOS,fam:iOS,fam:iOS|fam:macOS,maj:iOS_13,maj:iOS_13,maj:iOS_13|maj:macOS_10,leaf:iOS_13_5.0,leaf:iOS_13_5.0,leaf:iOS_13_3.0|leaf:iOS_13_4.0|leaf:iOS_13_5.0|leaf:macOS_10_15.0
10582,fam:iOS,fam:iOS,fam:iOS|fam:macOS,maj:iOS_13,maj:iOS_13,maj:iOS_13|maj:macOS_10,leaf:iOS_13_5.0,leaf:iOS_13_4.0,leaf:iOS_13_1.0|leaf:iOS_13_2.0|leaf:iOS_13_3.0|leaf:iOS_13_4.0|leaf:iOS_13_5.0|leaf:iOS_13_6.0|leaf:macOS_10_15.0
10585,fam:iOS,fam:iOS,fam:iOS|fam:macOS,maj:iOS_13,maj:iOS_13,maj:iOS_13|maj:macOS_10,leaf:iOS_13_5.0,leaf:iOS_13_4.0,leaf:iOS_13_1.0|leaf:iOS_13_3.0|leaf:iOS_13_4.0|leaf:iOS_13_5.0|leaf:macOS_10_11.0
10587,fam:iOS,fam:iOS,fam:iOS|fam:macOS,maj:iOS_13,maj:iOS_13,maj:iOS_13|maj:macOS_10,leaf:iOS_13_5.0,leaf:iOS_13_4.0,leaf:iOS_13_1.0|leaf:iOS_13_2.0|leaf:iOS_13_3.0|leaf:iOS_13_4.0|leaf:iOS_13_5.0|leaf:iOS_13_6.0|leaf:macOS_10_15.0
10588,fam:iOS,fam:iOS,fam:iOS|fam:macOS,maj:iOS_13,maj:iOS_13,maj:iOS_13|maj:macOS_10,leaf:iOS_13_5.0,leaf:iOS_13_4.0,leaf:iOS_13_1.0|leaf:iOS_13_2.0|leaf:iOS_13_3.0|leaf:iOS_13_4.0|leaf:iOS_13_5.0|leaf:macOS_10_11.0
10589,fam:iOS,fam:iOS,fam:iOS|fam:macOS,maj:iOS_13,maj:iOS_13,maj:iOS_13|maj:macOS_10,leaf:iOS_13_5.0,leaf:iOS_13_5.0,leaf:iOS_13_3.0|leaf:iOS_13_4.0|leaf:iOS_13_5.0|leaf:iOS_13_6.0|leaf:macOS_10_11.0|leaf:macOS_10_15.0
10590,fam:iOS,fam:iOS,fam:iOS|fam:macOS,maj:iOS_13,maj:iOS_13,maj:iOS_13|maj:macOS_10,leaf:iOS_13_5.0,leaf:iOS_13_4.0,leaf:iOS_13_1.0|leaf:iOS_13_2.0|leaf:iOS_13_3.0|leaf:iOS_13_4.0|leaf:iOS_13_5.0|leaf:iOS_13_6.0|leaf:macOS_10_15.0
10592,fam:iOS,fam:iOS,fam:iOS|fam:macOS,maj:iOS_13,maj:iOS_13,maj:iOS_13|maj:macOS_10,leaf:iOS_13_5.0,leaf:iOS_13_4.0,leaf:iOS_13_1.0|leaf:iOS_13_2.0|leaf:iOS_13_3.0|leaf:iOS_13_4.0|leaf:iOS_13_5.0|leaf:iOS_13_6.0|leaf:macOS_10_15.0
10595,fam:iOS,fam:iOS,fam:iOS|fam:macOS,maj:iOS_13,maj:iOS_13,maj:iOS_13|maj:macOS_10,leaf:iOS_13_5.0,leaf:iOS_13_4.0,leaf:iOS_13_1.0|leaf:iOS_13_3.0|leaf:iOS_13_4.0|leaf:iOS_13_5.0|leaf:macOS_10_11.0
10602,fam:iOS,fam:iOS,fam:iOS|fam:macOS,maj:iOS_13,maj:iOS_13,maj:iOS_13|maj:macOS_10,leaf:iOS_13_5.0,leaf:iOS_13_4.0,leaf:iOS_13_1.0|leaf:iOS_13_2.0|leaf:iOS_13_3.0|leaf:iOS_13_4.0|leaf:iOS_13_5.0|leaf:iOS_13_6.0|leaf:macOS_10_15.0
10603,fam:iOS,fam:iOS,fam:iOS|fam:macOS,maj:iOS_13,maj:iOS_13,maj:iOS_13|maj:macOS_10,leaf:iOS_13_5.0,leaf:iOS_13_4.0,leaf:iOS_13_1.0|leaf:iOS_13_2.0|leaf:iOS_13_3.0|leaf:iOS_13_4.0|leaf:iOS_13_5.0|leaf:iOS_13_6.0|leaf:macOS_10_15.0
10606,fam:iOS,fam:iOS,fam:iOS|fam:macOS,maj:iOS_13,maj:iOS_13,maj:iOS_13|maj:macOS_10,leaf:iOS_13_5.0,leaf:iOS_13_4.0,leaf:iOS_13_1.0|leaf:iOS_13_2.0|leaf:iOS_13_3.0|leaf:iOS_13_4.0|leaf:iOS_13_5.0|leaf:iOS_13_6.0|leaf:macOS_10_15.0
10607,fam:iOS,fam:iOS,fam:iOS|fam:macOS,maj:iOS_13,maj:iOS_13,maj:iOS_13|maj:macOS_10,leaf:iOS_13_5.0,leaf:iOS_13_3.0,leaf:iOS_13_1.0|leaf:iOS_13_2.0|leaf:iOS_13_3.0|leaf:iOS_13_4.0|leaf:iOS_13_5.0|leaf:iOS_13_6.0|leaf:macOS_10_11.0|leaf:macOS_10_15.0
10609,fam:iOS,fam:iOS,fam:iOS|fam:macOS,maj:iOS_13,maj:iOS_13,maj:iOS_13|maj:macOS_10,leaf:iOS_13_5.0,leaf:iOS_13_4.0,leaf:iOS_13_1.0|leaf:iOS_13_3.0|leaf:iOS_13_4.0|leaf:iOS_13_5.0|leaf:iOS_13_6.0|leaf:macOS_10_15.0
10610,fam:iOS,fam:iOS,fam:iOS|fam:macOS,maj:iOS_13,maj:iOS_13,maj:iOS_13|maj:macOS_10,leaf:iOS_13_5.0,leaf:iOS_13_5.0,leaf:iOS_13_1.0|leaf:iOS_13_2.0|leaf:iOS_13_3.0|leaf:iOS_13_4.0|leaf:iOS_13_5.0|leaf:macOS_10_15.0
10611,fam:iOS,fam:iOS,fam:iOS|fam:macOS,maj:iOS_13,maj:iOS_13,maj:iOS_13|maj:macOS_10,leaf:iOS_13_5.0,leaf:iOS_13_4.0,leaf:iOS_13_1.0|leaf:iOS_13_2.0|leaf:iOS_13_3.0|leaf:iOS_13_4.0|leaf:iOS_13_5.0|leaf:iOS_13_6.0|leaf:macOS_10_15.0
10613,fam:iOS,fam:iOS,fam:iOS|fam:macOS,maj:iOS_13,maj:iOS_13,maj:iOS_13|maj:macOS_10,leaf:iOS_13_5.0,leaf:iOS_13_3.0,leaf:iOS_13_1.0|leaf:iOS_13_2.0|leaf:iOS_13_3.0|leaf:iOS_13_4.0|leaf:iOS_13_5.0|leaf:iOS_13_6.0|leaf:macOS_10_11.0|leaf:macOS_10_15.0
10614,fam:iOS,fam:iOS,fam:iOS|fam:macOS,maj:iOS_13,maj:iOS_13,maj:iOS_13|maj:macOS_10,leaf:iOS_13_5.0,leaf:iOS_13_4.0,leaf:iOS_13_1.0|leaf:iOS_13_2.0|leaf:iOS_13_3.0|leaf:iOS_13_4.0|leaf:iOS_13_5.0|leaf:iOS_13_6.0|leaf:macOS_10_15.0
10615,fam:iOS,fam:iOS,fam:iOS|fam:macOS,maj:iOS_13,maj:iOS_13,maj:iOS_13|maj:macOS_10,leaf:iOS_13_5.0,leaf:iOS_13_4.0,leaf:iOS_13_1.0|leaf:iOS_13_2.0|leaf:iOS_13_3.0|leaf:iOS_13_4.0|leaf:iOS_13_5.0|leaf:iOS_13_6.0|leaf:macOS_10_15.0
10616,fam:iOS,fam:iOS,fam:iOS|fam:macOS,maj:iOS_13,maj:iOS_13,maj:iOS_13|maj:macOS_10,leaf:iOS_13_5.0,leaf:iOS_13_4.0,leaf:iOS_13_1.0|leaf:iOS_13_2.0|leaf:iOS_13_3.0|leaf:iOS_13_4.0|leaf:iOS_13_5.0|leaf:macOS_10_11.0
10617,fam:iOS,fam:iOS,fam:iOS|fam:macOS,maj:iOS_13,maj:iOS_13,maj:iOS_13|maj:macOS_10,leaf:iOS_13_5.0,leaf:iOS_13_4.0,leaf:iOS_13_1.0|leaf:iOS_13_3.0|leaf:iOS_13_4.0|leaf:iOS_13_5.0|leaf:macOS_10_11.0
10618,fam:iOS,fam:iOS,fam:iOS|fam:macOS,maj:iOS_13,maj:iOS_13,maj:iOS_13|maj:macOS_10,leaf:iOS_13_5.0,leaf:iOS_13_4.0,leaf:iOS_13_1.0|leaf:iOS_13_3.0|leaf:iOS_13_4.0|leaf:iOS_13_5.0|leaf:macOS_10_11.0
10620,fam:iOS,fam:iOS,fam:iOS|fam:macOS,maj:iOS_13,maj:iOS_13,maj:iOS_13|maj:macOS_10,leaf:iOS_13_5.0,leaf:iOS_13_4.0,leaf:iOS_13_1.0|leaf:iOS_13_2.0|leaf:iOS_13_3.0|leaf:iOS_13_4.0|leaf:iOS_13_5.0|leaf:iOS_13_6.0|leaf:macOS_10_15.0
10621,fam:iOS,fam:iOS,fam:iOS|fam:macOS,maj:iOS_13,maj:iOS_13,maj:iOS_13|maj:macOS_10,leaf:iOS_13_5.0,leaf:iOS_13_5.0,leaf:iOS_13_1.0|leaf:iOS_13_2.0|leaf:iOS_13_3.0|leaf:iOS_13_4.0|leaf:iOS_13_5.0|leaf:macOS_10_15.0
10623,fam:iOS,fam:iOS,fam:iOS|fam:macOS,maj:iOS_13,maj:iOS_13,maj:iOS_13|maj:macOS_10,leaf:iOS_13_5.0,leaf:iOS_13_4.0,leaf:iOS_13_1.0|leaf:iOS_13_2.0|leaf:iOS_13_3.0|leaf:iOS_13_4.0|leaf:iOS_13_5.0|leaf:iOS_13_6.0|leaf:macOS_10_15.0
10626,fam:iOS,fam:iOS,fam:iOS|fam:macOS,maj:iOS_13,maj:iOS_13,maj:iOS_13|maj:macOS_10,leaf:iOS_13_5.0,leaf:iOS_13_5.0,leaf:iOS_13_1.0|leaf:iOS_13_2.0|leaf:iOS_13_3.0|leaf:iOS_13_4.0|leaf:iOS_13_5.0|leaf:macOS_10_15.0
10631,fam:iOS,fam:iOS,fam:iOS|fam:macOS,maj:iOS_13,maj:iOS_13,maj:iOS_13|maj:macOS_10,leaf:iOS_13_5.0,leaf:iOS_13_4.0,leaf:iOS_13_1.0|leaf:iOS_13_3.0|leaf:iOS_13_4.0|leaf:iOS_13_5.0|leaf:macOS_10_11.0
10633,fam:iOS,fam:iOS,fam:iOS|fam:macOS,maj:iOS_13,maj:iOS_13,maj:iOS_13|maj:macOS_10,leaf:iOS_13_5.0,leaf:iOS_13_4.0,leaf:iOS_13_1.0|leaf:iOS_13_2.0|leaf:iOS_13_3.0|leaf:iOS_13_4.0|leaf:iOS_13_5.0|leaf:iOS_13_6.0|leaf:macOS_10_15.0
10636,fam:iOS,fam:iOS,fam:iOS,maj:iOS_13,maj:iOS_13,maj:iOS_13,leaf:iOS_13_5.0,leaf:iOS_13_4.0,leaf:iOS_13_3.0|leaf:iOS_13_4.0|leaf:iOS_13_5.0
10637,fam:iOS,fam:iOS,fam:iOS|fam:macOS,maj:iOS_13,maj:iOS_13,maj:iOS_13|maj:macOS_10,leaf:iOS_13_5.0,leaf:iOS_13_4.0,leaf:iOS_13_1.0|leaf:iOS_13_2.0|leaf:iOS_13_3.0|leaf:iOS_13_4.0|leaf:iOS_13_5.0|leaf:iOS_13_6.0|leaf:macOS_10_15.0
10639,fam:iOS,fam:iOS,fam:iOS|fam:macOS,maj:iOS_13,maj:iOS_13,maj:iOS_13|maj:macOS_10,leaf:iOS_13_5.0,leaf:iOS_13_5.0,leaf:iOS_13_1.0|leaf:iOS_13_2.0|leaf:iOS_13_3.0|leaf:iOS_13_4.0|leaf:iOS_13_5.0|leaf:macOS_10_15.0
10647,fam:iOS,fam:iOS,fam:iOS|fam:macOS,maj:iOS_13,maj:iOS_13,maj:iOS_13|maj:macOS_10,leaf:iOS_13_5.0,leaf:iOS_13_4.0,leaf:iOS_13_1.0|leaf:iOS_13_3.0|leaf:iOS_13_4.0|leaf:iOS_13_5.0|leaf:iOS_13_6.0|leaf:macOS_10_15.0
10652,fam:iOS,fam:iOS,fam:iOS|fam:macOS,maj:iOS_13,maj:iOS_13,maj:iOS_13|maj:macOS_10,leaf:iOS_13_5.0,leaf:iOS_13_5.0,leaf:iOS_13_1.0|leaf:iOS_13_2.0|leaf:iOS_13_3.0|leaf:iOS_13_4.0|leaf:iOS_13_5.0|leaf:iOS_13_6.0|leaf:macOS_10_15.0
10654,fam:iOS,fam:iOS,fam:iOS|fam:macOS,maj:iOS_13,maj:iOS_13,maj:iOS_13|maj:macOS_10,leaf:iOS_13_5.0,leaf:iOS_13_4.0,leaf:iOS_13_1.0|leaf:iOS_13_2.0|leaf:iOS_13_3.0|leaf:iOS_13_4.0|leaf:iOS_13_5.0|leaf:iOS_13_6.0|leaf:macOS_10_15.0
10657,fam:iOS,fam:iOS,fam:iOS,maj:iOS_13,maj:iOS_13,maj:iOS_13,leaf:iOS_13_5.0,leaf:iOS_13_3.0,leaf:iOS_13_3.0|leaf:iOS_13_4.0|leaf:iOS_13_5.0
10660,fam:iOS,fam:iOS,fam:iOS|fam:macOS,maj:iOS_13,maj:iOS_13,maj:iOS_13|maj:macOS_10,leaf:iOS_13_5.0,leaf:iOS_13_4.0,leaf:iOS_13_1.0|leaf:iOS_13_2.0|leaf:iOS_13_3.0|leaf:iOS_13_4.0|leaf:iOS_13_5.0|leaf:iOS_13_6.0|leaf:macOS_10_15.0
10661,fam:iOS,fam:iOS,fam:iOS|fam:macOS,maj:iOS_13,maj:iOS_13,maj:iOS_13|maj:macOS_10,leaf:iOS_13_5.0,leaf:iOS_13_5.0,leaf:iOS_13_1.0|leaf:iOS_13_2.0|leaf:iOS_13_3.0|leaf:iOS_13_4.0|leaf:iOS_13_5.0|leaf:macOS_10_15.0
10662,fam:iOS,fam:iOS,fam:iOS|fam:macOS,maj:iOS_13,maj:iOS_13,maj:iOS_13|maj:macOS_10,leaf:iOS_13_5.0,leaf:iOS_13_4.0,leaf:iOS_13_1.0|leaf:iOS_13_3.0|leaf:iOS_13_4.0|leaf:iOS_13_5.0|leaf:iOS_13_6.0|leaf:macOS_10_15.0
10663,fam:iOS,fam:iOS,fam:iOS|fam:macOS,maj:iOS_13,maj:iOS_13,maj:iOS_13|maj:macOS_10,leaf:iOS_13_5.0,leaf:iOS_13_3.0,leaf:iOS_13_1.0|leaf:iOS_13_2.0|leaf:iOS_13_3.0|leaf:iOS_13_4.0|leaf:iOS_13_5.0|leaf:iOS_13_6.0|leaf:macOS_10_11.0|leaf:macOS_10_15.0
10665,fam:iOS,fam:iOS,fam:iOS|fam:macOS,maj:iOS_13,maj:iOS_13,maj:iOS_13|maj:macOS_10,leaf:iOS_13_5.0,leaf:iOS_13_4.0,leaf:iOS_13_1.0|leaf:iOS_13_2.0|leaf:iOS_13_3.0|leaf:iOS_13_4.0|leaf:iOS_13_5.0|leaf:iOS_13_6.0|leaf:macOS_10_15.0
10666,fam:iOS,fam:iOS,fam:iOS|fam:macOS,maj:iOS_13,maj:iOS_13,maj:iOS_13|maj:macOS_10,leaf:iOS_13_5.0,leaf:iOS_13_4.0,leaf:iOS_13_1.0|leaf:iOS_13_2.0|leaf:iOS_13_3.0|leaf:iOS_13_4.0|leaf:iOS_13_5.0|leaf:iOS_13_6.0|leaf:macOS_10_15.0
10667,fam:iOS,fam:iOS,fam:iOS|fam:macOS,maj:iOS_13,maj:iOS_13,maj:iOS_13|maj:macOS_10,leaf:iOS_13_5.0,leaf:iOS_13_4.0,leaf:iOS_13_1.0|leaf:iOS_13_2.0|leaf:iOS_13_3.0|leaf:iOS_13_4.0|leaf:iOS_13_5.0|leaf:macOS_10_11.0
10669,fam:iOS,fam:iOS,fam:iOS|fam:macOS,maj:iOS_13,maj:iOS_13,maj:iOS_13|maj:macOS_10,leaf:iOS_13_5.0,leaf:iOS_13_5.0,leaf:iOS_13_1.0|leaf:iOS_13_2.0|leaf:iOS_13_3.0|leaf:iOS_13_4.0|leaf:iOS_13_5.0|leaf:macOS_10_15.0
10671,fam:iOS,fam:iOS,fam:iOS|fam:macOS,maj:iOS_13,maj:iOS_13,maj:iOS_13|maj:macOS_10,leaf:iOS_13_5.0,leaf:iOS_13_4.0,leaf:iOS_13_1.0|leaf:iOS_13_2.0|leaf:iOS_13_3.0|leaf:iOS_13_4.0|leaf:iOS_13_5.0|leaf:iOS_13_6.0|leaf:macOS_10_15.0
10672,fam:iOS,fam:iOS,fam:iOS,maj:iOS_13,maj:iOS_13,maj:iOS_13,leaf:iOS_13_5.0,leaf:iOS_13_4.0,leaf:iOS_13_3.0|leaf:iOS_13_4.0|leaf:iOS_13_5.0
10673,fam:iOS,fam:iOS,fam:iOS|fam:macOS,maj:iOS_13,maj:iOS_13,maj:iOS_13|maj:macOS_10,leaf:iOS_13_5.0,leaf:iOS_13_4.0,leaf:iOS_13_1.0|leaf:iOS_13_2.0|leaf:iOS_13_3.0|leaf:iOS_13_4.0|leaf:iOS_13_5.0|leaf:iOS_13_6.0|leaf:macOS_10_15.0
10674,fam:iOS,fam:iOS,fam:iOS|fam:macOS,maj:iOS_13,maj:iOS_13,maj:iOS_13|maj:macOS_10,leaf:iOS_13_5.0,leaf:iOS_13_5.0,leaf:iOS_13_2.0|leaf:iOS_13_3.0|leaf:iOS_13_4.0|leaf:iOS_13_5.0|leaf:macOS_10_11.0|leaf:macOS_10_15.0
10676,fam:iOS,fam:iOS,fam:iOS|fam:macOS,maj:iOS_13,maj:iOS_13,maj:iOS_13|maj:macOS_10,leaf:iOS_13_5.0,leaf:iOS_13_4.0,leaf:iOS_13_1.0|leaf:iOS_13_2.0|leaf:iOS_13_3.0|leaf:iOS_13_4.0|leaf:iOS_13_5.0|leaf:iOS_13_6.0|leaf:macOS_10_15.0
10677,fam:iOS,fam:Linux,fam:Android|fam:Linux|fam:Windows,maj:iOS_13,maj:macOS_10,maj:Android_10|maj:Android_8|maj:Android_9|maj:Linux_OTHER|maj:Windows_10|maj:Windows_7|maj:Windows_8,leaf:iOS_13_5.0,leaf:Windows_10,leaf:Android_10|leaf:Android_8_0.0|leaf:Android_8_1.0|leaf:Android_9|leaf:Linux_OTHER|leaf:Windows_10|leaf:Windows_7|leaf:Windows_8_1.0
10681,fam:iOS,fam:iOS,fam:iOS|fam:macOS,maj:iOS_13,maj:iOS_13,maj:iOS_13|maj:macOS_10,leaf:iOS_13_5.0,leaf:iOS_13_4.0,leaf:iOS_13_1.0|leaf:iOS_13_2.0|leaf:iOS_13_3.0|leaf:iOS_13_4.0|leaf:iOS_13_5.0|leaf:iOS_13_6.0|leaf:macOS_10_15.0
10683,fam:iOS,fam:iOS,fam:iOS|fam:macOS,maj:iOS_13,maj:iOS_13,maj:iOS_13|maj:macOS_10,leaf:iOS_13_5.0,leaf:iOS_13_4.0,leaf:iOS_13_1.0|leaf:iOS_13_3.0|leaf:iOS_13_4.0|leaf:iOS_13_5.0|leaf:macOS_10_11.0
10684,fam:iOS,fam:iOS,fam:iOS|fam:macOS,maj:iOS_13,maj:iOS_13,maj:iOS_13|maj:macOS_10,leaf:iOS_13_5.0,leaf:iOS_13_4.0,leaf:iOS_13_1.0|leaf:iOS_13_2.0|leaf:iOS_13_3.0|leaf:iOS_13_4.0|leaf:iOS_13_5.0|leaf:iOS_13_6.0|leaf:macOS_10_15.0
10685,fam:iOS,fam:iOS,fam:iOS|fam:macOS,maj:iOS_13,maj:iOS_13,maj:iOS_13|maj:macOS_10,leaf:iOS_13_5.0,leaf:iOS_13_4.0,leaf:iOS_13_1.0|leaf:iOS_13_3.0|leaf:iOS_13_4.0|leaf:iOS_13_5.0|leaf:macOS_10_11.0
10686,fam:iOS,fam:iOS,fam:iOS|fam:macOS,maj:iOS_13,maj:iOS_13,maj:iOS_13|maj:macOS_10,leaf:iOS_13_5.0,leaf:iOS_13_5.0,leaf:iOS_13_1.0|leaf:iOS_13_2.0|leaf:iOS_13_3.0|leaf:iOS_13_4.0|leaf:iOS_13_5.0|leaf:iOS_13_6.0|leaf:macOS_10_11.0
10687,fam:iOS,fam:iOS,fam:iOS|fam:macOS,maj:iOS_13,maj:iOS_13,maj:iOS_13|maj:macOS_10,leaf:iOS_13_5.0,leaf:iOS_13_4.0,leaf:iOS_13_1.0|leaf:iOS_13_2.0|leaf:iOS_13_3.0|leaf:iOS_13_4.0|leaf:iOS_13_5.0|leaf:iOS_13_6.0|leaf:macOS_10_15.0
10690,fam:iOS,fam:iOS,fam:iOS|fam:macOS,maj:iOS_13,maj:iOS_13,maj:iOS_13|maj:macOS_10,leaf:iOS_13_5.0,leaf:iOS_13_4.0,leaf:iOS_13_1.0|leaf:iOS_13_2.0|leaf:iOS_13_3.0|leaf:iOS_13_4.0|leaf:iOS_13_5.0|leaf:iOS_13_6.0|leaf:macOS_10_15.0
10692,fam:iOS,fam:iOS,fam:iOS|fam:macOS,maj:iOS_13,maj:iOS_13,maj:iOS_13|maj:macOS_10,leaf:iOS_13_5.0,leaf:iOS_13_4.0,leaf:iOS_13_1.0|leaf:iOS_13_2.0|leaf:iOS_13_3.0|leaf:iOS_13_4.0|leaf:iOS_13_5.0|leaf:iOS_13_6.0|leaf:macOS_10_15.0
10696,fam:iOS,fam:iOS,fam:iOS|fam:macOS,maj:iOS_13,maj:iOS_13,maj:iOS_13|maj:macOS_10,leaf:iOS_13_5.0,leaf:iOS_13_5.0,leaf:iOS_13_1.0|leaf:iOS_13_3.0|leaf:iOS_13_4.0|leaf:iOS_13_5.0|leaf:macOS_10_11.0
10698,fam:iOS,fam:iOS,fam:iOS|fam:macOS,maj:iOS_13,maj:iOS_13,maj:iOS_13|maj:macOS_10,leaf:iOS_13_5.0,leaf:iOS_13_4.0,leaf:iOS_13_3.0|leaf:iOS_13_4.0|leaf:iOS_13_5.0|leaf:macOS_10_15.0
10700,fam:iOS,fam:iOS,fam:iOS|fam:macOS,maj:iOS_13,maj:iOS_13,maj:iOS_13|maj:macOS_10,leaf:iOS_13_5.0,leaf:iOS_13_4.0,leaf:iOS_13_1.0|leaf:iOS_13_2.0|leaf:iOS_13_3.0|leaf:iOS_13_4.0|leaf:iOS_13_5.0|leaf:macOS_10_11.0
10705,fam:iOS,fam:iOS,fam:iOS|fam:macOS,maj:iOS_13,maj:iOS_13,maj:iOS_13|maj:macOS_10,leaf:iOS_13_5.0,leaf:iOS_13_4.0,leaf:iOS_13_1.0|leaf:iOS_13_2.0|leaf:iOS_13_3.0|leaf:iOS_13_4.0|leaf:iOS_13_5.0|leaf:macOS_10_11.0
10708,fam:iOS,fam:iOS,fam:iOS|fam:macOS,maj:iOS_13,maj:iOS_13,maj:iOS_13|maj:macOS_10,leaf:iOS_13_5.0,leaf:iOS_13_4.0,leaf:iOS_13_1.0|leaf:iOS_13_2.0|leaf:iOS_13_3.0|leaf:iOS_13_4.0|leaf:iOS_13_5.0|leaf:iOS_13_6.0|leaf:macOS_10_15.0
10710,fam:iOS,fam:iOS,fam:iOS|fam:macOS,maj:iOS_13,maj:iOS_13,maj:iOS_13|maj:macOS_10,leaf:iOS_13_5.0,leaf:iOS_13_4.0,leaf:iOS_13_1.0|leaf:iOS_13_2.0|leaf:iOS_13_3.0|leaf:iOS_13_4.0|leaf:iOS_13_5.0|leaf:iOS_13_6.0|leaf:macOS_10_15.0
10714,fam:iOS,fam:iOS,fam:iOS|fam:macOS,maj:iOS_13,maj:iOS_13,maj:iOS_13|maj:macOS_10,leaf:iOS_13_5.0,leaf:iOS_13_5.0,leaf:iOS_13_1.0|leaf:iOS_13_2.0|leaf:iOS_13_3.0|leaf:iOS_13_4.0|leaf:iOS_13_5.0|leaf:macOS_10_15.0
10715,fam:iOS,fam:iOS,fam:iOS,maj:iOS_13,maj:iOS_13,maj:iOS_13,leaf:iOS_13_5.0,leaf:iOS_13_4.0,leaf:iOS_13_3.0|leaf:iOS_13_4.0|leaf:iOS_13_5.0
10718,fam:iOS,fam:iOS,fam:iOS|fam:macOS,maj:iOS_13,maj:iOS_13,maj:iOS_13|maj:macOS_10,leaf:iOS_13_5.0,leaf:iOS_13_4.0,leaf:iOS_13_1.0|leaf:iOS_13_3.0|leaf:iOS_13_4.0|leaf:iOS_13_5.0|leaf:macOS_10_11.0
10722,fam:iOS,fam:iOS,fam:iOS|fam:macOS,maj:iOS_13,maj:iOS_13,maj:iOS_13|maj:macOS_10,leaf:iOS_13_5.0,leaf:iOS_13_4.0,leaf:iOS_13_1.0|leaf:iOS_13_2.0|leaf:iOS_13_3.0|leaf:iOS_13_4.0|leaf:iOS_13_5.0|leaf:iOS_13_6.0|leaf:macOS_10_15.0
10724,fam:iOS,fam:iOS,fam:iOS|fam:macOS,maj:iOS_13,maj:iOS_13,maj:iOS_13|maj:macOS_10,leaf:iOS_13_5.0,leaf:iOS_13_4.0,leaf:iOS_13_1.0|leaf:iOS_13_2.0|leaf:iOS_13_3.0|leaf:iOS_13_4.0|leaf:iOS_13_5.0|leaf:iOS_13_6.0|leaf:macOS_10_15.0
10727,fam:iOS,fam:iOS,fam:iOS|fam:macOS,maj:iOS_13,maj:iOS_13,maj:iOS_13|maj:macOS_10,leaf:iOS_13_5.0,leaf:iOS_13_4.0,leaf:iOS_13_1.0|leaf:iOS_13_2.0|leaf:iOS_13_3.0|leaf:iOS_13_4.0|leaf:iOS_13_5.0|leaf:iOS_13_6.0|leaf:macOS_10_15.0
10729,fam:iOS,fam:iOS,fam:iOS|fam:macOS,maj:iOS_13,maj:iOS_13,maj:iOS_13|maj:macOS_10,leaf:iOS_13_5.0,leaf:iOS_13_4.0,leaf:iOS_13_1.0|leaf:iOS_13_2.0|leaf:iOS_13_3.0|leaf:iOS_13_4.0|leaf:iOS_13_5.0|leaf:macOS_10_11.0
10730,fam:iOS,fam:iOS,fam:iOS|fam:macOS,maj:iOS_13,maj:iOS_13,maj:iOS_13|maj:macOS_10,leaf:iOS_13_5.0,leaf:iOS_13_4.0,leaf:iOS_13_1.0|leaf:iOS_13_3.0|leaf:iOS_13_4.0|leaf:iOS_13_5.0|leaf:macOS_10_11.0
10734,fam:iOS,fam:iOS,fam:iOS|fam:macOS,maj:iOS_13,maj:iOS_13,maj:iOS_13|maj:macOS_10,leaf:iOS_13_5.0,leaf:iOS_13_4.0,leaf:iOS_13_1.0|leaf:iOS_13_3.0|leaf:iOS_13_4.0|leaf:iOS_13_5.0|leaf:macOS_10_11.0
10735,fam:iOS,fam:iOS,fam:iOS|fam:macOS,maj:iOS_13,maj:iOS_13,maj:iOS_13|maj:macOS_10,leaf:iOS_13_5.0,leaf:iOS_13_4.0,leaf:iOS_13_1.0|leaf:iOS_13_2.0|leaf:iOS_13_3.0|leaf:iOS_13_4.0|leaf:iOS_13_5.0|leaf:iOS_13_6.0|leaf:macOS_10_15.0
10738,fam:iOS,fam:iOS,fam:iOS|fam:macOS,maj:iOS_13,maj:iOS_13,maj:iOS_13|maj:macOS_10,leaf:iOS_13_5.0,leaf:iOS_13_4.0,leaf:iOS_13_1.0|leaf:iOS_13_2.0|leaf:iOS_13_3.0|leaf:iOS_13_4.0|leaf:iOS_13_5.0|leaf:iOS_13_6.0|leaf:macOS_10_15.0
10739,fam:iOS,fam:iOS,fam:iOS|fam:macOS,maj:iOS_13,maj:iOS_13,maj:iOS_13|maj:macOS_10,leaf:iOS_13_5.0,leaf:iOS_13_4.0,leaf:iOS_13_1.0|leaf:iOS_13_2.0|leaf:iOS_13_3.0|leaf:iOS_13_4.0|leaf:iOS_13_5.0|leaf:macOS_10_11.0
10740,fam:iOS,fam:iOS,fam:iOS|fam:macOS,maj:iOS_13,maj:iOS_13,maj:iOS_13|maj:macOS_10,leaf:iOS_13_5.0,leaf:iOS_13_4.0,leaf:iOS_13_1.0|leaf:iOS_13_2.0|leaf:iOS_13_3.0|leaf:iOS_13_4.0|leaf:iOS_13_5.0|leaf:macOS_10_11.0
10741,fam:iOS,fam:iOS,fam:iOS,maj:iOS_13,maj:iOS_13,maj:iOS_13,leaf:iOS_13_5.0,leaf:iOS_13_3.0,leaf:iOS_13_3.0|leaf:iOS_13_5.0
10742,fam:iOS,fam:iOS,fam:iOS|fam:macOS,maj:iOS_13,maj:iOS_13,maj:iOS_13|maj:macOS_10,leaf:iOS_13_5.0,leaf:iOS_13_4.0,leaf:iOS_13_1.0|leaf:iOS_13_2.0|leaf:iOS_13_3.0|leaf:iOS_13_4.0|leaf:iOS_13_5.0|leaf:iOS_13_6.0|leaf:macOS_10_15.0
10744,fam:iOS,fam:iOS,fam:iOS|fam:macOS,maj:iOS_13,maj:iOS_13,maj:iOS_13|maj:macOS_10,leaf:iOS_13_5.0,leaf:iOS_13_4.0,leaf:iOS_13_1.0|leaf:iOS_13_2.0|leaf:iOS_13_3.0|leaf:iOS_13_4.0|leaf:iOS_13_5.0|leaf:iOS_13_6.0|leaf:macOS_10_15.0
10745,fam:iOS,fam:iOS,fam:iOS,maj:iOS_13,maj:iOS_13,maj:iOS_13,leaf:iOS_13_5.0,leaf:iOS_13_5.0,leaf:iOS_13_3.0|leaf:iOS_13_5.0
10748,fam:iOS,fam:iOS,fam:iOS|fam:macOS,maj:iOS_13,maj:iOS_13,maj:iOS_13|maj:macOS_10,leaf:iOS_13_5.0,leaf:iOS_13_4.0,leaf:iOS_13_1.0|leaf:iOS_13_3.0|leaf:iOS_13_4.0|leaf:iOS_13_5.0|leaf:macOS_10_11.0
10749,fam:iOS,fam:iOS,fam:iOS|fam:macOS,maj:iOS_13,maj:iOS_13,maj:iOS_13|maj:macOS_10,leaf:iOS_13_5.0,leaf:iOS_13_5.0,leaf:iOS_13_1.0|leaf:iOS_13_2.0|leaf:iOS_13_3.0|leaf:iOS_13_4.0|leaf:iOS_13_5.0|leaf:macOS_10_15.0
10751,fam:iOS,fam:iOS,fam:iOS|fam:macOS,maj:iOS_13,maj:macOS_10,maj:iOS_13|maj:macOS_10,leaf:iOS_13_5.0,leaf:macOS_10_15.0,leaf:iOS_13_3.0|leaf:iOS_13_4.0|leaf:iOS_13_5.0|leaf:macOS_10_11.0|leaf:macOS_10_15.0
10752,fam:iOS,fam:iOS,fam:iOS|fam:macOS,maj:iOS_13,maj:iOS_13,maj:iOS_13|maj:macOS_10,leaf:iOS_13_5.0,leaf:iOS_13_3.0,leaf:iOS_13_1.0|leaf:iOS_13_2.0|leaf:iOS_13_3.0|leaf:iOS_13_4.0|leaf:iOS_13_5.0|leaf:iOS_13_6.0|leaf:macOS_10_11.0|leaf:macOS_10_15.0
10754,fam:iOS,fam:iOS,fam:iOS|fam:macOS,maj:iOS_13,maj:iOS_13,maj:iOS_13|maj:macOS_10,leaf:iOS_13_5.0,leaf:iOS_13_4.0,leaf:iOS_13_1.0|leaf:iOS_13_2.0|leaf:iOS_13_3.0|leaf:iOS_13_4.0|leaf:iOS_13_5.0|leaf:macOS_10_11.0
10757,fam:iOS,fam:iOS,fam:Windows|fam:iOS|fam:macOS,maj:iOS_13,maj:iOS_13,maj:Windows_7|maj:iOS_13|maj:macOS_10,leaf:iOS_13_5.0,leaf:iOS_13_5.0,leaf:Windows_7|leaf:iOS_13_3.0|leaf:iOS_13_4.0|leaf:iOS_13_5.0|leaf:macOS_10_15.0
10760,fam:iOS,fam:iOS,fam:iOS|fam:macOS,maj:iOS_13,maj:iOS_13,maj:iOS_13|maj:macOS_10,leaf:iOS_13_5.0,leaf:iOS_13_5.0,leaf:iOS_13_1.0|leaf:iOS_13_2.0|leaf:iOS_13_3.0|leaf:iOS_13_4.0|leaf:iOS_13_5.0|leaf:macOS_10_15.0
10763,fam:iOS,fam:iOS,fam:iOS|fam:macOS,maj:iOS_13,maj:iOS_13,maj:iOS_13|maj:macOS_10,leaf:iOS_13_5.0,leaf:iOS_13_4.0,leaf:iOS_13_4.0|leaf:iOS_13_5.0|leaf:macOS_10_11.0|leaf:macOS_10_15.0
10764,fam:iOS,fam:iOS,fam:iOS|fam:macOS,maj:iOS_13,maj:iOS_13,maj:iOS_13|maj:macOS_10,leaf:iOS_13_5.0,leaf:iOS_13_5.0,leaf:iOS_13_1.0|leaf:iOS_13_2.0|leaf:iOS_13_3.0|leaf:iOS_13_4.0|leaf:iOS_13_5.0|leaf:macOS_10_15.0
10765,fam:iOS,fam:iOS,fam:iOS|fam:macOS,maj:iOS_13,maj:iOS_13,maj:iOS_13|maj:macOS_10,leaf:iOS_13_5.0,leaf:iOS_13_4.0,leaf:iOS_13_1.0|leaf:iOS_13_3.0|leaf:iOS_13_4.0|leaf:iOS_13_5.0|leaf:macOS_10_11.0
10766,fam:iOS,fam:iOS,fam:iOS|fam:macOS,maj:iOS_13,maj:iOS_13,maj:iOS_13|maj:macOS_10,leaf:iOS_13_5.0,leaf:iOS_13_4.0,leaf:iOS_13_1.0|leaf:iOS_13_2.0|leaf:iOS_13_3.0|leaf:iOS_13_4.0|leaf:iOS_13_5.0|leaf:iOS_13_6.0|leaf:macOS_10_15.0
10768,fam:iOS,fam:iOS,fam:iOS|fam:macOS,maj:iOS_13,maj:iOS_13,maj:iOS_13|maj:macOS_10,leaf:iOS_13_5.0,leaf:iOS_13_4.0,leaf:iOS_13_1.0|leaf:iOS_13_2.0|leaf:iOS_13_3.0|leaf:iOS_13_4.0|leaf:iOS_13_5.0|leaf:iOS_13_6.0|leaf:macOS_10_15.0
10769,fam:iOS,fam:iOS,fam:iOS|fam:macOS,maj:iOS_13,maj:iOS_13,maj:iOS_13|maj:macOS_10,leaf:iOS_13_5.0,leaf:iOS_13_4.0,leaf:iOS_13_1.0|leaf:iOS_13_2.0|leaf:iOS_13_3.0|leaf:iOS_13_4.0|leaf:iOS_13_5.0|leaf:iOS_13_6.0|leaf:macOS_10_15.0
10770,fam:iOS,fam:iOS,fam:iOS|fam:macOS,maj:iOS_13,maj:iOS_13,maj:iOS_13|maj:macOS_10,leaf:iOS_13_5.0,leaf:iOS_13_4.0,leaf:iOS_13_1.0|leaf:iOS_13_2.0|leaf:iOS_13_3.0|leaf:iOS_13_4.0|leaf:iOS_13_5.0|leaf:iOS_13_6.0|leaf:macOS_10_15.0
10772,fam:iOS,fam:iOS,fam:iOS|fam:macOS,maj:iOS_13,maj:iOS_13,maj:iOS_13|maj:macOS_10,leaf:iOS_13_5.0,leaf:iOS_13_4.0,leaf:iOS_13_1.0|leaf:iOS_13_2.0|leaf:iOS_13_3.0|leaf:iOS_13_4.0|leaf:iOS_13_5.0|leaf:macOS_10_11.0
10774,fam:iOS,fam:iOS,fam:iOS|fam:macOS,maj:iOS_13,maj:iOS_13,maj:iOS_13|maj:macOS_10,leaf:iOS_13_5.0,leaf:iOS_13_4.0,leaf:iOS_13_3.0|leaf:iOS_13_4.0|leaf:iOS_13_5.0|leaf:macOS_10_11.0|leaf:macOS_10_15.0
10776,fam:iOS,fam:iOS,fam:iOS|fam:macOS,maj:iOS_13,maj:iOS_13,maj:iOS_13|maj:macOS_10,leaf:iOS_13_5.0,leaf:iOS_13_5.0,leaf:iOS_13_1.0|leaf:iOS_13_2.0|leaf:iOS_13_3.0|leaf:iOS_13_4.0|leaf:iOS_13_5.0|leaf:macOS_10_15.0
10777,fam:iOS,fam:iOS,fam:iOS|fam:macOS,maj:iOS_13,maj:iOS_13,maj:iOS_13|maj:macOS_10,leaf:iOS_13_5.0,leaf:iOS_13_4.0,leaf:iOS_13_1.0|leaf:iOS_13_2.0|leaf:iOS_13_3.0|leaf:iOS_13_4.0|leaf:iOS_13_5.0|leaf:iOS_13_6.0|leaf:macOS_10_15.0
10778,fam:iOS,fam:iOS,fam:iOS|fam:macOS,maj:iOS_13,maj:iOS_13,maj:iOS_13|maj:macOS_10,leaf:iOS_13_5.0,leaf:iOS_13_4.0,leaf:iOS_13_1.0|leaf:iOS_13_3.0|leaf:iOS_13_4.0|leaf:iOS_13_5.0|leaf:macOS_10_11.0
10779,fam:iOS,fam:iOS,fam:iOS|fam:macOS,maj:iOS_13,maj:iOS_13,maj:iOS_13|maj:macOS_10,leaf:iOS_13_5.0,leaf:iOS_13_5.0,leaf:iOS_13_1.0|leaf:iOS_13_2.0|leaf:iOS_13_3.0|leaf:iOS_13_4.0|leaf:iOS_13_5.0|leaf:macOS_10_15.0
10781,fam:iOS,fam:iOS,fam:iOS|fam:macOS,maj:iOS_13,maj:iOS_13,maj:iOS_13|maj:macOS_10,leaf:iOS_13_5.0,leaf:iOS_13_3.0,leaf:iOS_13_1.0|leaf:iOS_13_2.0|leaf:iOS_13_3.0|leaf:iOS_13_4.0|leaf:iOS_13_5.0|leaf:iOS_13_6.0|leaf:macOS_10_11.0|leaf:macOS_10_15.0
10782,fam:iOS,fam:iOS,fam:iOS|fam:macOS,maj:iOS_13,maj:iOS_13,maj:iOS_13|maj:macOS_10,leaf:iOS_13_5.0,leaf:iOS_13_5.0,leaf:iOS_13_1.0|leaf:iOS_13_2.0|leaf:iOS_13_3.0|leaf:iOS_13_4.0|leaf:iOS_13_5.0|leaf:macOS_10_15.0
10783,fam:iOS,fam:iOS,fam:iOS|fam:macOS,maj:iOS_13,maj:iOS_13,maj:iOS_13|maj:macOS_10,leaf:iOS_13_5.0,leaf:iOS_13_3.0,leaf:iOS_13_1.0|leaf:iOS_13_2.0|leaf:iOS_13_3.0|leaf:iOS_13_4.0|leaf:iOS_13_5.0|leaf:iOS_13_6.0|leaf:macOS_10_11.0|leaf:macOS_10_15.0
10785,fam:iOS,fam:iOS,fam:iOS,maj:iOS_13,maj:iOS_13,maj:iOS_13,leaf:iOS_13_5.0,leaf:iOS_13_5.0,leaf:iOS_13_1.0|leaf:iOS_13_3.0|leaf:iOS_13_4.0|leaf:iOS_13_5.0
10790,fam:iOS,fam:iOS,fam:iOS|fam:macOS,maj:iOS_13,maj:iOS_13,maj:iOS_13|maj:macOS_10,leaf:iOS_13_5.0,leaf:iOS_13_5.0,leaf:iOS_13_1.0|leaf:iOS_13_2.0|leaf:iOS_13_3.0|leaf:iOS_13_4.0|leaf:iOS_13_5.0|leaf:macOS_10_15.0
10795,fam:iOS,fam:iOS,fam:iOS|fam:macOS,maj:iOS_13,maj:iOS_13,maj:iOS_13|maj:macOS_10,leaf:iOS_13_5.0,leaf:iOS_13_5.0,leaf:iOS_13_1.0|leaf:iOS_13_3.0|leaf:iOS_13_4.0|leaf:iOS_13_5.0|leaf:macOS_10_11.0|leaf:macOS_10_15.0
10796,fam:iOS,fam:iOS,fam:iOS|fam:macOS,maj:iOS_13,maj:iOS_13,maj:iOS_13|maj:macOS_10,leaf:iOS_13_5.0,leaf:iOS_13_4.0,leaf:iOS_13_1.0|leaf:iOS_13_2.0|leaf:iOS_13_3.0|leaf:iOS_13_4.0|leaf:iOS_13_5.0|leaf:macOS_10_11.0
10802,fam:iOS,fam:iOS,fam:iOS|fam:macOS,maj:iOS_13,maj:iOS_13,maj:iOS_13|maj:macOS_10,leaf:iOS_13_5.0,leaf:iOS_13_5.0,leaf:iOS_13_1.0|leaf:iOS_13_2.0|leaf:iOS_13_3.0|leaf:iOS_13_4.0|leaf:iOS_13_5.0|leaf:macOS_10_15.0
10803,fam:iOS,fam:iOS,fam:iOS|fam:macOS,maj:iOS_13,maj:iOS_13,maj:iOS_13|maj:macOS_10,leaf:iOS_13_5.0,leaf:iOS_13_5.0,leaf:iOS_13_1.0|leaf:iOS_13_2.0|leaf:iOS_13_3.0|leaf:iOS_13_4.0|leaf:iOS_13_5.0|leaf:iOS_13_6.0|leaf:macOS_10_15.0
10807,fam:iOS,fam:iOS,fam:iOS|fam:macOS,maj:iOS_13,maj:iOS_13,maj:iOS_13|maj:macOS_10,leaf:iOS_13_5.0,leaf:iOS_13_4.0,leaf:iOS_13_1.0|leaf:iOS_13_3.0|leaf:iOS_13_4.0|leaf:iOS_13_5.0|leaf:macOS_10_11.0
10808,fam:iOS,fam:iOS,fam:iOS|fam:macOS,maj:iOS_13,maj:iOS_13,maj:iOS_13|maj:macOS_10,leaf:iOS_13_5.0,leaf:iOS_13_5.0,leaf:iOS_13_1.0|leaf:iOS_13_3.0|leaf:iOS_13_4.0|leaf:iOS_13_5.0|leaf:macOS_10_11.0
10811,fam:iOS,fam:iOS,fam:iOS|fam:macOS,maj:iOS_13,maj:iOS_13,maj:iOS_13|maj:macOS_10,leaf:iOS_13_5.0,leaf:iOS_13_5.0,leaf:iOS_13_1.0|leaf:iOS_13_2.0|leaf:iOS_13_3.0|leaf:iOS_13_4.0|leaf:iOS_13_5.0|leaf:macOS_10_15.0
10813,fam:iOS,fam:iOS,fam:iOS|fam:macOS,maj:iOS_13,maj:iOS_13,maj:iOS_13|maj:macOS_10,leaf:iOS_13_5.0,leaf:iOS_13_4.0,leaf:iOS_13_1.0|leaf:iOS_13_3.0|leaf:iOS_13_4.0|leaf:iOS_13_5.0|leaf:macOS_10_11.0
10814,fam:iOS,fam:iOS,fam:iOS|fam:macOS,maj:iOS_13,maj:iOS_13,maj:iOS_13|maj:macOS_10,leaf:iOS_13_5.0,leaf:iOS_13_5.0,leaf:iOS_13_1.0|leaf:iOS_13_2.0|leaf:iOS_13_3.0|leaf:iOS_13_4.0|leaf:iOS_13_5.0|leaf:macOS_10_15.0
10815,fam:iOS,fam:iOS,fam:iOS|fam:macOS,maj:iOS_13,maj:iOS_13,maj:iOS_13|maj:macOS_10,leaf:iOS_13_5.0,leaf:iOS_13_4.0,leaf:iOS_13_1.0|leaf:iOS_13_2.0|leaf:iOS_13_3.0|leaf:iOS_13_4.0|leaf:iOS_13_5.0|leaf:macOS_10_11.0
10816,fam:iOS,fam:iOS,fam:iOS|fam:macOS,maj:iOS_13,maj:iOS_13,maj:iOS_13|maj:macOS_10,leaf:iOS_13_5.0,leaf:iOS_13_4.0,leaf:iOS_13_1.0|leaf:iOS_13_3.0|leaf:iOS_13_4.0|leaf:iOS_13_5.0|leaf:iOS_13_6.0|leaf:macOS_10_15.0
10817,fam:iOS,fam:iOS,fam:iOS|fam:macOS,maj:iOS_13,maj:iOS_13,maj:iOS_13|maj:macOS_10,leaf:iOS_13_5.0,leaf:iOS_13_4.0,leaf:iOS_13_1.0|leaf:iOS_13_3.0|leaf:iOS_13_4.0|leaf:iOS_13_5.0|leaf:macOS_10_11.0
10820,fam:iOS,fam:iOS,fam:iOS|fam:macOS,maj:iOS_13,maj:iOS_13,maj:iOS_13|maj:macOS_10,leaf:iOS_13_5.0,leaf:iOS_13_4.0,leaf:iOS_13_1.0|leaf:iOS_13_2.0|leaf:iOS_13_3.0|leaf:iOS_13_4.0|leaf:iOS_13_5.0|leaf:iOS_13_6.0|leaf:macOS_10_15.0
10824,fam:iOS,fam:iOS,fam:iOS|fam:macOS,maj:iOS_13,maj:iOS_13,maj:iOS_13|maj:macOS_10,leaf:iOS_13_5.0,leaf:iOS_13_4.0,leaf:iOS_13_1.0|leaf:iOS_13_2.0|leaf:iOS_13_3.0|leaf:iOS_13_4.0|leaf:iOS_13_5.0|leaf:iOS_13_6.0|leaf:macOS_10_11.0|leaf:macOS_10_15.0
10829,fam:iOS,fam:iOS,fam:iOS|fam:macOS,maj:iOS_13,maj:iOS_13,maj:iOS_13|maj:macOS_10,leaf:iOS_13_5.0,leaf:iOS_13_4.0,leaf:iOS_13_1.0|leaf:iOS_13_2.0|leaf:iOS_13_3.0|leaf:iOS_13_4.0|leaf:iOS_13_5.0|leaf:iOS_13_6.0|leaf:macOS_10_15.0
10830,fam:iOS,fam:iOS,fam:iOS,maj:iOS_13,maj:iOS_13,maj:iOS_13,leaf:iOS_13_5.0,leaf:iOS_13_4.0,leaf:iOS_13_4.0|leaf:iOS_13_5.0
10831,fam:iOS,fam:iOS,fam:iOS|fam:macOS,maj:iOS_13,maj:iOS_13,maj:iOS_13|maj:macOS_10,leaf:iOS_13_5.0,leaf:iOS_13_4.0,leaf:iOS_13_1.0|leaf:iOS_13_2.0|leaf:iOS_13_3.0|leaf:iOS_13_4.0|leaf:iOS_13_5.0|leaf:iOS_13_6.0|leaf:macOS_10_15.0
10832,fam:iOS,fam:iOS,fam:iOS|fam:macOS,maj:iOS_13,maj:iOS_13,maj:iOS_13|maj:macOS_10,leaf:iOS_13_5.0,leaf:iOS_13_4.0,leaf:iOS_13_1.0|leaf:iOS_13_3.0|leaf:iOS_13_4.0|leaf:iOS_13_5.0|leaf:iOS_13_6.0|leaf:macOS_10_15.0
10833,fam:iOS,fam:iOS,fam:iOS|fam:macOS,maj:iOS_13,maj:iOS_13,maj:iOS_13|maj:macOS_10,leaf:iOS_13_5.0,leaf:iOS_13_4.0,leaf:iOS_13_1.0|leaf:iOS_13_2.0|leaf:iOS_13_3.0|leaf:iOS_13_4.0|leaf:iOS_13_5.0|leaf:iOS_13_6.0|leaf:macOS_10_15.0
10838,fam:iOS,fam:iOS,fam:iOS|fam:macOS,maj:iOS_13,maj:iOS_13,maj:iOS_13|maj:macOS_10,leaf:iOS_13_5.0,leaf:iOS_13_3.0,leaf:iOS_13_1.0|leaf:iOS_13_2.0|leaf:iOS_13_3.0|leaf:iOS_13_4.0|leaf:iOS_13_5.0|leaf:iOS_13_6.0|leaf:macOS_10_11.0|leaf:macOS_10_15.0
10839,fam:iOS,fam:iOS,fam:iOS|fam:macOS,maj:iOS_13,maj:iOS_13,maj:iOS_13|maj:macOS_10,leaf:iOS_13_5.0,leaf:iOS_13_4.0,leaf:iOS_13_1.0|leaf:iOS_13_3.0|leaf:iOS_13_4.0|leaf:iOS_13_5.0|leaf:macOS_10_11.0
10840,fam:iOS,fam:iOS,fam:iOS|fam:macOS,maj:iOS_13,maj:iOS_13,maj:iOS_13|maj:macOS_10,leaf:iOS_13_5.0,leaf:iOS_13_4.0,leaf:iOS_13_1.0|leaf:iOS_13_3.0|leaf:iOS_13_4.0|leaf:iOS_13_5.0|leaf:iOS_13_6.0|leaf:macOS_10_15.0
10841,fam:iOS,fam:iOS,fam:iOS|fam:macOS,maj:iOS_13,maj:iOS_13,maj:iOS_13|maj:macOS_10,leaf:iOS_13_5.0,leaf:iOS_13_4.0,leaf:iOS_13_1.0|leaf:iOS_13_3.0|leaf:iOS_13_4.0|leaf:iOS_13_5.0|leaf:macOS_10_11.0
10843,fam:iOS,fam:iOS,fam:iOS|fam:macOS,maj:iOS_13,maj:iOS_13,maj:iOS_13|maj:macOS_10,leaf:iOS_13_5.0,leaf:iOS_13_4.0,leaf:iOS_13_1.0|leaf:iOS_13_3.0|leaf:iOS_13_4.0|leaf:iOS_13_5.0|leaf:iOS_13_6.0|leaf:macOS_10_15.0
10847,fam:iOS,fam:iOS,fam:iOS|fam:macOS,maj:iOS_13,maj:iOS_13,maj:iOS_13|maj:macOS_10,leaf:iOS_13_5.0,leaf:iOS_13_5.0,leaf:iOS_13_1.0|leaf:iOS_13_2.0|leaf:iOS_13_3.0|leaf:iOS_13_4.0|leaf:iOS_13_5.0|leaf:macOS_10_15.0
10853,fam:iOS,fam:iOS,fam:iOS|fam:macOS,maj:iOS_13,maj:iOS_13,maj:iOS_13|maj:macOS_10,leaf:iOS_13_5.0,leaf:iOS_13_4.0,leaf:iOS_13_1.0|leaf:iOS_13_2.0|leaf:iOS_13_3.0|leaf:iOS_13_4.0|leaf:iOS_13_5.0|leaf:macOS_10_11.0
10861,fam:iOS,fam:iOS,fam:iOS|fam:macOS,maj:iOS_13,maj:iOS_13,maj:iOS_13|maj:macOS_10,leaf:iOS_13_5.0,leaf:iOS_13_4.0,leaf:iOS_13_1.0|leaf:iOS_13_2.0|leaf:iOS_13_3.0|leaf:iOS_13_4.0|leaf:iOS_13_5.0|leaf:iOS_13_6.0|leaf:macOS_10_15.0
10862,fam:iOS,fam:iOS,fam:iOS|fam:macOS,maj:iOS_13,maj:iOS_13,maj:iOS_13|maj:macOS_10,leaf:iOS_13_5.0,leaf:iOS_13_4.0,leaf:iOS_13_1.0|leaf:iOS_13_3.0|leaf:iOS_13_4.0|leaf:iOS_13_5.0|leaf:macOS_10_11.0
10864,fam:iOS,fam:iOS,fam:iOS|fam:macOS,maj:iOS_13,maj:macOS_10,maj:iOS_13|maj:macOS_10,leaf:iOS_13_5.0,leaf:macOS_10_15.0,leaf:iOS_13_3.0|leaf:iOS_13_4.0|leaf:iOS_13_5.0|leaf:macOS_10_11.0|leaf:macOS_10_15.0
10865,fam:iOS,fam:iOS,fam:iOS|fam:macOS,maj:iOS_13,maj:iOS_13,maj:iOS_13|maj:macOS_10,leaf:iOS_13_5.0,leaf:iOS_13_4.0,leaf:iOS_13_1.0|leaf:iOS_13_3.0|leaf:iOS_13_4.0|leaf:iOS_13_5.0|leaf:iOS_13_6.0|leaf:macOS_10_15.0
10866,fam:iOS,fam:iOS,fam:iOS|fam:macOS,maj:iOS_13,maj:iOS_13,maj:iOS_13|maj:macOS_10,leaf:iOS_13_5.0,leaf:iOS_13_4.0,leaf:iOS_13_1.0|leaf:iOS_13_3.0|leaf:iOS_13_4.0|leaf:iOS_13_5.0|leaf:macOS_10_11.0
10867,fam:iOS,fam:iOS,fam:iOS|fam:macOS,maj:iOS_13,maj:iOS_13,maj:iOS_13|maj:macOS_10,leaf:iOS_13_5.0,leaf:iOS_13_3.0,leaf:iOS_13_1.0|leaf:iOS_13_2.0|leaf:iOS_13_3.0|leaf:iOS_13_4.0|leaf:iOS_13_5.0|leaf:iOS_13_6.0|leaf:macOS_10_11.0|leaf:macOS_10_15.0
10868,fam:iOS,fam:iOS,fam:iOS,maj:iOS_13,maj:iOS_13,maj:iOS_13,leaf:iOS_13_5.0,leaf:iOS_13_3.0,leaf:iOS_13_3.0|leaf:iOS_13_5.0
10869,fam:iOS,fam:iOS,fam:iOS|fam:macOS,maj:iOS_13,maj:iOS_13,maj:iOS_13|maj:macOS_10,leaf:iOS_13_5.0,leaf:iOS_13_4.0,leaf:iOS_13_3.0|leaf:iOS_13_4.0|leaf:iOS_13_5.0|leaf:macOS_10_11.0|leaf:macOS_10_15.0
10871,fam:iOS,fam:iOS,fam:iOS|fam:macOS,maj:iOS_13,maj:iOS_13,maj:iOS_13|maj:macOS_10,leaf:iOS_13_5.0,leaf:iOS_13_4.0,leaf:iOS_13_1.0|leaf:iOS_13_2.0|leaf:iOS_13_3.0|leaf:iOS_13_4.0|leaf:iOS_13_5.0|leaf:iOS_13_6.0|leaf:macOS_10_15.0
10873,fam:iOS,fam:iOS,fam:iOS|fam:macOS,maj:iOS_13,maj:iOS_13,maj:iOS_13|maj:macOS_10,leaf:iOS_13_5.0,leaf:iOS_13_4.0,leaf:iOS_13_1.0|leaf:iOS_13_2.0|leaf:iOS_13_3.0|leaf:iOS_13_4.0|leaf:iOS_13_5.0|leaf:iOS_13_6.0|leaf:macOS_10_15.0
10878,fam:iOS,fam:iOS,fam:iOS,maj:iOS_13,maj:iOS_13,maj:iOS_13,leaf:iOS_13_5.0,leaf:iOS_13_3.0,leaf:iOS_13_3.0|leaf:iOS_13_5.0
10880,fam:iOS,fam:iOS,fam:iOS,maj:iOS_13,maj:iOS_13,maj:iOS_13,leaf:iOS_13_5.0,leaf:iOS_13_3.0,leaf:iOS_13_3.0|leaf:iOS_13_5.0
10883,fam:iOS,fam:iOS,fam:iOS|fam:macOS,maj:iOS_13,maj:iOS_13,maj:iOS_13|maj:macOS_10,leaf:iOS_13_5.0,leaf:iOS_13_5.0,leaf:iOS_13_1.0|leaf:iOS_13_2.0|leaf:iOS_13_3.0|leaf:iOS_13_4.0|leaf:iOS_13_5.0|leaf:macOS_10_15.0
10888,fam:iOS,fam:iOS,fam:iOS|fam:macOS,maj:iOS_13,maj:iOS_13,maj:iOS_13|maj:macOS_10,leaf:iOS_13_5.0,leaf:iOS_13_5.0,leaf:iOS_13_1.0|leaf:iOS_13_3.0|leaf:iOS_13_4.0|leaf:iOS_13_5.0|leaf:macOS_10_11.0
10889,fam:iOS,fam:iOS,fam:iOS,maj:iOS_13,maj:iOS_13,maj:iOS_13,leaf:iOS_13_5.0,leaf:iOS_13_4.0,leaf:iOS_13_2.0|leaf:iOS_13_3.0|leaf:iOS_13_4.0|leaf:iOS_13_5.0
10891,fam:iOS,fam:iOS,fam:iOS|fam:macOS,maj:iOS_13,maj:iOS_13,maj:iOS_13|maj:macOS_10,leaf:iOS_13_5.0,leaf:iOS_13_4.0,leaf:iOS_13_1.0|leaf:iOS_13_2.0|leaf:iOS_13_3.0|leaf:iOS_13_4.0|leaf:iOS_13_5.0|leaf:iOS_13_6.0|leaf:macOS_10_15.0
10892,fam:iOS,fam:iOS,fam:iOS|fam:macOS,maj:iOS_13,maj:iOS_13,maj:iOS_13|maj:macOS_10,leaf:iOS_13_5.0,leaf:iOS_13_4.0,leaf:iOS_13_1.0|leaf:iOS_13_2.0|leaf:iOS_13_3.0|leaf:iOS_13_4.0|leaf:iOS_13_5.0|leaf:iOS_13_6.0|leaf:macOS_10_15.0
10893,fam:iOS,fam:iOS,fam:iOS|fam:macOS,maj:iOS_13,maj:iOS_13,maj:iOS_13|maj:macOS_10,leaf:iOS_13_5.0,leaf:iOS_13_4.0,leaf:iOS_13_1.0|leaf:iOS_13_3.0|leaf:iOS_13_4.0|leaf:iOS_13_5.0|leaf:macOS_10_11.0
10894,fam:iOS,fam:iOS,fam:iOS|fam:macOS,maj:iOS_13,maj:iOS_13,maj:iOS_13|maj:macOS_10,leaf:iOS_13_5.0,leaf:iOS_13_4.0,leaf:iOS_13_1.0|leaf:iOS_13_3.0|leaf:iOS_13_4.0|leaf:iOS_13_5.0|leaf:macOS_10_11.0
10896,fam:iOS,fam:iOS,fam:iOS|fam:macOS,maj:iOS_13,maj:iOS_13,maj:iOS_13|maj:macOS_10,leaf:iOS_13_5.0,leaf:iOS_13_4.0,leaf:iOS_13_1.0|leaf:iOS_13_2.0|leaf:iOS_13_3.0|leaf:iOS_13_4.0|leaf:iOS_13_5.0|leaf:iOS_13_6.0|leaf:macOS_10_15.0
10897,fam:iOS,fam:iOS,fam:iOS|fam:macOS,maj:iOS_13,maj:iOS_13,maj:iOS_13|maj:macOS_10,leaf:iOS_13_5.0,leaf:iOS_13_4.0,leaf:iOS_13_1.0|leaf:iOS_13_3.0|leaf:iOS_13_4.0|leaf:iOS_13_5.0|leaf:iOS_13_6.0|leaf:macOS_10_15.0
10900,fam:iOS,fam:iOS,fam:iOS|fam:macOS,maj:iOS_13,maj:iOS_13,maj:iOS_13|maj:macOS_10,leaf:iOS_13_5.0,leaf:iOS_13_5.0,leaf:iOS_13_3.0|leaf:iOS_13_4.0|leaf:iOS_13_5.0|leaf:macOS_10_15.0
10902,fam:iOS,fam:iOS,fam:iOS|fam:macOS,maj:iOS_13,maj:iOS_13,maj:iOS_13|maj:macOS_10,leaf:iOS_13_5.0,leaf:iOS_13_5.0,leaf:iOS_13_3.0|leaf:iOS_13_4.0|leaf:iOS_13_5.0|leaf:macOS_10_15.0
10903,fam:iOS,fam:iOS,fam:iOS|fam:macOS,maj:iOS_13,maj:iOS_13,maj:iOS_13|maj:macOS_10,leaf:iOS_13_5.0,leaf:iOS_13_4.0,leaf:iOS_13_1.0|leaf:iOS_13_2.0|leaf:iOS_13_3.0|leaf:iOS_13_4.0|leaf:iOS_13_5.0|leaf:iOS_13_6.0|leaf:macOS_10_15.0
10904,fam:iOS,fam:iOS,fam:iOS|fam:macOS,maj:iOS_13,maj:iOS_13,maj:iOS_13|maj:macOS_10,leaf:iOS_13_5.0,leaf:iOS_13_5.0,leaf:iOS_13_1.0|leaf:iOS_13_2.0|leaf:iOS_13_3.0|leaf:iOS_13_4.0|leaf:iOS_13_5.0|leaf:macOS_10_15.0
10905,fam:iOS,fam:iOS,fam:iOS|fam:macOS,maj:iOS_13,maj:iOS_13,maj:iOS_13|maj:macOS_10,leaf:iOS_13_5.0,leaf:iOS_13_4.0,leaf:iOS_13_1.0|leaf:iOS_13_2.0|leaf:iOS_13_3.0|leaf:iOS_13_4.0|leaf:iOS_13_5.0|leaf:macOS_10_11.0
10906,fam:iOS,fam:iOS,fam:iOS|fam:macOS,maj:iOS_13,maj:iOS_13,maj:iOS_13|maj:macOS_10,leaf:iOS_13_5.0,leaf:iOS_13_4.0,leaf:iOS_13_1.0|leaf:iOS_13_2.0|leaf:iOS_13_3.0|leaf:iOS_13_4.0|leaf:iOS_13_5.0|leaf:iOS_13_6.0|leaf:macOS_10_15.0
10907,fam:iOS,fam:iOS,fam:iOS,maj:iOS_13,maj:iOS_13,maj:iOS_13,leaf:iOS_13_5.0,leaf:iOS_13_3.0,leaf:iOS_13_3.0|leaf:iOS_13_5.0
10910,fam:iOS,fam:iOS,fam:iOS|fam:macOS,maj:iOS_13,maj:iOS_13,maj:iOS_13|maj:macOS_10,leaf:iOS_13_5.0,leaf:iOS_13_3.0,leaf:iOS_13_1.0|leaf:iOS_13_2.0|leaf:iOS_13_3.0|leaf:iOS_13_4.0|leaf:iOS_13_5.0|leaf:iOS_13_6.0|leaf:macOS_10_11.0|leaf:macOS_10_15.0
10911,fam:iOS,fam:iOS,fam:iOS|fam:macOS,maj:iOS_13,maj:iOS_13,maj:iOS_13|maj:macOS_10,leaf:iOS_13_5.0,leaf:iOS_13_4.0,leaf:iOS_13_1.0|leaf:iOS_13_2.0|leaf:iOS_13_3.0|leaf:iOS_13_4.0|leaf:iOS_13_5.0|leaf:iOS_13_6.0|leaf:macOS_10_15.0
10912,fam:iOS,fam:iOS,fam:iOS|fam:macOS,maj:iOS_13,maj:iOS_13,maj:iOS_13|maj:macOS_10,leaf:iOS_13_5.0,leaf:iOS_13_4.0,leaf:iOS_13_1.0|leaf:iOS_13_3.0|leaf:iOS_13_4.0|leaf:iOS_13_5.0|leaf:macOS_10_11.0
10913,fam:iOS,fam:iOS,fam:iOS|fam:macOS,maj:iOS_13,maj:iOS_13,maj:iOS_13|maj:macOS_10,leaf:iOS_13_5.0,leaf:iOS_13_4.0,leaf:iOS_13_1.0|leaf:iOS_13_3.0|leaf:iOS_13_4.0|leaf:iOS_13_5.0|leaf:macOS_10_11.0
10914,fam:iOS,fam:iOS,fam:iOS|fam:macOS,maj:iOS_13,maj:iOS_13,maj:iOS_13|maj:macOS_10,leaf:iOS_13_5.0,leaf:iOS_13_4.0,leaf:iOS_13_1.0|leaf:iOS_13_2.0|leaf:iOS_13_3.0|leaf:iOS_13_4.0|leaf:iOS_13_5.0|leaf:iOS_13_6.0|leaf:macOS_10_15.0
10915,fam:iOS,fam:iOS,fam:iOS|fam:macOS,maj:iOS_13,maj:iOS_13,maj:iOS_13|maj:macOS_10,leaf:iOS_13_5.0,leaf:iOS_13_4.0,leaf:iOS_13_1.0|leaf:iOS_13_2.0|leaf:iOS_13_3.0|leaf:iOS_13_4.0|leaf:iOS_13_5.0|leaf:iOS_13_6.0|leaf:macOS_10_15.0
10920,fam:iOS,fam:iOS,fam:iOS|fam:macOS,maj:iOS_13,maj:iOS_13,maj:iOS_13|maj:macOS_10,leaf:iOS_13_5.0,leaf:iOS_13_5.0,leaf:iOS_13_3.0|leaf:iOS_13_4.0|leaf:iOS_13_5.0|leaf:macOS_10_11.0|leaf:macOS_10_15.0
10921,fam:iOS,fam:iOS,fam:iOS|fam:macOS,maj:iOS_13,maj:iOS_13,maj:iOS_13|maj:macOS_10,leaf:iOS_13_5.0,leaf:iOS_13_4.0,leaf:iOS_13_1.0|leaf:iOS_13_2.0|leaf:iOS_13_3.0|leaf:iOS_13_4.0|leaf:iOS_13_5.0|leaf:iOS_13_6.0|leaf:macOS_10_15.0
10922,fam:iOS,fam:iOS,fam:iOS|fam:macOS,maj:iOS_13,maj:iOS_13,maj:iOS_13|maj:macOS_10,leaf:iOS_13_5.0,leaf:iOS_13_4.0,leaf:iOS_13_1.0|leaf:iOS_13_2.0|leaf:iOS_13_3.0|leaf:iOS_13_4.0|leaf:iOS_13_5.0|leaf:iOS_13_6.0|leaf:macOS_10_15.0
10923,fam:iOS,fam:iOS,fam:iOS|fam:macOS,maj:iOS_13,maj:iOS_13,maj:iOS_13|maj:macOS_10,leaf:iOS_13_5.0,leaf:iOS_13_5.0,leaf:iOS_13_3.0|leaf:iOS_13_5.0|leaf:macOS_10_15.0
10924,fam:iOS,fam:iOS,fam:iOS|fam:macOS,maj:iOS_13,maj:iOS_13,maj:iOS_13|maj:macOS_10,leaf:iOS_13_5.0,leaf:iOS_13_4.0,leaf:iOS_13_1.0|leaf:iOS_13_2.0|leaf:iOS_13_3.0|leaf:iOS_13_4.0|leaf:iOS_13_5.0|leaf:macOS_10_11.0
10926,fam:iOS,fam:iOS,fam:iOS|fam:macOS,maj:iOS_13,maj:iOS_13,maj:iOS_13|maj:macOS_10,leaf:iOS_13_5.0,leaf:iOS_13_4.0,leaf:iOS_13_1.0|leaf:iOS_13_2.0|leaf:iOS_13_3.0|leaf:iOS_13_4.0|leaf:iOS_13_5.0|leaf:macOS_10_11.0
10928,fam:iOS,fam:iOS,fam:iOS,maj:iOS_13,maj:iOS_13,maj:iOS_13,leaf:iOS_13_5.0,leaf:iOS_13_4.0,leaf:iOS_13_3.0|leaf:iOS_13_4.0|leaf:iOS_13_5.0
10929,fam:iOS,fam:iOS,fam:iOS|fam:macOS,maj:iOS_13,maj:iOS_13,maj:iOS_13|maj:macOS_10,leaf:iOS_13_5.0,leaf:iOS_13_4.0,leaf:iOS_13_2.0|leaf:iOS_13_3.0|leaf:iOS_13_4.0|leaf:iOS_13_5.0|leaf:macOS_10_15.0
10930,fam:iOS,fam:iOS,fam:iOS|fam:macOS,maj:iOS_13,maj:iOS_13,maj:iOS_13|maj:macOS_10,leaf:iOS_13_5.0,leaf:iOS_13_4.0,leaf:iOS_13_1.0|leaf:iOS_13_3.0|leaf:iOS_13_4.0|leaf:iOS_13_5.0|leaf:iOS_13_6.0|leaf:macOS_10_15.0
10931,fam:iOS,fam:iOS,fam:iOS|fam:macOS,maj:iOS_13,maj:iOS_13,maj:iOS_13|maj:macOS_10,leaf:iOS_13_5.0,leaf:iOS_13_4.0,leaf:iOS_13_1.0|leaf:iOS_13_3.0|leaf:iOS_13_4.0|leaf:iOS_13_5.0|leaf:macOS_10_11.0
10932,fam:iOS,fam:iOS,fam:iOS,maj:iOS_13,maj:iOS_13,maj:iOS_13,leaf:iOS_13_5.0,leaf:iOS_13_3.0,leaf:iOS_13_3.0|leaf:iOS_13_5.0
10933,fam:iOS,fam:iOS,fam:iOS|fam:macOS,maj:iOS_13,maj:iOS_13,maj:iOS_13|maj:macOS_10,leaf:iOS_13_5.0,leaf:macOS_10_11.0,leaf:iOS_13_2.0|leaf:iOS_13_3.0|leaf:iOS_13_4.0|leaf:iOS_13_5.0|leaf:macOS_10_11.0|leaf:macOS_10_15.0
10934,fam:iOS,fam:iOS,fam:iOS|fam:macOS,maj:iOS_13,maj:iOS_13,maj:iOS_13|maj:macOS_10,leaf:iOS_13_5.0,leaf:iOS_13_3.0,leaf:iOS_13_1.0|leaf:iOS_13_2.0|leaf:iOS_13_3.0|leaf:iOS_13_4.0|leaf:iOS_13_5.0|leaf:iOS_13_6.0|leaf:macOS_10_11.0|leaf:macOS_10_15.0
10938,fam:iOS,fam:iOS,fam:iOS|fam:macOS,maj:iOS_13,maj:iOS_13,maj:iOS_13|maj:macOS_10,leaf:iOS_13_5.0,leaf:iOS_13_5.0,leaf:iOS_13_1.0|leaf:iOS_13_2.0|leaf:iOS_13_3.0|leaf:iOS_13_4.0|leaf:iOS_13_5.0|leaf:macOS_10_15.0
10939,fam:iOS,fam:iOS,fam:iOS|fam:macOS,maj:iOS_13,maj:iOS_13,maj:iOS_13|maj:macOS_10,leaf:iOS_13_5.0,leaf:iOS_13_5.0,leaf:iOS_13_1.0|leaf:iOS_13_2.0|leaf:iOS_13_3.0|leaf:iOS_13_4.0|leaf:iOS_13_5.0|leaf:macOS_10_15.0
10942,fam:iOS,fam:iOS,fam:iOS|fam:macOS,maj:iOS_13,maj:iOS_13,maj:iOS_13|maj:macOS_10,leaf:iOS_13_5.0,leaf:iOS_13_4.0,leaf:iOS_13_1.0|leaf:iOS_13_3.0|leaf:iOS_13_4.0|leaf:iOS_13_5.0|leaf:iOS_13_6.0|leaf:macOS_10_15.0
10943,fam:iOS,fam:iOS,fam:iOS,maj:iOS_13,maj:iOS_13,maj:iOS_13,leaf:iOS_13_5.0,leaf:iOS_13_3.0,leaf:iOS_13_3.0|leaf:iOS_13_5.0
10944,fam:iOS,fam:iOS,fam:iOS|fam:macOS,maj:iOS_13,maj:iOS_13,maj:iOS_13|maj:macOS_10,leaf:iOS_13_5.0,leaf:iOS_13_5.0,leaf:iOS_13_3.0|leaf:iOS_13_4.0|leaf:iOS_13_5.0|leaf:macOS_10_15.0
10945,fam:iOS,fam:iOS,fam:iOS|fam:macOS,maj:iOS_13,maj:iOS_13,maj:iOS_13|maj:macOS_10,leaf:iOS_13_5.0,leaf:iOS_13_4.0,leaf:iOS_13_1.0|leaf:iOS_13_2.0|leaf:iOS_13_3.0|leaf:iOS_13_4.0|leaf:iOS_13_5.0|leaf:iOS_13_6.0|leaf:macOS_10_15.0
10946,fam:iOS,fam:iOS,fam:iOS|fam:macOS,maj:iOS_13,maj:iOS_13,maj:iOS_13|maj:macOS_10,leaf:iOS_13_5.0,leaf:iOS_13_4.0,leaf:iOS_13_1.0|leaf:iOS_13_2.0|leaf:iOS_13_3.0|leaf:iOS_13_4.0|leaf:iOS_13_5.0|leaf:iOS_13_6.0|leaf:macOS_10_15.0
10948,fam:iOS,fam:iOS,fam:iOS|fam:macOS,maj:iOS_13,maj:iOS_13,maj:iOS_13|maj:macOS_10,leaf:iOS_13_5.0,leaf:iOS_13_4.0,leaf:iOS_13_1.0|leaf:iOS_13_2.0|leaf:iOS_13_3.0|leaf:iOS_13_4.0|leaf:iOS_13_5.0|leaf:iOS_13_6.0|leaf:macOS_10_15.0
10949,fam:iOS,fam:iOS,fam:iOS|fam:macOS,maj:iOS_13,maj:iOS_13,maj:iOS_13|maj:macOS_10,leaf:iOS_13_5.0,leaf:iOS_13_4.0,leaf:iOS_13_3.0|leaf:iOS_13_4.0|leaf:iOS_13_5.0|leaf:macOS_10_11.0
10950,fam:iOS,fam:iOS,fam:iOS|fam:macOS,maj:iOS_13,maj:iOS_13,maj:iOS_13|maj:macOS_10,leaf:iOS_13_5.0,leaf:iOS_13_4.0,leaf:iOS_13_1.0|leaf:iOS_13_2.0|leaf:iOS_13_3.0|leaf:iOS_13_4.0|leaf:iOS_13_5.0|leaf:iOS_13_6.0|leaf:macOS_10_15.0
10951,fam:iOS,fam:iOS,fam:iOS|fam:macOS,maj:iOS_13,maj:iOS_13,maj:iOS_13|maj:macOS_10,leaf:iOS_13_5.0,leaf:iOS_13_4.0,leaf:iOS_13_3.0|leaf:iOS_13_4.0|leaf:iOS_13_5.0|leaf:macOS_10_11.0|leaf:macOS_10_15.0
10952,fam:iOS,fam:iOS,fam:iOS|fam:macOS,maj:iOS_13,maj:iOS_13,maj:iOS_13|maj:macOS_10,leaf:iOS_13_5.0,leaf:iOS_13_5.0,leaf:iOS_13_1.0|leaf:iOS_13_2.0|leaf:iOS_13_3.0|leaf:iOS_13_4.0|leaf:iOS_13_5.0|leaf:macOS_10_15.0
10954,fam:iOS,fam:iOS,fam:iOS|fam:macOS,maj:iOS_13,maj:iOS_13,maj:iOS_13|maj:macOS_10,leaf:iOS_13_5.0,leaf:iOS_13_4.0,leaf:iOS_13_1.0|leaf:iOS_13_2.0|leaf:iOS_13_3.0|leaf:iOS_13_4.0|leaf:iOS_13_5.0|leaf:iOS_13_6.0|leaf:macOS_10_15.0
10956,fam:iOS,fam:iOS,fam:iOS|fam:macOS,maj:iOS_13,maj:iOS_13,maj:iOS_13|maj:macOS_10,leaf:iOS_13_5.0,leaf:iOS_13_4.0,leaf:iOS_13_1.0|leaf:iOS_13_2.0|leaf:iOS_13_3.0|leaf:iOS_13_4.0|leaf:iOS_13_5.0|leaf:iOS_13_6.0|leaf:macOS_10_11.0|leaf:macOS_10_15.0
10957,fam:iOS,fam:iOS,fam:iOS|fam:macOS,maj:iOS_13,maj:iOS_13,maj:iOS_13|maj:macOS_10,leaf:iOS_13_5.0,leaf:iOS_13_4.0,leaf:iOS_13_1.0|leaf:iOS_13_3.0|leaf:iOS_13_4.0|leaf:iOS_13_5.0|leaf:iOS_13_6.0|leaf:macOS_10_15.0
10958,fam:iOS,fam:iOS,fam:iOS|fam:macOS,maj:iOS_13,maj:iOS_13,maj:iOS_13|maj:macOS_10,leaf:iOS_13_5.0,leaf:iOS_13_4.0,leaf:iOS_13_1.0|leaf:iOS_13_2.0|leaf:iOS_13_3.0|leaf:iOS_13_4.0|leaf:iOS_13_5.0|leaf:iOS_13_6.0|leaf:macOS_10_15.0
10959,fam:iOS,fam:iOS,fam:iOS|fam:macOS,maj:iOS_13,maj:iOS_13,maj:iOS_13|maj:macOS_10,leaf:iOS_13_5.0,leaf:iOS_13_5.0,leaf:iOS_13_1.0|leaf:iOS_13_2.0|leaf:iOS_13_3.0|leaf:iOS_13_4.0|leaf:iOS_13_5.0|leaf:iOS_13_6.0|leaf:macOS_10_11.0
10961,fam:iOS,fam:iOS,fam:iOS|fam:macOS,maj:iOS_13,maj:iOS_13,maj:iOS_13|maj:macOS_10,leaf:iOS_13_5.0,leaf:iOS_13_5.0,leaf:iOS_13_1.0|leaf:iOS_13_2.0|leaf:iOS_13_3.0|leaf:iOS_13_4.0|leaf:iOS_13_5.0|leaf:macOS_10_15.0
10965,fam:iOS,fam:iOS,fam:iOS|fam:macOS,maj:iOS_13,maj:iOS_13,maj:iOS_13|maj:macOS_10,leaf:iOS_13_5.0,leaf:iOS_13_3.0,leaf:iOS_13_1.0|leaf:iOS_13_2.0|leaf:iOS_13_3.0|leaf:iOS_13_4.0|leaf:iOS_13_5.0|leaf:iOS_13_6.0|leaf:macOS_10_11.0|leaf:macOS_10_15.0
10966,fam:iOS,fam:iOS,fam:iOS|fam:macOS,maj:iOS_13,maj:iOS_13,maj:iOS_13|maj:macOS_10,leaf:iOS_13_5.0,leaf:iOS_13_4.0,leaf:iOS_13_1.0|leaf:iOS_13_2.0|leaf:iOS_13_3.0|leaf:iOS_13_4.0|leaf:iOS_13_5.0|leaf:macOS_10_11.0
10968,fam:iOS,fam:iOS,fam:iOS|fam:macOS,maj:iOS_13,maj:iOS_13,maj:iOS_13|maj:macOS_10,leaf:iOS_13_5.0,leaf:iOS_13_4.0,leaf:iOS_13_1.0|leaf:iOS_13_2.0|leaf:iOS_13_3.0|leaf:iOS_13_4.0|leaf:iOS_13_5.0|leaf:iOS_13_6.0|leaf:macOS_10_15.0
10970,fam:iOS,fam:iOS,fam:iOS|fam:macOS,maj:iOS_13,maj:iOS_13,maj:iOS_13|maj:macOS_10,leaf:iOS_13_5.0,leaf:iOS_13_5.0,leaf:iOS_13_1.0|leaf:iOS_13_2.0|leaf:iOS_13_3.0|leaf:iOS_13_4.0|leaf:iOS_13_5.0|leaf:macOS_10_11.0
10973,fam:iOS,fam:iOS,fam:iOS|fam:macOS,maj:iOS_13,maj:iOS_13,maj:iOS_13|maj:macOS_10,leaf:iOS_13_5.0,leaf:iOS_13_4.0,leaf:iOS_13_3.0|leaf:iOS_13_4.0|leaf:iOS_13_5.0|leaf:macOS_10_15.0
10975,fam:iOS,fam:iOS,fam:iOS|fam:macOS,maj:iOS_13,maj:iOS_13,maj:iOS_13|maj:macOS_10,leaf:iOS_13_5.0,leaf:iOS_13_4.0,leaf:iOS_13_1.0|leaf:iOS_13_2.0|leaf:iOS_13_3.0|leaf:iOS_13_4.0|leaf:iOS_13_5.0|leaf:macOS_10_11.0
10976,fam:iOS,fam:iOS,fam:iOS|fam:macOS,maj:iOS_13,maj:iOS_13,maj:iOS_13|maj:macOS_10,leaf:iOS_13_5.0,leaf:iOS_13_4.0,leaf:iOS_13_2.0|leaf:iOS_13_3.0|leaf:iOS_13_4.0|leaf:iOS_13_5.0|leaf:macOS_10_15.0
10978,fam:iOS,fam:iOS,fam:iOS|fam:macOS,maj:iOS_13,maj:iOS_13,maj:iOS_13|maj:macOS_10,leaf:iOS_13_5.0,leaf:iOS_13_4.0,leaf:iOS_13_1.0|leaf:iOS_13_3.0|leaf:iOS_13_4.0|leaf:iOS_13_5.0|leaf:macOS_10_11.0
10979,fam:iOS,fam:iOS,fam:iOS|fam:macOS,maj:iOS_13,maj:iOS_13,maj:iOS_13|maj:macOS_10,leaf:iOS_13_5.0,leaf:iOS_13_5.0,leaf:iOS_13_1.0|leaf:iOS_13_2.0|leaf:iOS_13_3.0|leaf:iOS_13_4.0|leaf:iOS_13_5.0|leaf:macOS_10_15.0
10980,fam:iOS,fam:iOS,fam:iOS|fam:macOS,maj:iOS_13,maj:iOS_13,maj:iOS_13|maj:macOS_10,leaf:iOS_13_5.0,leaf:iOS_13_4.0,leaf:iOS_13_1.0|leaf:iOS_13_2.0|leaf:iOS_13_3.0|leaf:iOS_13_4.0|leaf:iOS_13_5.0|leaf:iOS_13_6.0|leaf:macOS_10_15.0
10981,fam:iOS,fam:iOS,fam:iOS|fam:macOS,maj:iOS_13,maj:iOS_13,maj:iOS_13|maj:macOS_10,leaf:iOS_13_5.0,leaf:iOS_13_4.0,leaf:iOS_13_1.0|leaf:iOS_13_2.0|leaf:iOS_13_3.0|leaf:iOS_13_4.0|leaf:iOS_13_5.0|leaf:macOS_10_11.0
10992,fam:iOS,fam:iOS,fam:iOS|fam:macOS,maj:iOS_13,maj:iOS_13,maj:iOS_13|maj:macOS_10,leaf:iOS_13_5.0,leaf:iOS_13_4.0,leaf:iOS_13_1.0|leaf:iOS_13_2.0|leaf:iOS_13_3.0|leaf:iOS_13_4.0|leaf:iOS_13_5.0|leaf:iOS_13_6.0|leaf:macOS_10_15.0
10996,fam:iOS,fam:iOS,fam:iOS|fam:macOS,maj:iOS_13,maj:iOS_13,maj:iOS_13|maj:macOS_10,leaf:iOS_13_5.0,leaf:iOS_13_5.0,leaf:iOS_13_3.0|leaf:iOS_13_4.0|leaf:iOS_13_5.0|leaf:macOS_10_15.0
10998,fam:iOS,fam:iOS,fam:iOS|fam:macOS,maj:iOS_13,maj:iOS_13,maj:iOS_13|maj:macOS_10,leaf:iOS_13_5.0,leaf:iOS_13_4.0,leaf:iOS_13_1.0|leaf:iOS_13_3.0|leaf:iOS_13_4.0|leaf:iOS_13_5.0|leaf:macOS_10_11.0
11001,fam:iOS,fam:iOS,fam:iOS|fam:macOS,maj:iOS_13,maj:iOS_13,maj:iOS_13|maj:macOS_10,leaf:iOS_13_5.0,leaf:iOS_13_5.0,leaf:iOS_13_3.0|leaf:iOS_13_4.0|leaf:iOS_13_5.0|leaf:macOS_10_11.0|leaf:macOS_10_15.0
11002,fam:iOS,fam:iOS,fam:iOS|fam:macOS,maj:iOS_13,maj:iOS_13,maj:iOS_13|maj:macOS_10,leaf:iOS_13_5.0,leaf:iOS_13_4.0,leaf:iOS_13_1.0|leaf:iOS_13_2.0|leaf:iOS_13_3.0|leaf:iOS_13_4.0|leaf:iOS_13_5.0|leaf:macOS_10_11.0
11003,fam:iOS,fam:iOS,fam:iOS,maj:iOS_13,maj:iOS_13,maj:iOS_13,leaf:iOS_13_5.0,leaf:iOS_13_3.0,leaf:iOS_13_3.0|leaf:iOS_13_5.0
11005,fam:iOS,fam:iOS,fam:iOS|fam:macOS,maj:iOS_13,maj:iOS_13,maj:iOS_13|maj:macOS_10,leaf:iOS_13_5.0,leaf:iOS_13_4.0,leaf:iOS_13_1.0|leaf:iOS_13_2.0|leaf:iOS_13_3.0|leaf:iOS_13_4.0|leaf:iOS_13_5.0|leaf:iOS_13_6.0|leaf:macOS_10_15.0
11006,fam:iOS,fam:iOS,fam:iOS|fam:macOS,maj:iOS_13,maj:iOS_13,maj:iOS_13|maj:macOS_10,leaf:iOS_13_5.0,leaf:iOS_13_5.0,leaf:iOS_13_3.0|leaf:iOS_13_4.0|leaf:iOS_13_5.0|leaf:macOS_10_15.0
11007,fam:iOS,fam:iOS,fam:iOS,maj:iOS_13,maj:iOS_13,maj:iOS_13,leaf:iOS_13_5.0,leaf:iOS_13_3.0,leaf:iOS_13_3.0|leaf:iOS_13_5.0
11008,fam:iOS,fam:iOS,fam:iOS|fam:macOS,maj:iOS_13,maj:iOS_13,maj:iOS_13|maj:macOS_10,leaf:iOS_13_5.0,leaf:iOS_13_4.0,leaf:iOS_13_3.0|leaf:iOS_13_4.0|leaf:iOS_13_5.0|leaf:macOS_10_15.0
11011,fam:iOS,fam:iOS,fam:iOS|fam:macOS,maj:iOS_13,maj:iOS_13,maj:iOS_13|maj:macOS_10,leaf:iOS_13_5.0,leaf:iOS_13_4.0,leaf:iOS_13_1.0|leaf:iOS_13_3.0|leaf:iOS_13_4.0|leaf:iOS_13_5.0|leaf:macOS_10_11.0
11012,fam:iOS,fam:iOS,fam:iOS|fam:macOS,maj:iOS_13,maj:iOS_13,maj:iOS_13|maj:macOS_10,leaf:iOS_13_5.0,leaf:iOS_13_4.0,leaf:iOS_13_1.0|leaf:iOS_13_2.0|leaf:iOS_13_3.0|leaf:iOS_13_4.0|leaf:iOS_13_5.0|leaf:iOS_13_6.0|leaf:macOS_10_15.0
11015,fam:iOS,fam:iOS,fam:iOS|fam:macOS,maj:iOS_13,maj:iOS_13,maj:iOS_13|maj:macOS_10,leaf:iOS_13_5.0,leaf:iOS_13_4.0,leaf:iOS_13_1.0|leaf:iOS_13_3.0|leaf:iOS_13_4.0|leaf:iOS_13_5.0|leaf:macOS_10_11.0
11016,fam:iOS,fam:iOS,fam:iOS|fam:macOS,maj:iOS_13,maj:iOS_13,maj:iOS_13|maj:macOS_10,leaf:iOS_13_5.0,leaf:iOS_13_5.0,leaf:iOS_13_1.0|leaf:iOS_13_2.0|leaf:iOS_13_3.0|leaf:iOS_13_4.0|leaf:iOS_13_5.0|leaf:iOS_13_6.0|leaf:macOS_10_15.0
11020,fam:iOS,fam:iOS,fam:iOS|fam:macOS,maj:iOS_13,maj:iOS_13,maj:iOS_13|maj:macOS_10,leaf:iOS_13_5.0,leaf:iOS_13_5.0,leaf:iOS_13_1.0|leaf:iOS_13_2.0|leaf:iOS_13_3.0|leaf:iOS_13_4.0|leaf:iOS_13_5.0|leaf:iOS_13_6.0|leaf:macOS_10_15.0
11021,fam:iOS,fam:iOS,fam:iOS|fam:macOS,maj:iOS_13,maj:iOS_13,maj:iOS_13|maj:macOS_10,leaf:iOS_13_5.0,leaf:iOS_13_4.0,leaf:iOS_13_1.0|leaf:iOS_13_2.0|leaf:iOS_13_3.0|leaf:iOS_13_4.0|leaf:iOS_13_5.0|leaf:iOS_13_6.0|leaf:macOS_10_15.0
11022,fam:iOS,fam:iOS,fam:iOS|fam:macOS,maj:iOS_13,maj:iOS_13,maj:iOS_13|maj:macOS_10,leaf:iOS_13_5.0,leaf:iOS_13_4.0,leaf:iOS_13_1.0|leaf:iOS_13_3.0|leaf:iOS_13_4.0|leaf:iOS_13_5.0|leaf:macOS_10_11.0
11024,fam:iOS,fam:iOS,fam:iOS|fam:macOS,maj:iOS_13,maj:iOS_13,maj:iOS_13|maj:macOS_10,leaf:iOS_13_5.0,leaf:iOS_13_4.0,leaf:iOS_13_1.0|leaf:iOS_13_2.0|leaf:iOS_13_3.0|leaf:iOS_13_4.0|leaf:iOS_13_5.0|leaf:iOS_13_6.0|leaf:macOS_10_15.0
11025,fam:iOS,fam:iOS,fam:iOS|fam:macOS,maj:iOS_13,maj:iOS_13,maj:iOS_13|maj:macOS_10,leaf:iOS_13_5.0,leaf:iOS_13_4.0,leaf:iOS_13_1.0|leaf:iOS_13_2.0|leaf:iOS_13_3.0|leaf:iOS_13_4.0|leaf:iOS_13_5.0|leaf:macOS_10_11.0
11026,fam:iOS,fam:iOS,fam:iOS|fam:macOS,maj:iOS_13,maj:iOS_13,maj:iOS_13|maj:macOS_10,leaf:iOS_13_5.0,leaf:iOS_13_4.0,leaf:iOS_13_1.0|leaf:iOS_13_2.0|leaf:iOS_13_3.0|leaf:iOS_13_4.0|leaf:iOS_13_5.0|leaf:iOS_13_6.0|leaf:macOS_10_15.0
11027,fam:iOS,fam:iOS,fam:iOS|fam:macOS,maj:iOS_13,maj:iOS_13,maj:iOS_13|maj:macOS_10,leaf:iOS_13_5.0,leaf:iOS_13_4.0,leaf:iOS_13_1.0|leaf:iOS_13_2.0|leaf:iOS_13_3.0|leaf:iOS_13_4.0|leaf:iOS_13_5.0|leaf:macOS_10_11.0
11029,fam:iOS,fam:iOS,fam:iOS|fam:macOS,maj:iOS_13,maj:iOS_13,maj:iOS_13|maj:macOS_10,leaf:iOS_13_5.0,leaf:iOS_13_4.0,leaf:iOS_13_1.0|leaf:iOS_13_2.0|leaf:iOS_13_3.0|leaf:iOS_13_4.0|leaf:iOS_13_5.0|leaf:iOS_13_6.0|leaf:macOS_10_15.0
11030,fam:iOS,fam:iOS,fam:iOS|fam:macOS,maj:iOS_13,maj:iOS_13,maj:iOS_13|maj:macOS_10,leaf:iOS_13_5.0,leaf:iOS_13_4.0,leaf:iOS_13_3.0|leaf:iOS_13_4.0|leaf:iOS_13_5.0|leaf:macOS_10_11.0|leaf:macOS_10_15.0
11032,fam:iOS,fam:iOS,fam:iOS|fam:macOS,maj:iOS_13,maj:iOS_13,maj:iOS_13|maj:macOS_10,leaf:iOS_13_5.0,leaf:iOS_13_5.0,leaf:iOS_13_1.0|leaf:iOS_13_2.0|leaf:iOS_13_3.0|leaf:iOS_13_4.0|leaf:iOS_13_5.0|leaf:macOS_10_15.0
11033,fam:iOS,fam:iOS,fam:iOS|fam:macOS,maj:iOS_13,maj:iOS_13,maj:iOS_13|maj:macOS_10,leaf:iOS_13_5.0,leaf:iOS_13_5.0,leaf:iOS_13_3.0|leaf:iOS_13_4.0|leaf:iOS_13_5.0|leaf:macOS_10_15.0
11034,fam:iOS,fam:iOS,fam:iOS|fam:macOS,maj:iOS_13,maj:iOS_13,maj:iOS_13|maj:macOS_10,leaf:iOS_13_5.0,leaf:iOS_13_4.0,leaf:iOS_13_1.0|leaf:iOS_13_2.0|leaf:iOS_13_3.0|leaf:iOS_13_4.0|leaf:iOS_13_5.0|leaf:iOS_13_6.0|leaf:macOS_10_15.0
11035,fam:iOS,fam:iOS,fam:iOS|fam:macOS,maj:iOS_13,maj:iOS_13,maj:iOS_13|maj:macOS_10,leaf:iOS_13_5.0,leaf:iOS_13_5.0,leaf:iOS_13_1.0|leaf:iOS_13_2.0|leaf:iOS_13_3.0|leaf:iOS_13_4.0|leaf:iOS_13_5.0|leaf:macOS_10_15.0
11036,fam:iOS,fam:iOS,fam:iOS|fam:macOS,maj:iOS_13,maj:iOS_13,maj:iOS_13|maj:macOS_10,leaf:iOS_13_5.0,leaf:iOS_13_5.0,leaf:iOS_13_1.0|leaf:iOS_13_2.0|leaf:iOS_13_3.0|leaf:iOS_13_4.0|leaf:iOS_13_5.0|leaf:macOS_10_15.0
11037,fam:iOS,fam:iOS,fam:iOS|fam:macOS,maj:iOS_13,maj:iOS_13,maj:iOS_13|maj:macOS_10,leaf:iOS_13_5.0,leaf:iOS_13_4.0,leaf:iOS_13_1.0|leaf:iOS_13_3.0|leaf:iOS_13_4.0|leaf:iOS_13_5.0|leaf:macOS_10_11.0
11038,fam:iOS,fam:iOS,fam:iOS|fam:macOS,maj:iOS_13,maj:iOS_13,maj:iOS_13|maj:macOS_10,leaf:iOS_13_5.0,leaf:iOS_13_4.0,leaf:iOS_13_1.0|leaf:iOS_13_2.0|leaf:iOS_13_3.0|leaf:iOS_13_4.0|leaf:iOS_13_5.0|leaf:macOS_10_11.0
11039,fam:iOS,fam:iOS,fam:iOS|fam:macOS,maj:iOS_13,maj:iOS_13,maj:iOS_13|maj:macOS_10,leaf:iOS_13_5.0,leaf:iOS_13_4.0,leaf:iOS_13_1.0|leaf:iOS_13_2.0|leaf:iOS_13_3.0|leaf:iOS_13_4.0|leaf:iOS_13_5.0|leaf:macOS_10_11.0
11043,fam:iOS,fam:iOS,fam:iOS|fam:macOS,maj:iOS_13,maj:iOS_13,maj:iOS_13|maj:macOS_10,leaf:iOS_13_5.0,leaf:iOS_13_4.0,leaf:iOS_13_1.0|leaf:iOS_13_2.0|leaf:iOS_13_3.0|leaf:iOS_13_4.0|leaf:iOS_13_5.0|leaf:iOS_13_6.0|leaf:macOS_10_11.0|leaf:macOS_10_15.0
11044,fam:iOS,fam:iOS,fam:iOS,maj:iOS_13,maj:iOS_13,maj:iOS_13,leaf:iOS_13_5.0,leaf:iOS_13_3.0,leaf:iOS_13_3.0|leaf:iOS_13_5.0
11045,fam:iOS,fam:iOS,fam:iOS|fam:macOS,maj:iOS_13,maj:iOS_13,maj:iOS_13|maj:macOS_10,leaf:iOS_13_5.0,leaf:iOS_13_4.0,leaf:iOS_13_1.0|leaf:iOS_13_2.0|leaf:iOS_13_3.0|leaf:iOS_13_4.0|leaf:iOS_13_5.0|leaf:macOS_10_11.0
11046,fam:iOS,fam:iOS,fam:iOS|fam:macOS,maj:iOS_13,maj:iOS_13,maj:iOS_13|maj:macOS_10,leaf:iOS_13_5.0,leaf:iOS_13_4.0,leaf:iOS_13_1.0|leaf:iOS_13_3.0|leaf:iOS_13_4.0|leaf:iOS_13_5.0|leaf:macOS_10_11.0
11047,fam:iOS,fam:iOS,fam:iOS|fam:macOS,maj:iOS_13,maj:iOS_13,maj:iOS_13|maj:macOS_10,leaf:iOS_13_5.0,leaf:iOS_13_4.0,leaf:iOS_13_1.0|leaf:iOS_13_2.0|leaf:iOS_13_3.0|leaf:iOS_13_4.0|leaf:iOS_13_5.0|leaf:iOS_13_6.0|leaf:macOS_10_15.0
11048,fam:iOS,fam:iOS,fam:iOS|fam:macOS,maj:iOS_13,maj:iOS_13,maj:iOS_13|maj:macOS_10,leaf:iOS_13_5.0,leaf:iOS_13_4.0,leaf:iOS_13_1.0|leaf:iOS_13_2.0|leaf:iOS_13_3.0|leaf:iOS_13_4.0|leaf:iOS_13_5.0|leaf:iOS_13_6.0|leaf:macOS_10_15.0
11049,fam:iOS,fam:iOS,fam:iOS|fam:macOS,maj:iOS_13,maj:iOS_13,maj:iOS_13|maj:macOS_10,leaf:iOS_13_5.0,leaf:iOS_13_4.0,leaf:iOS_13_1.0|leaf:iOS_13_2.0|leaf:iOS_13_3.0|leaf:iOS_13_4.0|leaf:iOS_13_5.0|leaf:iOS_13_6.0|leaf:macOS_10_15.0
11050,fam:iOS,fam:iOS,fam:iOS|fam:macOS,maj:iOS_13,maj:iOS_13,maj:iOS_13|maj:macOS_10,leaf:iOS_13_5.0,leaf:iOS_13_4.0,leaf:iOS_13_1.0|leaf:iOS_13_3.0|leaf:iOS_13_4.0|leaf:iOS_13_5.0|leaf:macOS_10_11.0
11054,fam:iOS,fam:iOS,fam:iOS|fam:macOS,maj:iOS_13,maj:iOS_13,maj:iOS_13|maj:macOS_10,leaf:iOS_13_5.0,leaf:iOS_13_4.0,leaf:iOS_13_1.0|leaf:iOS_13_2.0|leaf:iOS_13_3.0|leaf:iOS_13_4.0|leaf:iOS_13_5.0|leaf:macOS_10_11.0
11058,fam:iOS,fam:iOS,fam:iOS|fam:macOS,maj:iOS_13,maj:iOS_13,maj:iOS_13|maj:macOS_10,leaf:iOS_13_5.0,leaf:iOS_13_4.0,leaf:iOS_13_1.0|leaf:iOS_13_2.0|leaf:iOS_13_3.0|leaf:iOS_13_4.0|leaf:iOS_13_5.0|leaf:iOS_13_6.0|leaf:macOS_10_15.0
11059,fam:iOS,fam:iOS,fam:iOS|fam:macOS,maj:iOS_13,maj:iOS_13,maj:iOS_13|maj:macOS_10,leaf:iOS_13_5.0,leaf:iOS_13_4.0,leaf:iOS_13_1.0|leaf:iOS_13_2.0|leaf:iOS_13_3.0|leaf:iOS_13_4.0|leaf:iOS_13_5.0|leaf:iOS_13_6.0|leaf:macOS_10_15.0
11064,fam:iOS,fam:iOS,fam:iOS,maj:iOS_13,maj:iOS_13,maj:iOS_13,leaf:iOS_13_5.0,leaf:iOS_13_5.0,leaf:iOS_13_3.0|leaf:iOS_13_5.0
11065,fam:iOS,fam:iOS,fam:iOS|fam:macOS,maj:iOS_13,maj:iOS_13,maj:iOS_13|maj:macOS_10,leaf:iOS_13_5.0,leaf:iOS_13_4.0,leaf:iOS_13_1.0|leaf:iOS_13_2.0|leaf:iOS_13_3.0|leaf:iOS_13_4.0|leaf:iOS_13_5.0|leaf:iOS_13_6.0|leaf:macOS_10_15.0
11066,fam:iOS,fam:iOS,fam:iOS|fam:macOS,maj:iOS_13,maj:iOS_13,maj:iOS_13|maj:macOS_10,leaf:iOS_13_5.0,leaf:iOS_13_4.0,leaf:iOS_13_1.0|leaf:iOS_13_2.0|leaf:iOS_13_3.0|leaf:iOS_13_4.0|leaf:iOS_13_5.0|leaf:iOS_13_6.0|leaf:macOS_10_15.0
11067,fam:iOS,fam:iOS,fam:iOS|fam:macOS,maj:iOS_13,maj:iOS_13,maj:iOS_13|maj:macOS_10,leaf:iOS_13_5.0,leaf:iOS_13_4.0,leaf:iOS_13_1.0|leaf:iOS_13_2.0|leaf:iOS_13_3.0|leaf:iOS_13_4.0|leaf:iOS_13_5.0|leaf:iOS_13_6.0|leaf:macOS_10_15.0
11068,fam:iOS,fam:iOS,fam:iOS|fam:macOS,maj:iOS_13,maj:iOS_13,maj:iOS_13|maj:macOS_10,leaf:iOS_13_5.0,leaf:iOS_13_5.0,leaf:iOS_13_2.0|leaf:iOS_13_3.0|leaf:iOS_13_4.0|leaf:iOS_13_5.0|leaf:macOS_10_11.0|leaf:macOS_10_15.0
11071,fam:iOS,fam:iOS,fam:iOS|fam:macOS,maj:iOS_13,maj:iOS_13,maj:iOS_13|maj:macOS_10,leaf:iOS_13_5.0,leaf:iOS_13_4.0,leaf:iOS_13_1.0|leaf:iOS_13_2.0|leaf:iOS_13_3.0|leaf:iOS_13_4.0|leaf:iOS_13_5.0|leaf:iOS_13_6.0|leaf:macOS_10_15.0
11072,fam:iOS,fam:iOS,fam:iOS|fam:macOS,maj:iOS_13,maj:iOS_13,maj:iOS_13|maj:macOS_10,leaf:iOS_13_5.0,leaf:iOS_13_4.0,leaf:iOS_13_1.0|leaf:iOS_13_2.0|leaf:iOS_13_3.0|leaf:iOS_13_4.0|leaf:iOS_13_5.0|leaf:iOS_13_6.0|leaf:macOS_10_15.0
11074,fam:iOS,fam:iOS,fam:iOS|fam:macOS,maj:iOS_13,maj:iOS_13,maj:iOS_13|maj:macOS_10,leaf:iOS_13_5.0,leaf:iOS_13_4.0,leaf:iOS_13_1.0|leaf:iOS_13_2.0|leaf:iOS_13_3.0|leaf:iOS_13_4.0|leaf:iOS_13_5.0|leaf:macOS_10_11.0
11078,fam:iOS,fam:iOS,fam:iOS|fam:macOS,maj:iOS_13,maj:iOS_13,maj:iOS_13|maj:macOS_10,leaf:iOS_13_5.0,leaf:iOS_13_5.0,leaf:iOS_13_1.0|leaf:iOS_13_3.0|leaf:iOS_13_4.0|leaf:iOS_13_5.0|leaf:macOS_10_11.0
11079,fam:iOS,fam:iOS,fam:iOS,maj:iOS_13,maj:iOS_13,maj:iOS_13,leaf:iOS_13_5.0,leaf:iOS_13_5.0,leaf:iOS_13_3.0|leaf:iOS_13_5.0
11082,fam:iOS,fam:iOS,fam:iOS|fam:macOS,maj:iOS_13,maj:iOS_13,maj:iOS_13|maj:macOS_10,leaf:iOS_13_5.0,leaf:iOS_13_5.0,leaf:iOS_13_3.0|leaf:iOS_13_4.0|leaf:iOS_13_5.0|leaf:macOS_10_11.0
11084,fam:iOS,fam:iOS,fam:iOS|fam:macOS,maj:iOS_13,maj:iOS_13,maj:iOS_13|maj:macOS_10,leaf:iOS_13_5.0,leaf:iOS_13_4.0,leaf:iOS_13_1.0|leaf:iOS_13_2.0|leaf:iOS_13_3.0|leaf:iOS_13_4.0|leaf:iOS_13_5.0|leaf:macOS_10_11.0
11087,fam:iOS,fam:iOS,fam:iOS|fam:macOS,maj:iOS_13,maj:iOS_13,maj:iOS_13|maj:macOS_10,leaf:iOS_13_5.0,leaf:iOS_13_4.0,leaf:iOS_13_1.0|leaf:iOS_13_2.0|leaf:iOS_13_3.0|leaf:iOS_13_4.0|leaf:iOS_13_5.0|leaf:macOS_10_11.0
11090,fam:iOS,fam:iOS,fam:iOS|fam:macOS,maj:iOS_13,maj:iOS_13,maj:iOS_13|maj:macOS_10,leaf:iOS_13_5.0,leaf:iOS_13_4.0,leaf:iOS_13_1.0|leaf:iOS_13_3.0|leaf:iOS_13_4.0|leaf:iOS_13_5.0|leaf:iOS_13_6.0|leaf:macOS_10_15.0
11092,fam:iOS,fam:iOS,fam:iOS|fam:macOS,maj:iOS_13,maj:iOS_13,maj:iOS_13|maj:macOS_10,leaf:iOS_13_5.0,leaf:iOS_13_4.0,leaf:iOS_13_1.0|leaf:iOS_13_2.0|leaf:iOS_13_3.0|leaf:iOS_13_4.0|leaf:iOS_13_5.0|leaf:iOS_13_6.0|leaf:macOS_10_15.0
11096,fam:iOS,fam:iOS,fam:iOS|fam:macOS,maj:iOS_13,maj:iOS_13,maj:iOS_13|maj:macOS_10,leaf:iOS_13_5.0,leaf:iOS_13_5.0,leaf:iOS_13_3.0|leaf:iOS_13_5.0|leaf:macOS_10_11.0
11097,fam:iOS,fam:iOS,fam:iOS|fam:macOS,maj:iOS_13,maj:iOS_13,maj:iOS_13|maj:macOS_10,leaf:iOS_13_5.0,leaf:iOS_13_4.0,leaf:iOS_13_1.0|leaf:iOS_13_2.0|leaf:iOS_13_3.0|leaf:iOS_13_4.0|leaf:iOS_13_5.0|leaf:iOS_13_6.0|leaf:macOS_10_15.0
11098,fam:iOS,fam:iOS,fam:iOS|fam:macOS,maj:iOS_13,maj:iOS_13,maj:iOS_13|maj:macOS_10,leaf:iOS_13_5.0,leaf:iOS_13_4.0,leaf:iOS_13_1.0|leaf:iOS_13_2.0|leaf:iOS_13_3.0|leaf:iOS_13_4.0|leaf:iOS_13_5.0|leaf:macOS_10_11.0
11099,fam:iOS,fam:iOS,fam:iOS|fam:macOS,maj:iOS_13,maj:iOS_13,maj:iOS_13|maj:macOS_10,leaf:iOS_13_5.0,leaf:iOS_13_4.0,leaf:iOS_13_1.0|leaf:iOS_13_2.0|leaf:iOS_13_3.0|leaf:iOS_13_4.0|leaf:iOS_13_5.0|leaf:macOS_10_11.0
11101,fam:iOS,fam:iOS,fam:iOS|fam:macOS,maj:iOS_13,maj:iOS_13,maj:iOS_13|maj:macOS_10,leaf:iOS_13_5.0,leaf:iOS_13_5.0,leaf:iOS_13_1.0|leaf:iOS_13_2.0|leaf:iOS_13_3.0|leaf:iOS_13_4.0|leaf:iOS_13_5.0|leaf:macOS_10_15.0
11103,fam:iOS,fam:iOS,fam:iOS|fam:macOS,maj:iOS_13,maj:iOS_13,maj:iOS_13|maj:macOS_10,leaf:iOS_13_5.0,leaf:iOS_13_4.0,leaf:iOS_13_1.0|leaf:iOS_13_2.0|leaf:iOS_13_3.0|leaf:iOS_13_4.0|leaf:iOS_13_5.0|leaf:iOS_13_6.0|leaf:macOS_10_15.0
11104,fam:iOS,fam:iOS,fam:iOS|fam:macOS,maj:iOS_13,maj:iOS_13,maj:iOS_13|maj:macOS_10,leaf:iOS_13_5.0,leaf:iOS_13_4.0,leaf:iOS_13_1.0|leaf:iOS_13_3.0|leaf:iOS_13_4.0|leaf:iOS_13_5.0|leaf:iOS_13_6.0|leaf:macOS_10_15.0
11105,fam:iOS,fam:iOS,fam:iOS|fam:macOS,maj:iOS_13,maj:iOS_13,maj:iOS_13|maj:macOS_10,leaf:iOS_13_5.0,leaf:iOS_13_4.0,leaf:iOS_13_1.0|leaf:iOS_13_2.0|leaf:iOS_13_3.0|leaf:iOS_13_4.0|leaf:iOS_13_5.0|leaf:iOS_13_6.0|leaf:macOS_10_11.0|leaf:macOS_10_15.0
11106,fam:iOS,fam:iOS,fam:iOS|fam:macOS,maj:iOS_13,maj:iOS_13,maj:iOS_13|maj:macOS_10,leaf:iOS_13_5.0,leaf:iOS_13_5.0,leaf:iOS_13_1.0|leaf:iOS_13_3.0|leaf:iOS_13_4.0|leaf:iOS_13_5.0|leaf:macOS_10_11.0
11108,fam:iOS,fam:iOS,fam:iOS|fam:macOS,maj:iOS_13,maj:iOS_13,maj:iOS_13|maj:macOS_10,leaf:iOS_13_5.0,leaf:iOS_13_4.0,leaf:iOS_13_1.0|leaf:iOS_13_2.0|leaf:iOS_13_3.0|leaf:iOS_13_4.0|leaf:iOS_13_5.0|leaf:macOS_10_11.0
11109,fam:iOS,fam:iOS,fam:iOS|fam:macOS,maj:iOS_13,maj:iOS_13,maj:iOS_13|maj:macOS_10,leaf:iOS_13_5.0,leaf:iOS_13_5.0,leaf:iOS_13_1.0|leaf:iOS_13_3.0|leaf:iOS_13_4.0|leaf:iOS_13_5.0|leaf:macOS_10_11.0
11110,fam:iOS,fam:iOS,fam:iOS|fam:macOS,maj:iOS_13,maj:iOS_13,maj:iOS_13|maj:macOS_10,leaf:iOS_13_5.0,leaf:iOS_13_4.0,leaf:iOS_13_1.0|leaf:iOS_13_3.0|leaf:iOS_13_4.0|leaf:iOS_13_5.0|leaf:macOS_10_11.0
11111,fam:iOS,fam:iOS,fam:iOS,maj:iOS_13,maj:iOS_13,maj:iOS_13,leaf:iOS_13_5.0,leaf:iOS_13_3.0,leaf:iOS_13_3.0|leaf:iOS_13_5.0
11113,fam:iOS,fam:iOS,fam:iOS|fam:macOS,maj:iOS_13,maj:iOS_13,maj:iOS_13|maj:macOS_10,leaf:iOS_13_5.0,leaf:iOS_13_4.0,leaf:iOS_13_1.0|leaf:iOS_13_2.0|leaf:iOS_13_3.0|leaf:iOS_13_4.0|leaf:iOS_13_5.0|leaf:iOS_13_6.0|leaf:macOS_10_15.0
11114,fam:iOS,fam:iOS,fam:iOS|fam:macOS,maj:iOS_13,maj:iOS_13,maj:iOS_13|maj:macOS_10,leaf:iOS_13_5.0,leaf:iOS_13_4.0,leaf:iOS_13_1.0|leaf:iOS_13_2.0|leaf:iOS_13_3.0|leaf:iOS_13_4.0|leaf:iOS_13_5.0|leaf:iOS_13_6.0|leaf:macOS_10_15.0
11115,fam:iOS,fam:iOS,fam:iOS|fam:macOS,maj:iOS_13,maj:iOS_13,maj:iOS_13|maj:macOS_10,leaf:iOS_13_5.0,leaf:iOS_13_5.0,leaf:iOS_13_1.0|leaf:iOS_13_2.0|leaf:iOS_13_3.0|leaf:iOS_13_4.0|leaf:iOS_13_5.0|leaf:iOS_13_6.0|leaf:macOS_10_15.0
11116,fam:iOS,fam:iOS,fam:iOS|fam:macOS,maj:iOS_13,maj:iOS_13,maj:iOS_13|maj:macOS_10,leaf:iOS_13_5.0,leaf:iOS_13_4.0,leaf:iOS_13_1.0|leaf:iOS_13_2.0|leaf:iOS_13_3.0|leaf:iOS_13_4.0|leaf:iOS_13_5.0|leaf:macOS_10_11.0
11118,fam:iOS,fam:iOS,fam:iOS|fam:macOS,maj:iOS_13,maj:iOS_13,maj:iOS_13|maj:macOS_10,leaf:iOS_13_5.0,leaf:iOS_13_4.0,leaf:iOS_13_1.0|leaf:iOS_13_2.0|leaf:iOS_13_3.0|leaf:iOS_13_4.0|leaf:iOS_13_5.0|leaf:iOS_13_6.0|leaf:macOS_10_15.0
11119,fam:iOS,fam:iOS,fam:iOS|fam:macOS,maj:iOS_13,maj:iOS_13,maj:iOS_13|maj:macOS_10,leaf:iOS_13_5.0,leaf:iOS_13_3.0,leaf:iOS_13_1.0|leaf:iOS_13_2.0|leaf:iOS_13_3.0|leaf:iOS_13_4.0|leaf:iOS_13_5.0|leaf:iOS_13_6.0|leaf:macOS_10_11.0|leaf:macOS_10_15.0
11120,fam:iOS,fam:iOS,fam:iOS|fam:macOS,maj:iOS_13,maj:iOS_13,maj:iOS_13|maj:macOS_10,leaf:iOS_13_5.0,leaf:iOS_13_4.0,leaf:iOS_13_1.0|leaf:iOS_13_3.0|leaf:iOS_13_4.0|leaf:iOS_13_5.0|leaf:macOS_10_11.0
11121,fam:iOS,fam:iOS,fam:iOS|fam:macOS,maj:iOS_13,maj:iOS_13,maj:iOS_13|maj:macOS_10,leaf:iOS_13_5.0,leaf:iOS_13_4.0,leaf:iOS_13_1.0|leaf:iOS_13_2.0|leaf:iOS_13_3.0|leaf:iOS_13_4.0|leaf:iOS_13_5.0|leaf:iOS_13_6.0|leaf:macOS_10_15.0
11122,fam:iOS,fam:iOS,fam:iOS,maj:iOS_13,maj:iOS_13,maj:iOS_13,leaf:iOS_13_5.0,leaf:iOS_13_3.0,leaf:iOS_13_3.0|leaf:iOS_13_5.0
11123,fam:iOS,fam:iOS,fam:iOS|fam:macOS,maj:iOS_13,maj:iOS_13,maj:iOS_13|maj:macOS_10,leaf:iOS_13_5.0,leaf:iOS_13_4.0,leaf:iOS_13_1.0|leaf:iOS_13_2.0|leaf:iOS_13_3.0|leaf:iOS_13_4.0|leaf:iOS_13_5.0|leaf:iOS_13_6.0|leaf:macOS_10_15.0
11126,fam:iOS,fam:iOS,fam:iOS|fam:macOS,maj:iOS_13,maj:iOS_13,maj:iOS_13|maj:macOS_10,leaf:iOS_13_5.0,leaf:iOS_13_4.0,leaf:iOS_13_1.0|leaf:iOS_13_2.0|leaf:iOS_13_3.0|leaf:iOS_13_4.0|leaf:iOS_13_5.0|leaf:macOS_10_11.0
11128,fam:iOS,fam:iOS,fam:iOS|fam:macOS,maj:iOS_13,maj:iOS_13,maj:iOS_13|maj:macOS_10,leaf:iOS_13_5.0,leaf:iOS_13_4.0,leaf:iOS_13_1.0|leaf:iOS_13_3.0|leaf:iOS_13_4.0|leaf:iOS_13_5.0|leaf:macOS_10_11.0
11131,fam:iOS,fam:iOS,fam:iOS|fam:macOS,maj:iOS_13,maj:iOS_13,maj:iOS_13|maj:macOS_10,leaf:iOS_13_5.0,leaf:iOS_13_4.0,leaf:iOS_13_1.0|leaf:iOS_13_2.0|leaf:iOS_13_3.0|leaf:iOS_13_4.0|leaf:iOS_13_5.0|leaf:iOS_13_6.0|leaf:macOS_10_15.0
11134,fam:iOS,fam:iOS,fam:iOS|fam:macOS,maj:iOS_13,maj:iOS_13,maj:iOS_13|maj:macOS_10,leaf:iOS_13_5.0,leaf:iOS_13_4.0,leaf:iOS_13_1.0|leaf:iOS_13_2.0|leaf:iOS_13_3.0|leaf:iOS_13_4.0|leaf:iOS_13_5.0|leaf:macOS_10_11.0
11137,fam:iOS,fam:iOS,fam:iOS|fam:macOS,maj:iOS_13,maj:iOS_13,maj:iOS_13|maj:macOS_10,leaf:iOS_13_5.0,leaf:iOS_13_5.0,leaf:iOS_13_3.0|leaf:iOS_13_4.0|leaf:iOS_13_5.0|leaf:macOS_10_15.0
11142,fam:iOS,fam:iOS,fam:iOS|fam:macOS,maj:iOS_13,maj:macOS_10,maj:iOS_13|maj:macOS_10,leaf:iOS_13_5.0,leaf:iOS_13_5.0,leaf:iOS_13_3.0|leaf:iOS_13_4.0|leaf:iOS_13_5.0|leaf:macOS_10_15.0
11145,fam:iOS,fam:iOS,fam:iOS|fam:macOS,maj:iOS_13,maj:iOS_13,maj:iOS_13|maj:macOS_10,leaf:iOS_13_5.0,leaf:iOS_13_4.0,leaf:iOS_13_1.0|leaf:iOS_13_2.0|leaf:iOS_13_3.0|leaf:iOS_13_4.0|leaf:iOS_13_5.0|leaf:macOS_10_11.0
11146,fam:iOS,fam:iOS,fam:iOS|fam:macOS,maj:iOS_13,maj:iOS_13,maj:iOS_13|maj:macOS_10,leaf:iOS_13_5.0,leaf:iOS_13_4.0,leaf:iOS_13_1.0|leaf:iOS_13_2.0|leaf:iOS_13_3.0|leaf:iOS_13_4.0|leaf:iOS_13_5.0|leaf:macOS_10_11.0
11148,fam:iOS,fam:iOS,fam:iOS|fam:macOS,maj:iOS_13,maj:iOS_13,maj:iOS_13|maj:macOS_10,leaf:iOS_13_5.0,leaf:iOS_13_4.0,leaf:iOS_13_1.0|leaf:iOS_13_2.0|leaf:iOS_13_3.0|leaf:iOS_13_4.0|leaf:iOS_13_5.0|leaf:iOS_13_6.0|leaf:macOS_10_15.0
11150,fam:iOS,fam:iOS,fam:iOS,maj:iOS_13,maj:iOS_13,maj:iOS_13,leaf:iOS_13_5.0,leaf:iOS_13_4.0,leaf:iOS_13_3.0|leaf:iOS_13_4.0|leaf:iOS_13_5.0
11151,fam:iOS,fam:iOS,fam:iOS|fam:macOS,maj:iOS_13,maj:iOS_13,maj:iOS_13|maj:macOS_10,leaf:iOS_13_5.0,leaf:iOS_13_4.0,leaf:iOS_13_1.0|leaf:iOS_13_2.0|leaf:iOS_13_3.0|leaf:iOS_13_4.0|leaf:iOS_13_5.0|leaf:iOS_13_6.0|leaf:macOS_10_15.0
11152,fam:iOS,fam:iOS,fam:iOS|fam:macOS,maj:iOS_13,maj:iOS_13,maj:iOS_13|maj:macOS_10,leaf:iOS_13_5.0,leaf:iOS_13_3.0,leaf:iOS_13_1.0|leaf:iOS_13_2.0|leaf:iOS_13_3.0|leaf:iOS_13_4.0|leaf:iOS_13_5.0|leaf:iOS_13_6.0|leaf:macOS_10_11.0|leaf:macOS_10_15.0
11154,fam:iOS,fam:iOS,fam:iOS|fam:macOS,maj:iOS_13,maj:iOS_13,maj:iOS_13|maj:macOS_10,leaf:iOS_13_5.0,leaf:iOS_13_4.0,leaf:iOS_13_1.0|leaf:iOS_13_2.0|leaf:iOS_13_3.0|leaf:iOS_13_4.0|leaf:iOS_13_5.0|leaf:iOS_13_6.0|leaf:macOS_10_15.0
11156,fam:iOS,fam:iOS,fam:iOS|fam:macOS,maj:iOS_13,maj:iOS_13,maj:iOS_13|maj:macOS_10,leaf:iOS_13_5.0,leaf:iOS_13_4.0,leaf:iOS_13_1.0|leaf:iOS_13_2.0|leaf:iOS_13_3.0|leaf:iOS_13_4.0|leaf:iOS_13_5.0|leaf:iOS_13_6.0|leaf:macOS_10_15.0
11157,fam:iOS,fam:iOS,fam:iOS|fam:macOS,maj:iOS_13,maj:iOS_13,maj:iOS_13|maj:macOS_10,leaf:iOS_13_5.0,leaf:iOS_13_4.0,leaf:iOS_13_1.0|leaf:iOS_13_2.0|leaf:iOS_13_3.0|leaf:iOS_13_4.0|leaf:iOS_13_5.0|leaf:macOS_10_11.0
11159,fam:iOS,fam:iOS,fam:iOS|fam:macOS,maj:iOS_13,maj:iOS_13,maj:iOS_13|maj:macOS_10,leaf:iOS_13_5.0,leaf:iOS_13_4.0,leaf:iOS_13_1.0|leaf:iOS_13_2.0|leaf:iOS_13_3.0|leaf:iOS_13_4.0|leaf:iOS_13_5.0|leaf:iOS_13_6.0|leaf:macOS_10_11.0|leaf:macOS_10_15.0
11160,fam:iOS,fam:iOS,fam:iOS|fam:macOS,maj:iOS_13,maj:iOS_13,maj:iOS_13|maj:macOS_10,leaf:iOS_13_5.0,leaf:iOS_13_5.0,leaf:iOS_13_1.0|leaf:iOS_13_2.0|leaf:iOS_13_3.0|leaf:iOS_13_4.0|leaf:iOS_13_5.0|leaf:macOS_10_15.0
11164,fam:iOS,fam:iOS,fam:iOS|fam:macOS,maj:iOS_13,maj:iOS_13,maj:iOS_13|maj:macOS_10,leaf:iOS_13_5.0,leaf:iOS_13_4.0,leaf:iOS_13_1.0|leaf:iOS_13_3.0|leaf:iOS_13_4.0|leaf:iOS_13_5.0|leaf:macOS_10_11.0
11168,fam:iOS,fam:iOS,fam:iOS|fam:macOS,maj:iOS_13,maj:iOS_13,maj:iOS_13|maj:macOS_10,leaf:iOS_13_5.0,leaf:iOS_13_4.0,leaf:iOS_13_1.0|leaf:iOS_13_2.0|leaf:iOS_13_3.0|leaf:iOS_13_4.0|leaf:iOS_13_5.0|leaf:iOS_13_6.0|leaf:macOS_10_15.0
11169,fam:iOS,fam:iOS,fam:iOS|fam:macOS,maj:iOS_13,maj:iOS_13,maj:iOS_13|maj:macOS_10,leaf:iOS_13_5.0,leaf:iOS_13_4.0,leaf:iOS_13_3.0|leaf:iOS_13_4.0|leaf:iOS_13_5.0|leaf:macOS_10_11.0
11170,fam:iOS,fam:iOS,fam:iOS|fam:macOS,maj:iOS_13,maj:iOS_13,maj:iOS_13|maj:macOS_10,leaf:iOS_13_5.0,leaf:iOS_13_5.0,leaf:iOS_13_1.0|leaf:iOS_13_2.0|leaf:iOS_13_3.0|leaf:iOS_13_4.0|leaf:iOS_13_5.0|leaf:macOS_10_15.0
11171,fam:iOS,fam:iOS,fam:iOS|fam:macOS,maj:iOS_13,maj:iOS_13,maj:iOS_13|maj:macOS_10,leaf:iOS_13_5.0,leaf:iOS_13_4.0,leaf:iOS_13_1.0|leaf:iOS_13_2.0|leaf:iOS_13_3.0|leaf:iOS_13_4.0|leaf:iOS_13_5.0|leaf:iOS_13_6.0|leaf:macOS_10_15.0
11172,fam:iOS,fam:iOS,fam:iOS|fam:macOS,maj:iOS_13,maj:iOS_13,maj:iOS_13|maj:macOS_10,leaf:iOS_13_5.0,leaf:iOS_13_5.0,leaf:iOS_13_1.0|leaf:iOS_13_3.0|leaf:iOS_13_4.0|leaf:iOS_13_5.0|leaf:macOS_10_11.0
11178,fam:iOS,fam:iOS,fam:iOS|fam:macOS,maj:iOS_13,maj:iOS_13,maj:iOS_13|maj:macOS_10,leaf:iOS_13_5.0,leaf:iOS_13_4.0,leaf:iOS_13_1.0|leaf:iOS_13_3.0|leaf:iOS_13_4.0|leaf:iOS_13_5.0|leaf:macOS_10_11.0
11180,fam:iOS,fam:iOS,fam:iOS|fam:macOS,maj:iOS_13,maj:iOS_13,maj:iOS_13|maj:macOS_10,leaf:iOS_13_5.0,leaf:iOS_13_5.0,leaf:iOS_13_1.0|leaf:iOS_13_2.0|leaf:iOS_13_3.0|leaf:iOS_13_4.0|leaf:iOS_13_5.0|leaf:macOS_10_15.0
11183,fam:iOS,fam:iOS,fam:iOS|fam:macOS,maj:iOS_13,maj:iOS_13,maj:iOS_13|maj:macOS_10,leaf:iOS_13_5.0,leaf:iOS_13_4.0,leaf:iOS_13_1.0|leaf:iOS_13_2.0|leaf:iOS_13_3.0|leaf:iOS_13_4.0|leaf:iOS_13_5.0|leaf:macOS_10_11.0
11185,fam:iOS,fam:iOS,fam:iOS|fam:macOS,maj:iOS_13,maj:iOS_13,maj:iOS_13|maj:macOS_10,leaf:iOS_13_5.0,leaf:iOS_13_4.0,leaf:iOS_13_1.0|leaf:iOS_13_2.0|leaf:iOS_13_3.0|leaf:iOS_13_4.0|leaf:iOS_13_5.0|leaf:iOS_13_6.0|leaf:macOS_10_15.0
11186,fam:iOS,fam:iOS,fam:iOS|fam:macOS,maj:iOS_13,maj:iOS_13,maj:iOS_13|maj:macOS_10,leaf:iOS_13_5.0,leaf:iOS_13_4.0,leaf:iOS_13_1.0|leaf:iOS_13_2.0|leaf:iOS_13_3.0|leaf:iOS_13_4.0|leaf:iOS_13_5.0|leaf:iOS_13_6.0|leaf:macOS_10_15.0
11187,fam:iOS,fam:iOS,fam:iOS|fam:macOS,maj:iOS_13,maj:iOS_13,maj:iOS_13|maj:macOS_10,leaf:iOS_13_5.0,leaf:iOS_13_4.0,leaf:iOS_13_1.0|leaf:iOS_13_2.0|leaf:iOS_13_3.0|leaf:iOS_13_4.0|leaf:iOS_13_5.0|leaf:macOS_10_11.0
11188,fam:iOS,fam:iOS,fam:iOS|fam:macOS,maj:iOS_13,maj:iOS_13,maj:iOS_13|maj:macOS_10,leaf:iOS_13_5.0,leaf:iOS_13_4.0,leaf:iOS_13_1.0|leaf:iOS_13_2.0|leaf:iOS_13_3.0|leaf:iOS_13_4.0|leaf:iOS_13_5.0|leaf:iOS_13_6.0|leaf:macOS_10_15.0
11193,fam:iOS,fam:iOS,fam:iOS|fam:macOS,maj:iOS_13,maj:iOS_13,maj:iOS_13|maj:macOS_10,leaf:iOS_13_5.0,leaf:iOS_13_4.0,leaf:iOS_13_1.0|leaf:iOS_13_2.0|leaf:iOS_13_3.0|leaf:iOS_13_4.0|leaf:iOS_13_5.0|leaf:iOS_13_6.0|leaf:macOS_10_15.0
11194,fam:iOS,fam:iOS,fam:iOS|fam:macOS,maj:iOS_13,maj:iOS_13,maj:iOS_13|maj:macOS_10,leaf:iOS_13_5.0,leaf:iOS_13_5.0,leaf:iOS_13_1.0|leaf:iOS_13_2.0|leaf:iOS_13_3.0|leaf:iOS_13_4.0|leaf:iOS_13_5.0|leaf:macOS_10_15.0
11196,fam:iOS,fam:iOS,fam:iOS|fam:macOS,maj:iOS_13,maj:iOS_13,maj:iOS_13|maj:macOS_10,leaf:iOS_13_5.0,leaf:iOS_13_4.0,leaf:iOS_13_1.0|leaf:iOS_13_2.0|leaf:iOS_13_3.0|leaf:iOS_13_4.0|leaf:iOS_13_5.0|leaf:iOS_13_6.0|leaf:macOS_10_15.0
11197,fam:iOS,fam:iOS,fam:iOS|fam:macOS,maj:iOS_13,maj:iOS_13,maj:iOS_13|maj:macOS_10,leaf:iOS_13_5.0,leaf:iOS_13_5.0,leaf:iOS_13_1.0|leaf:iOS_13_2.0|leaf:iOS_13_3.0|leaf:iOS_13_4.0|leaf:iOS_13_5.0|leaf:macOS_10_15.0
11198,fam:iOS,fam:iOS,fam:iOS|fam:macOS,maj:iOS_13,maj:iOS_13,maj:iOS_13|maj:macOS_10,leaf:iOS_13_5.0,leaf:iOS_13_5.0,leaf:iOS_13_1.0|leaf:iOS_13_2.0|leaf:iOS_13_3.0|leaf:iOS_13_4.0|leaf:iOS_13_5.0|leaf:iOS_13_6.0|leaf:macOS_10_15.0
11200,fam:iOS,fam:iOS,fam:iOS|fam:macOS,maj:iOS_13,maj:iOS_13,maj:iOS_13|maj:macOS_10,leaf:iOS_13_5.0,leaf:iOS_13_4.0,leaf:iOS_13_1.0|leaf:iOS_13_2.0|leaf:iOS_13_3.0|leaf:iOS_13_4.0|leaf:iOS_13_5.0|leaf:iOS_13_6.0|leaf:macOS_10_15.0
11203,fam:iOS,fam:iOS,fam:iOS|fam:macOS,maj:iOS_13,maj:iOS_13,maj:iOS_13|maj:macOS_10,leaf:iOS_13_5.0,leaf:iOS_13_4.0,leaf:iOS_13_1.0|leaf:iOS_13_2.0|leaf:iOS_13_3.0|leaf:iOS_13_4.0|leaf:iOS_13_5.0|leaf:iOS_13_6.0|leaf:macOS_10_15.0
11206,fam:iOS,fam:iOS,fam:iOS|fam:macOS,maj:iOS_13,maj:iOS_13,maj:iOS_13|maj:macOS_10,leaf:iOS_13_5.0,leaf:macOS_10_11.0,leaf:iOS_13_3.0|leaf:iOS_13_4.0|leaf:iOS_13_5.0|leaf:macOS_10_10.0|leaf:macOS_10_11.0
11207,fam:iOS,fam:iOS,fam:iOS|fam:macOS,maj:iOS_13,maj:iOS_13,maj:iOS_13|maj:macOS_10,leaf:iOS_13_5.0,leaf:iOS_13_4.0,leaf:iOS_13_1.0|leaf:iOS_13_2.0|leaf:iOS_13_3.0|leaf:iOS_13_4.0|leaf:iOS_13_5.0|leaf:iOS_13_6.0|leaf:macOS_10_15.0
11208,fam:iOS,fam:iOS,fam:iOS|fam:macOS,maj:iOS_13,maj:iOS_13,maj:iOS_13|maj:macOS_10,leaf:iOS_13_5.0,leaf:iOS_13_4.0,leaf:iOS_13_1.0|leaf:iOS_13_2.0|leaf:iOS_13_3.0|leaf:iOS_13_4.0|leaf:iOS_13_5.0|leaf:iOS_13_6.0|leaf:macOS_10_15.0
11210,fam:iOS,fam:macOS,fam:iOS|fam:macOS,maj:iOS_13,maj:macOS_10,maj:iOS_13|maj:macOS_10,leaf:iOS_13_5.0,leaf:macOS_10_15.0,leaf:iOS_13_1.0|leaf:iOS_13_3.0|leaf:iOS_13_4.0|leaf:iOS_13_5.0|leaf:macOS_10_15.0
11211,fam:iOS,fam:iOS,fam:iOS|fam:macOS,maj:iOS_13,maj:iOS_13,maj:iOS_13|maj:macOS_10,leaf:iOS_13_5.0,leaf:iOS_13_5.0,leaf:iOS_13_1.0|leaf:iOS_13_2.0|leaf:iOS_13_3.0|leaf:iOS_13_4.0|leaf:iOS_13_5.0|leaf:iOS_13_6.0|leaf:macOS_10_15.0
11212,fam:iOS,fam:iOS,fam:iOS|fam:macOS,maj:iOS_13,maj:iOS_13,maj:iOS_13|maj:macOS_10,leaf:iOS_13_5.0,leaf:iOS_13_4.0,leaf:iOS_13_3.0|leaf:iOS_13_4.0|leaf:iOS_13_5.0|leaf:macOS_10_11.0
11216,fam:iOS,fam:iOS,fam:iOS,maj:iOS_13,maj:iOS_13,maj:iOS_13,leaf:iOS_13_5.0,leaf:iOS_13_4.0,leaf:iOS_13_3.0|leaf:iOS_13_4.0|leaf:iOS_13_5.0
11217,fam:iOS,fam:iOS,fam:Windows|fam:iOS|fam:macOS,maj:iOS_13,maj:iOS_13,maj:Windows_7|maj:Windows_8|maj:iOS_13|maj:macOS_10,leaf:iOS_13_5.0,leaf:iOS_13_5.0,leaf:Windows_7|leaf:Windows_8_1.0|leaf:iOS_13_3.0|leaf:iOS_13_4.0|leaf:iOS_13_5.0|leaf:macOS_10_15.0|leaf:macOS_10_9.0
11219,fam:iOS,fam:iOS,fam:iOS|fam:macOS,maj:iOS_13,maj:iOS_13,maj:iOS_13|maj:macOS_10,leaf:iOS_13_5.0,leaf:macOS_10_11.0,leaf:iOS_13_2.0|leaf:iOS_13_3.0|leaf:iOS_13_4.0|leaf:iOS_13_5.0|leaf:macOS_10_11.0|leaf:macOS_10_15.0
11220,fam:iOS,fam:iOS,fam:iOS,maj:iOS_13,maj:iOS_13,maj:iOS_13,leaf:iOS_13_5.0,leaf:iOS_13_3.0,leaf:iOS_13_3.0|leaf:iOS_13_5.0
11223,fam:iOS,fam:iOS,fam:iOS|fam:macOS,maj:iOS_13,maj:iOS_13,maj:iOS_13|maj:macOS_10,leaf:iOS_13_5.0,leaf:iOS_13_5.0,leaf:iOS_13_1.0|leaf:iOS_13_3.0|leaf:iOS_13_4.0|leaf:iOS_13_5.0|leaf:macOS_10_11.0
11224,fam:iOS,fam:iOS,fam:iOS|fam:macOS,maj:iOS_13,maj:iOS_13,maj:iOS_13|maj:macOS_10,leaf:iOS_13_5.0,leaf:iOS_13_5.0,leaf:iOS_13_1.0|leaf:iOS_13_2.0|leaf:iOS_13_3.0|leaf:iOS_13_4.0|leaf:iOS_13_5.0|leaf:macOS_10_15.0
11227,fam:iOS,fam:iOS,fam:iOS|fam:macOS,maj:iOS_13,maj:iOS_13,maj:iOS_13|maj:macOS_10,leaf:iOS_13_5.0,leaf:iOS_13_4.0,leaf:iOS_13_3.0|leaf:iOS_13_4.0|leaf:iOS_13_5.0|leaf:macOS_10_11.0|leaf:macOS_10_15.0
11228,fam:iOS,fam:iOS,fam:iOS|fam:macOS,maj:iOS_13,maj:iOS_13,maj:iOS_13|maj:macOS_10,leaf:iOS_13_5.0,leaf:macOS_10_11.0,leaf:iOS_13_3.0|leaf:iOS_13_4.0|leaf:iOS_13_5.0|leaf:macOS_10_11.0|leaf:macOS_10_15.0
11232,fam:iOS,fam:iOS,fam:iOS|fam:macOS,maj:iOS_13,maj:iOS_13,maj:iOS_13|maj:macOS_10,leaf:iOS_13_5.0,leaf:iOS_13_4.0,leaf:iOS_13_1.0|leaf:iOS_13_2.0|leaf:iOS_13_3.0|leaf:iOS_13_4.0|leaf:iOS_13_5.0|leaf:iOS_13_6.0|leaf:macOS_10_15.0
11233,fam:iOS,fam:iOS,fam:iOS|fam:macOS,maj:iOS_13,maj:iOS_13,maj:iOS_13|maj:macOS_10,leaf:iOS_13_5.0,leaf:macOS_10_11.0,leaf:iOS_13_3.0|leaf:iOS_13_4.0|leaf:iOS_13_5.0|leaf:macOS_10_11.0
11240,fam:iOS,fam:iOS,fam:iOS|fam:macOS,maj:iOS_13,maj:iOS_13,maj:iOS_13|maj:macOS_10,leaf:iOS_13_5.0,leaf:iOS_13_4.0,leaf:iOS_13_1.0|leaf:iOS_13_3.0|leaf:iOS_13_4.0|leaf:iOS_13_5.0|leaf:macOS_10_11.0
11241,fam:iOS,fam:iOS,fam:iOS|fam:macOS,maj:iOS_13,maj:iOS_13,maj:iOS_13|maj:macOS_10,leaf:iOS_13_5.0,leaf:iOS_13_4.0,leaf:iOS_13_1.0|leaf:iOS_13_3.0|leaf:iOS_13_4.0|leaf:iOS_13_5.0|leaf:macOS_10_11.0
11244,fam:iOS,fam:iOS,fam:iOS|fam:macOS,maj:iOS_13,maj:iOS_13,maj:iOS_13|maj:macOS_10,leaf:iOS_13_5.0,leaf:iOS_13_4.0,leaf:iOS_13_1.0|leaf:iOS_13_3.0|leaf:iOS_13_4.0|leaf:iOS_13_5.0|leaf:macOS_10_11.0
11246,fam:iOS,fam:iOS,fam:iOS,maj:iOS_13,maj:iOS_13,maj:iOS_13,leaf:iOS_13_5.0,leaf:iOS_13_5.0,leaf:iOS_13_1.0|leaf:iOS_13_3.0|leaf:iOS_13_4.0|leaf:iOS_13_5.0
11247,fam:iOS,fam:iOS,fam:iOS|fam:macOS,maj:iOS_13,maj:iOS_13,maj:iOS_13|maj:macOS_10,leaf:iOS_13_5.0,leaf:iOS_13_5.0,leaf:iOS_13_2.0|leaf:iOS_13_3.0|leaf:iOS_13_4.0|leaf:iOS_13_5.0|leaf:macOS_10_11.0|leaf:macOS_10_15.0
11248,fam:iOS,fam:iOS,fam:iOS|fam:macOS,maj:iOS_13,maj:iOS_13,maj:iOS_13|maj:macOS_10,leaf:iOS_13_5.0,leaf:iOS_13_4.0,leaf:iOS_13_1.0|leaf:iOS_13_2.0|leaf:iOS_13_3.0|leaf:iOS_13_4.0|leaf:iOS_13_5.0|leaf:iOS_13_6.0|leaf:macOS_10_15.0
11251,fam:iOS,fam:iOS,fam:iOS|fam:macOS,maj:iOS_13,maj:iOS_13,maj:iOS_13|maj:macOS_10,leaf:iOS_13_5.0,leaf:iOS_13_4.0,leaf:iOS_13_1.0|leaf:iOS_13_2.0|leaf:iOS_13_3.0|leaf:iOS_13_4.0|leaf:iOS_13_5.0|leaf:macOS_10_11.0
11252,fam:iOS,fam:iOS,fam:iOS|fam:macOS,maj:iOS_13,maj:iOS_13,maj:iOS_13|maj:macOS_10,leaf:iOS_13_5.0,leaf:iOS_13_4.0,leaf:iOS_13_1.0|leaf:iOS_13_2.0|leaf:iOS_13_3.0|leaf:iOS_13_4.0|leaf:iOS_13_5.0|leaf:iOS_13_6.0|leaf:macOS_10_15.0
11254,fam:iOS,fam:iOS,fam:iOS|fam:macOS,maj:iOS_13,maj:iOS_13,maj:iOS_13|maj:macOS_10,leaf:iOS_13_5.0,leaf:iOS_13_4.0,leaf:iOS_13_1.0|leaf:iOS_13_2.0|leaf:iOS_13_3.0|leaf:iOS_13_4.0|leaf:iOS_13_5.0|leaf:iOS_13_6.0|leaf:macOS_10_15.0
11255,fam:iOS,fam:iOS,fam:iOS|fam:macOS,maj:iOS_13,maj:iOS_13,maj:iOS_13|maj:macOS_10,leaf:iOS_13_5.0,leaf:iOS_13_4.0,leaf:iOS_13_1.0|leaf:iOS_13_2.0|leaf:iOS_13_3.0|leaf:iOS_13_4.0|leaf:iOS_13_5.0|leaf:iOS_13_6.0|leaf:macOS_10_15.0
11260,fam:iOS,fam:iOS,fam:iOS|fam:macOS,maj:iOS_13,maj:iOS_13,maj:iOS_13|maj:macOS_10,leaf:iOS_13_5.0,leaf:iOS_13_4.0,leaf:iOS_13_1.0|leaf:iOS_13_2.0|leaf:iOS_13_3.0|leaf:iOS_13_4.0|leaf:iOS_13_5.0|leaf:iOS_13_6.0|leaf:macOS_10_15.0
11261,fam:iOS,fam:iOS,fam:iOS|fam:macOS,maj:iOS_13,maj:iOS_13,maj:iOS_13|maj:macOS_10,leaf:iOS_13_5.0,leaf:iOS_13_4.0,leaf:iOS_13_1.0|leaf:iOS_13_3.0|leaf:iOS_13_4.0|leaf:iOS_13_5.0|leaf:macOS_10_11.0
11262,fam:iOS,fam:iOS,fam:iOS|fam:macOS,maj:iOS_13,maj:macOS_10,maj:iOS_13|maj:macOS_10,leaf:iOS_13_5.0,leaf:iOS_13_5.0,leaf:iOS_13_3.0|leaf:iOS_13_4.0|leaf:iOS_13_5.0|leaf:macOS_10_15.0
11264,fam:iOS,fam:iOS,fam:iOS|fam:macOS,maj:iOS_13,maj:iOS_13,maj:iOS_13|maj:macOS_10,leaf:iOS_13_5.0,leaf:iOS_13_4.0,leaf:iOS_13_1.0|leaf:iOS_13_2.0|leaf:iOS_13_3.0|leaf:iOS_13_4.0|leaf:iOS_13_5.0|leaf:iOS_13_6.0|leaf:macOS_10_15.0
11265,fam:iOS,fam:iOS,fam:iOS|fam:macOS,maj:iOS_13,maj:iOS_13,maj:iOS_13|maj:macOS_10,leaf:iOS_13_5.0,leaf:iOS_13_4.0,leaf:iOS_13_1.0|leaf:iOS_13_3.0|leaf:iOS_13_4.0|leaf:iOS_13_5.0|leaf:macOS_10_11.0
11266,fam:iOS,fam:iOS,fam:iOS|fam:macOS,maj:iOS_13,maj:iOS_13,maj:iOS_13|maj:macOS_10,leaf:iOS_13_5.0,leaf:iOS_13_4.0,leaf:iOS_13_1.0|leaf:iOS_13_3.0|leaf:iOS_13_4.0|leaf:iOS_13_5.0|leaf:iOS_13_6.0|leaf:macOS_10_15.0
11267,fam:iOS,fam:iOS,fam:iOS|fam:macOS,maj:iOS_13,maj:iOS_13,maj:iOS_13|maj:macOS_10,leaf:iOS_13_5.0,leaf:iOS_13_4.0,leaf:iOS_13_1.0|leaf:iOS_13_2.0|leaf:iOS_13_3.0|leaf:iOS_13_4.0|leaf:iOS_13_5.0|leaf:macOS_10_11.0
11268,fam:iOS,fam:iOS,fam:iOS|fam:macOS,maj:iOS_13,maj:iOS_13,maj:iOS_13|maj:macOS_10,leaf:iOS_13_5.0,leaf:iOS_13_4.0,leaf:iOS_13_1.0|leaf:iOS_13_2.0|leaf:iOS_13_3.0|leaf:iOS_13_4.0|leaf:iOS_13_5.0|leaf:iOS_13_6.0|leaf:macOS_10_15.0
11269,fam:iOS,fam:iOS,fam:iOS|fam:macOS,maj:iOS_13,maj:iOS_13,maj:iOS_13|maj:macOS_10,leaf:iOS_13_5.0,leaf:iOS_13_5.0,leaf:iOS_13_1.0|leaf:iOS_13_2.0|leaf:iOS_13_3.0|leaf:iOS_13_4.0|leaf:iOS_13_5.0|leaf:macOS_10_15.0
11272,fam:iOS,fam:iOS,fam:iOS|fam:macOS,maj:iOS_13,maj:iOS_13,maj:iOS_13|maj:macOS_10,leaf:iOS_13_5.0,leaf:iOS_13_4.0,leaf:iOS_13_1.0|leaf:iOS_13_2.0|leaf:iOS_13_3.0|leaf:iOS_13_4.0|leaf:iOS_13_5.0|leaf:iOS_13_6.0|leaf:macOS_10_15.0
11275,fam:iOS,fam:iOS,fam:iOS,maj:iOS_13,maj:iOS_13,maj:iOS_13,leaf:iOS_13_5.0,leaf:iOS_13_5.0,leaf:iOS_13_3.0|leaf:iOS_13_5.0
11276,fam:iOS,fam:iOS,fam:iOS|fam:macOS,maj:iOS_13,maj:iOS_13,maj:iOS_13|maj:macOS_10,leaf:iOS_13_5.0,leaf:iOS_13_4.0,leaf:iOS_13_3.0|leaf:iOS_13_4.0|leaf:iOS_13_5.0|leaf:macOS_10_11.0|leaf:macOS_10_15.0
11279,fam:iOS,fam:iOS,fam:iOS|fam:macOS,maj:iOS_13,maj:iOS_13,maj:iOS_13|maj:macOS_10,leaf:iOS_13_5.0,leaf:iOS_13_5.0,leaf:iOS_13_2.0|leaf:iOS_13_3.0|leaf:iOS_13_4.0|leaf:iOS_13_5.0|leaf:macOS_10_11.0|leaf:macOS_10_15.0
11280,fam:iOS,fam:iOS,fam:iOS|fam:macOS,maj:iOS_13,maj:iOS_13,maj:iOS_13|maj:macOS_10,leaf:iOS_13_5.0,leaf:iOS_13_5.0,leaf:iOS_13_1.0|leaf:iOS_13_3.0|leaf:iOS_13_4.0|leaf:iOS_13_5.0|leaf:macOS_10_11.0
11283,fam:iOS,fam:iOS,fam:iOS|fam:macOS,maj:iOS_13,maj:iOS_13,maj:iOS_13|maj:macOS_10,leaf:iOS_13_5.0,leaf:iOS_13_5.0,leaf:iOS_13_2.0|leaf:iOS_13_3.0|leaf:iOS_13_4.0|leaf:iOS_13_5.0|leaf:macOS_10_11.0|leaf:macOS_10_15.0
11285,fam:iOS,fam:iOS,fam:iOS|fam:macOS,maj:iOS_13,maj:iOS_13,maj:iOS_13|maj:macOS_10,leaf:iOS_13_5.0,leaf:iOS_13_4.0,leaf:iOS_13_1.0|leaf:iOS_13_2.0|leaf:iOS_13_3.0|leaf:iOS_13_4.0|leaf:iOS_13_5.0|leaf:iOS_13_6.0|leaf:macOS_10_15.0
11288,fam:iOS,fam:iOS,fam:iOS|fam:macOS,maj:iOS_13,maj:iOS_13,maj:iOS_13|maj:macOS_10,leaf:iOS_13_5.0,leaf:iOS_13_4.0,leaf:iOS_13_1.0|leaf:iOS_13_2.0|leaf:iOS_13_3.0|leaf:iOS_13_4.0|leaf:iOS_13_5.0|leaf:iOS_13_6.0|leaf:macOS_10_15.0
11289,fam:iOS,fam:iOS,fam:iOS|fam:macOS,maj:iOS_13,maj:iOS_13,maj:iOS_13|maj:macOS_10,leaf:iOS_13_5.0,leaf:iOS_13_4.0,leaf:iOS_13_1.0|leaf:iOS_13_2.0|leaf:iOS_13_3.0|leaf:iOS_13_4.0|leaf:iOS_13_5.0|leaf:iOS_13_6.0|leaf:macOS_10_15.0
11292,fam:iOS,fam:iOS,fam:iOS|fam:macOS,maj:iOS_13,maj:iOS_13,maj:iOS_13|maj:macOS_10,leaf:iOS_13_5.0,leaf:iOS_13_4.0,leaf:iOS_13_1.0|leaf:iOS_13_3.0|leaf:iOS_13_4.0|leaf:iOS_13_5.0|leaf:iOS_13_6.0|leaf:macOS_10_15.0
11293,fam:iOS,fam:iOS,fam:iOS|fam:macOS,maj:iOS_13,maj:iOS_13,maj:iOS_13|maj:macOS_10,leaf:iOS_13_5.0,leaf:iOS_13_4.0,leaf:iOS_13_1.0|leaf:iOS_13_2.0|leaf:iOS_13_3.0|leaf:iOS_13_4.0|leaf:iOS_13_5.0|leaf:iOS_13_6.0|leaf:macOS_10_15.0
11294,fam:iOS,fam:iOS,fam:iOS|fam:macOS,maj:iOS_13,maj:iOS_13,maj:iOS_13|maj:macOS_10,leaf:iOS_13_5.0,leaf:iOS_13_4.0,leaf:iOS_13_1.0|leaf:iOS_13_2.0|leaf:iOS_13_3.0|leaf:iOS_13_4.0|leaf:iOS_13_5.0|leaf:iOS_13_6.0|leaf:macOS_10_15.0
11296,fam:iOS,fam:iOS,fam:iOS|fam:macOS,maj:iOS_13,maj:iOS_13,maj:iOS_13|maj:macOS_10,leaf:iOS_13_5.0,leaf:iOS_13_4.0,leaf:iOS_13_1.0|leaf:iOS_13_3.0|leaf:iOS_13_4.0|leaf:iOS_13_5.0|leaf:macOS_10_11.0
11300,fam:iOS,fam:iOS,fam:iOS|fam:macOS,maj:iOS_13,maj:iOS_13,maj:iOS_13|maj:macOS_10,leaf:iOS_13_5.0,leaf:iOS_13_4.0,leaf:iOS_13_1.0|leaf:iOS_13_3.0|leaf:iOS_13_4.0|leaf:iOS_13_5.0|leaf:iOS_13_6.0|leaf:macOS_10_11.0
11303,fam:iOS,fam:iOS,fam:iOS|fam:macOS,maj:iOS_13,maj:iOS_13,maj:iOS_13|maj:macOS_10,leaf:iOS_13_5.0,leaf:iOS_13_4.0,leaf:iOS_13_1.0|leaf:iOS_13_2.0|leaf:iOS_13_3.0|leaf:iOS_13_4.0|leaf:iOS_13_5.0|leaf:iOS_13_6.0|leaf:macOS_10_15.0
11304,fam:iOS,fam:iOS,fam:iOS|fam:macOS,maj:iOS_13,maj:iOS_13,maj:iOS_13|maj:macOS_10,leaf:iOS_13_5.0,leaf:iOS_13_4.0,leaf:iOS_13_1.0|leaf:iOS_13_3.0|leaf:iOS_13_4.0|leaf:iOS_13_5.0|leaf:macOS_10_11.0
11305,fam:iOS,fam:iOS,fam:iOS|fam:macOS,maj:iOS_13,maj:iOS_13,maj:iOS_13|maj:macOS_10,leaf:iOS_13_5.0,leaf:iOS_13_4.0,leaf:iOS_13_1.0|leaf:iOS_13_2.0|leaf:iOS_13_3.0|leaf:iOS_13_4.0|leaf:iOS_13_5.0|leaf:iOS_13_6.0|leaf:macOS_10_15.0
11306,fam:iOS,fam:iOS,fam:iOS|fam:macOS,maj:iOS_13,maj:iOS_13,maj:iOS_13|maj:macOS_10,leaf:iOS_13_5.0,leaf:iOS_13_4.0,leaf:iOS_13_3.0|leaf:iOS_13_4.0|leaf:iOS_13_5.0|leaf:macOS_10_15.0
11309,fam:iOS,fam:iOS,fam:iOS|fam:macOS,maj:iOS_13,maj:iOS_13,maj:iOS_13|maj:macOS_10,leaf:iOS_13_5.0,leaf:iOS_13_5.0,leaf:iOS_13_3.0|leaf:iOS_13_4.0|leaf:iOS_13_5.0|leaf:macOS_10_15.0
11311,fam:iOS,fam:iOS,fam:iOS|fam:macOS,maj:iOS_13,maj:iOS_13,maj:iOS_13|maj:macOS_10,leaf:iOS_13_5.0,leaf:iOS_13_4.0,leaf:iOS_13_1.0|leaf:iOS_13_2.0|leaf:iOS_13_3.0|leaf:iOS_13_4.0|leaf:iOS_13_5.0|leaf:iOS_13_6.0|leaf:macOS_10_11.0|leaf:macOS_10_15.0
11313,fam:iOS,fam:iOS,fam:iOS|fam:macOS,maj:iOS_13,maj:iOS_13,maj:iOS_13|maj:macOS_10,leaf:iOS_13_5.0,leaf:iOS_13_4.0,leaf:iOS_13_1.0|leaf:iOS_13_2.0|leaf:iOS_13_3.0|leaf:iOS_13_4.0|leaf:iOS_13_5.0|leaf:iOS_13_6.0|leaf:macOS_10_15.0
11314,fam:iOS,fam:iOS,fam:iOS|fam:macOS,maj:iOS_13,maj:iOS_13,maj:iOS_13|maj:macOS_10,leaf:iOS_13_5.0,leaf:iOS_13_4.0,leaf:iOS_13_1.0|leaf:iOS_13_2.0|leaf:iOS_13_3.0|leaf:iOS_13_4.0|leaf:iOS_13_5.0|leaf:iOS_13_6.0|leaf:macOS_10_15.0
11316,fam:iOS,fam:iOS,fam:iOS|fam:macOS,maj:iOS_13,maj:iOS_13,maj:iOS_13|maj:macOS_10,leaf:iOS_13_5.0,leaf:iOS_13_4.0,leaf:iOS_13_1.0|leaf:iOS_13_2.0|leaf:iOS_13_3.0|leaf:iOS_13_4.0|leaf:iOS_13_5.0|leaf:iOS_13_6.0|leaf:macOS_10_15.0
11317,fam:iOS,fam:iOS,fam:iOS|fam:macOS,maj:iOS_13,maj:iOS_13,maj:iOS_13|maj:macOS_10,leaf:iOS_13_5.0,leaf:iOS_13_5.0,leaf:iOS_13_3.0|leaf:iOS_13_5.0|leaf:macOS_10_15.0
11318,fam:iOS,fam:iOS,fam:iOS|fam:macOS,maj:iOS_13,maj:iOS_13,maj:iOS_13|maj:macOS_10,leaf:iOS_13_5.0,leaf:iOS_13_5.0,leaf:iOS_13_1.0|leaf:iOS_13_2.0|leaf:iOS_13_3.0|leaf:iOS_13_4.0|leaf:iOS_13_5.0|leaf:macOS_10_15.0
11322,fam:iOS,fam:iOS,fam:iOS|fam:macOS,maj:iOS_13,maj:iOS_13,maj:iOS_13|maj:macOS_10,leaf:iOS_13_5.0,leaf:iOS_13_5.0,leaf:iOS_13_1.0|leaf:iOS_13_2.0|leaf:iOS_13_3.0|leaf:iOS_13_4.0|leaf:iOS_13_5.0|leaf:iOS_13_6.0|leaf:macOS_10_15.0
11323,fam:iOS,fam:iOS,fam:iOS|fam:macOS,maj:iOS_13,maj:iOS_13,maj:iOS_13|maj:macOS_10,leaf:iOS_13_5.0,leaf:iOS_13_4.0,leaf:iOS_13_1.0|leaf:iOS_13_2.0|leaf:iOS_13_3.0|leaf:iOS_13_4.0|leaf:iOS_13_5.0|leaf:iOS_13_6.0|leaf:macOS_10_15.0
11325,fam:iOS,fam:iOS,fam:iOS|fam:macOS,maj:iOS_13,maj:iOS_13,maj:iOS_13|maj:macOS_10,leaf:iOS_13_5.0,leaf:iOS_13_4.0,leaf:iOS_13_1.0|leaf:iOS_13_3.0|leaf:iOS_13_4.0|leaf:iOS_13_5.0|leaf:iOS_13_6.0|leaf:macOS_10_15.0
11326,fam:iOS,fam:iOS,fam:iOS|fam:macOS,maj:iOS_13,maj:iOS_13,maj:iOS_13|maj:macOS_10,leaf:iOS_13_5.0,leaf:iOS_13_4.0,leaf:iOS_13_1.0|leaf:iOS_13_2.0|leaf:iOS_13_3.0|leaf:iOS_13_4.0|leaf:iOS_13_5.0|leaf:iOS_13_6.0|leaf:macOS_10_15.0
11328,fam:iOS,fam:iOS,fam:iOS|fam:macOS,maj:iOS_13,maj:iOS_13,maj:iOS_13|maj:macOS_10,leaf:iOS_13_5.0,leaf:iOS_13_4.0,leaf:iOS_13_1.0|leaf:iOS_13_2.0|leaf:iOS_13_3.0|leaf:iOS_13_4.0|leaf:iOS_13_5.0|leaf:iOS_13_6.0|leaf:macOS_10_15.0
11334,fam:iOS,fam:iOS,fam:iOS|fam:macOS,maj:iOS_13,maj:iOS_13,maj:iOS_13|maj:macOS_10,leaf:iOS_13_5.0,leaf:iOS_13_4.0,leaf:iOS_13_3.0|leaf:iOS_13_4.0|leaf:iOS_13_5.0|leaf:macOS_10_11.0|leaf:macOS_10_15.0
11335,fam:iOS,fam:iOS,fam:iOS|fam:macOS,maj:iOS_13,maj:iOS_13,maj:iOS_13|maj:macOS_10,leaf:iOS_13_5.0,leaf:iOS_13_3.0,leaf:iOS_13_1.0|leaf:iOS_13_2.0|leaf:iOS_13_3.0|leaf:iOS_13_4.0|leaf:iOS_13_5.0|leaf:iOS_13_6.0|leaf:macOS_10_11.0|leaf:macOS_10_15.0
11336,fam:iOS,fam:iOS,fam:iOS|fam:macOS,maj:iOS_13,maj:iOS_13,maj:iOS_13|maj:macOS_10,leaf:iOS_13_5.0,leaf:iOS_13_4.0,leaf:iOS_13_1.0|leaf:iOS_13_2.0|leaf:iOS_13_3.0|leaf:iOS_13_4.0|leaf:iOS_13_5.0|leaf:iOS_13_6.0|leaf:macOS_10_15.0
11341,fam:iOS,fam:iOS,fam:iOS|fam:macOS,maj:iOS_13,maj:iOS_13,maj:iOS_13|maj:macOS_10,leaf:iOS_13_5.0,leaf:iOS_13_4.0,leaf:iOS_13_1.0|leaf:iOS_13_2.0|leaf:iOS_13_3.0|leaf:iOS_13_4.0|leaf:iOS_13_5.0|leaf:iOS_13_6.0|leaf:macOS_10_15.0
11344,fam:iOS,fam:iOS,fam:iOS|fam:macOS,maj:iOS_13,maj:iOS_13,maj:iOS_13|maj:macOS_10,leaf:iOS_13_5.0,leaf:iOS_13_5.0,leaf:iOS_13_1.0|leaf:iOS_13_3.0|leaf:iOS_13_4.0|leaf:iOS_13_5.0|leaf:macOS_10_11.0
11345,fam:iOS,fam:iOS,fam:iOS|fam:macOS,maj:iOS_13,maj:iOS_13,maj:iOS_13|maj:macOS_10,leaf:iOS_13_5.0,leaf:iOS_13_5.0,leaf:iOS_13_3.0|leaf:iOS_13_5.0|leaf:macOS_10_11.0|leaf:macOS_10_15.0
11346,fam:iOS,fam:iOS,fam:iOS,maj:iOS_13,maj:iOS_13,maj:iOS_13,leaf:iOS_13_5.0,leaf:iOS_13_3.0,leaf:iOS_13_3.0|leaf:iOS_13_5.0
11349,fam:iOS,fam:iOS,fam:iOS|fam:macOS,maj:iOS_13,maj:iOS_13,maj:iOS_13|maj:macOS_10,leaf:iOS_13_5.0,leaf:iOS_13_4.0,leaf:iOS_13_3.0|leaf:iOS_13_4.0|leaf:iOS_13_5.0|leaf:macOS_10_15.0
11350,fam:iOS,fam:iOS,fam:iOS|fam:macOS,maj:iOS_13,maj:iOS_13,maj:iOS_13|maj:macOS_10,leaf:iOS_13_5.0,leaf:iOS_13_4.0,leaf:iOS_13_1.0|leaf:iOS_13_3.0|leaf:iOS_13_4.0|leaf:iOS_13_5.0|leaf:macOS_10_11.0
11352,fam:iOS,fam:iOS,fam:iOS|fam:macOS,maj:iOS_13,maj:iOS_13,maj:iOS_13|maj:macOS_10,leaf:iOS_13_5.0,leaf:iOS_13_4.0,leaf:iOS_13_1.0|leaf:iOS_13_2.0|leaf:iOS_13_3.0|leaf:iOS_13_4.0|leaf:iOS_13_5.0|leaf:iOS_13_6.0|leaf:macOS_10_15.0
11353,fam:iOS,fam:iOS,fam:iOS|fam:macOS,maj:iOS_13,maj:iOS_13,maj:iOS_13|maj:macOS_10,leaf:iOS_13_5.0,leaf:iOS_13_3.0,leaf:iOS_13_1.0|leaf:iOS_13_2.0|leaf:iOS_13_3.0|leaf:iOS_13_4.0|leaf:iOS_13_5.0|leaf:iOS_13_6.0|leaf:macOS_10_11.0|leaf:macOS_10_15.0
11359,fam:iOS,fam:iOS,fam:iOS|fam:macOS,maj:iOS_13,maj:iOS_13,maj:iOS_13|maj:macOS_10,leaf:iOS_13_5.0,leaf:iOS_13_4.0,leaf:iOS_13_1.0|leaf:iOS_13_3.0|leaf:iOS_13_4.0|leaf:iOS_13_5.0|leaf:iOS_13_6.0|leaf:macOS_10_15.0
11360,fam:iOS,fam:iOS,fam:iOS|fam:macOS,maj:iOS_13,maj:iOS_13,maj:iOS_13|maj:macOS_10,leaf:iOS_13_5.0,leaf:iOS_13_4.0,leaf:iOS_13_1.0|leaf:iOS_13_2.0|leaf:iOS_13_3.0|leaf:iOS_13_4.0|leaf:iOS_13_5.0|leaf:iOS_13_6.0|leaf:macOS_10_15.0
11364,fam:iOS,fam:iOS,fam:iOS|fam:macOS,maj:iOS_13,maj:iOS_13,maj:iOS_13|maj:macOS_10,leaf:iOS_13_5.0,leaf:iOS_13_5.0,leaf:iOS_13_3.0|leaf:iOS_13_4.0|leaf:iOS_13_5.0|leaf:macOS_10_11.0|leaf:macOS_10_15.0
11365,fam:iOS,fam:iOS,fam:iOS|fam:macOS,maj:iOS_13,maj:iOS_13,maj:iOS_13|maj:macOS_10,leaf:iOS_13_5.0,leaf:iOS_13_4.0,leaf:iOS_13_1.0|leaf:iOS_13_3.0|leaf:iOS_13_4.0|leaf:iOS_13_5.0|leaf:iOS_13_6.0|leaf:macOS_10_15.0
11366,fam:iOS,fam:iOS,fam:iOS|fam:macOS,maj:iOS_13,maj:iOS_13,maj:iOS_13|maj:macOS_10,leaf:iOS_13_5.0,leaf:iOS_13_4.0,leaf:iOS_13_1.0|leaf:iOS_13_2.0|leaf:iOS_13_3.0|leaf:iOS_13_4.0|leaf:iOS_13_5.0|leaf:macOS_10_11.0
11368,fam:iOS,fam:iOS,fam:iOS|fam:macOS,maj:iOS_13,maj:iOS_13,maj:iOS_13|maj:macOS_10,leaf:iOS_13_5.0,leaf:iOS_13_4.0,leaf:iOS_13_1.0|leaf:iOS_13_2.0|leaf:iOS_13_3.0|leaf:iOS_13_4.0|leaf:iOS_13_5.0|leaf:iOS_13_6.0|leaf:macOS_10_15.0
11370,fam:iOS,fam:iOS,fam:iOS|fam:macOS,maj:iOS_13,maj:iOS_13,maj:iOS_13|maj:macOS_10,leaf:iOS_13_5.0,leaf:iOS_13_4.0,leaf:iOS_13_1.0|leaf:iOS_13_2.0|leaf:iOS_13_3.0|leaf:iOS_13_4.0|leaf:iOS_13_5.0|leaf:iOS_13_6.0|leaf:macOS_10_15.0
11372,fam:iOS,fam:iOS,fam:iOS|fam:macOS,maj:iOS_13,maj:iOS_13,maj:iOS_13|maj:macOS_10,leaf:iOS_13_5.0,leaf:iOS_13_4.0,leaf:iOS_13_1.0|leaf:iOS_13_2.0|leaf:iOS_13_3.0|leaf:iOS_13_4.0|leaf:iOS_13_5.0|leaf:macOS_10_11.0
11373,fam:iOS,fam:iOS,fam:iOS|fam:macOS,maj:iOS_13,maj:iOS_13,maj:iOS_13|maj:macOS_10,leaf:iOS_13_5.0,leaf:iOS_13_5.0,leaf:iOS_13_1.0|leaf:iOS_13_2.0|leaf:iOS_13_3.0|leaf:iOS_13_4.0|leaf:iOS_13_5.0|leaf:iOS_13_6.0|leaf:macOS_10_15.0
11375,fam:iOS,fam:iOS,fam:iOS|fam:macOS,maj:iOS_13,maj:iOS_13,maj:iOS_13|maj:macOS_10,leaf:iOS_13_5.0,leaf:iOS_13_4.0,leaf:iOS_13_1.0|leaf:iOS_13_2.0|leaf:iOS_13_3.0|leaf:iOS_13_4.0|leaf:iOS_13_5.0|leaf:iOS_13_6.0|leaf:macOS_10_15.0
11379,fam:iOS,fam:iOS,fam:iOS|fam:macOS,maj:iOS_13,maj:iOS_13,maj:iOS_13|maj:macOS_10,leaf:iOS_13_5.0,leaf:iOS_13_4.0,leaf:iOS_13_1.0|leaf:iOS_13_2.0|leaf:iOS_13_3.0|leaf:iOS_13_4.0|leaf:iOS_13_5.0|leaf:macOS_10_11.0
11382,fam:iOS,fam:iOS,fam:iOS|fam:macOS,maj:iOS_13,maj:iOS_13,maj:iOS_13|maj:macOS_10,leaf:iOS_13_5.0,leaf:iOS_13_4.0,leaf:iOS_13_1.0|leaf:iOS_13_3.0|leaf:iOS_13_4.0|leaf:iOS_13_5.0|leaf:iOS_13_6.0|leaf:macOS_10_15.0
11383,fam:iOS,fam:iOS,fam:iOS|fam:macOS,maj:iOS_13,maj:iOS_13,maj:iOS_13|maj:macOS_10,leaf:iOS_13_5.0,leaf:iOS_13_5.0,leaf:iOS_13_1.0|leaf:iOS_13_2.0|leaf:iOS_13_3.0|leaf:iOS_13_4.0|leaf:iOS_13_5.0|leaf:macOS_10_15.0
11384,fam:iOS,fam:iOS,fam:iOS|fam:macOS,maj:iOS_13,maj:iOS_13,maj:iOS_13|maj:macOS_10,leaf:iOS_13_5.0,leaf:iOS_13_4.0,leaf:iOS_13_1.0|leaf:iOS_13_3.0|leaf:iOS_13_4.0|leaf:iOS_13_5.0|leaf:macOS_10_11.0
11389,fam:iOS,fam:iOS,fam:iOS|fam:macOS,maj:iOS_13,maj:iOS_13,maj:iOS_13|maj:macOS_10,leaf:iOS_13_5.0,leaf:iOS_13_4.0,leaf:iOS_13_1.0|leaf:iOS_13_2.0|leaf:iOS_13_3.0|leaf:iOS_13_4.0|leaf:iOS_13_5.0|leaf:macOS_10_11.0
11391,fam:iOS,fam:iOS,fam:iOS|fam:macOS,maj:iOS_13,maj:iOS_13,maj:iOS_13|maj:macOS_10,leaf:iOS_13_5.0,leaf:iOS_13_3.0,leaf:iOS_13_1.0|leaf:iOS_13_2.0|leaf:iOS_13_3.0|leaf:iOS_13_4.0|leaf:iOS_13_5.0|leaf:iOS_13_6.0|leaf:macOS_10_11.0|leaf:macOS_10_15.0
11394,fam:iOS,fam:iOS,fam:iOS|fam:macOS,maj:iOS_13,maj:iOS_13,maj:iOS_13|maj:macOS_10,leaf:iOS_13_5.0,leaf:iOS_13_5.0,leaf:iOS_13_1.0|leaf:iOS_13_2.0|leaf:iOS_13_3.0|leaf:iOS_13_4.0|leaf:iOS_13_5.0|leaf:macOS_10_15.0
11395,fam:iOS,fam:iOS,fam:iOS|fam:macOS,maj:iOS_13,maj:iOS_13,maj:iOS_13|maj:macOS_10,leaf:iOS_13_5.0,leaf:iOS_13_5.0,leaf:iOS_13_3.0|leaf:iOS_13_4.0|leaf:iOS_13_5.0|leaf:macOS_10_11.0|leaf:macOS_10_15.0
11399,fam:iOS,fam:iOS,fam:iOS|fam:macOS,maj:iOS_13,maj:iOS_13,maj:iOS_13|maj:macOS_10,leaf:iOS_13_5.0,leaf:iOS_13_4.0,leaf:iOS_13_1.0|leaf:iOS_13_2.0|leaf:iOS_13_3.0|leaf:iOS_13_4.0|leaf:iOS_13_5.0|leaf:iOS_13_6.0|leaf:macOS_10_15.0
11402,fam:iOS,fam:iOS,fam:iOS|fam:macOS,maj:iOS_13,maj:iOS_13,maj:iOS_13|maj:macOS_10,leaf:iOS_13_5.0,leaf:iOS_13_4.0,leaf:iOS_13_3.0|leaf:iOS_13_4.0|leaf:iOS_13_5.0|leaf:macOS_10_11.0|leaf:macOS_10_15.0
11403,fam:iOS,fam:iOS,fam:iOS|fam:macOS,maj:iOS_13,maj:iOS_13,maj:iOS_13|maj:macOS_10,leaf:iOS_13_5.0,leaf:iOS_13_4.0,leaf:iOS_13_1.0|leaf:iOS_13_2.0|leaf:iOS_13_3.0|leaf:iOS_13_4.0|leaf:iOS_13_5.0|leaf:macOS_10_11.0
11405,fam:iOS,fam:iOS,fam:iOS|fam:macOS,maj:iOS_13,maj:iOS_13,maj:iOS_13|maj:macOS_10,leaf:iOS_13_5.0,leaf:iOS_13_5.0,leaf:iOS_13_1.0|leaf:iOS_13_2.0|leaf:iOS_13_3.0|leaf:iOS_13_4.0|leaf:iOS_13_5.0|leaf:macOS_10_15.0
11406,fam:iOS,fam:iOS,fam:iOS|fam:macOS,maj:iOS_13,maj:iOS_13,maj:iOS_13|maj:macOS_10,leaf:iOS_13_5.0,leaf:iOS_13_4.0,leaf:iOS_13_1.0|leaf:iOS_13_2.0|leaf:iOS_13_3.0|leaf:iOS_13_4.0|leaf:iOS_13_5.0|leaf:macOS_10_11.0
11408,fam:iOS,fam:iOS,fam:iOS|fam:macOS,maj:iOS_13,maj:iOS_13,maj:iOS_13|maj:macOS_10,leaf:iOS_13_5.0,leaf:iOS_13_5.0,leaf:iOS_13_1.0|leaf:iOS_13_2.0|leaf:iOS_13_3.0|leaf:iOS_13_4.0|leaf:iOS_13_5.0|leaf:macOS_10_15.0
11410,fam:iOS,fam:iOS,fam:iOS|fam:macOS,maj:iOS_13,maj:iOS_13,maj:iOS_13|maj:macOS_10,leaf:iOS_13_5.0,leaf:iOS_13_3.0,leaf:iOS_13_1.0|leaf:iOS_13_2.0|leaf:iOS_13_3.0|leaf:iOS_13_4.0|leaf:iOS_13_5.0|leaf:iOS_13_6.0|leaf:macOS_10_11.0|leaf:macOS_10_15.0
11411,fam:iOS,fam:iOS,fam:iOS|fam:macOS,maj:iOS_13,maj:iOS_13,maj:iOS_13|maj:macOS_10,leaf:iOS_13_5.0,leaf:iOS_13_4.0,leaf:iOS_13_1.0|leaf:iOS_13_2.0|leaf:iOS_13_3.0|leaf:iOS_13_4.0|leaf:iOS_13_5.0|leaf:iOS_13_6.0|leaf:macOS_10_15.0
11412,fam:iOS,fam:Android,fam:Android|fam:Windows,maj:iOS_13,maj:Android_10,maj:Android_10|maj:Android_6|maj:Android_8|maj:Android_9|maj:Windows_8,leaf:iOS_13_5.0,leaf:Android_10,leaf:Android_10|leaf:Android_6_0.0|leaf:Android_8_0.0|leaf:Android_8_1.0|leaf:Android_9|leaf:Windows_8_1.0
11413,fam:iOS,fam:iOS,fam:iOS|fam:macOS,maj:iOS_13,maj:iOS_13,maj:iOS_13|maj:macOS_10,leaf:iOS_13_5.0,leaf:iOS_13_4.0,leaf:iOS_13_1.0|leaf:iOS_13_2.0|leaf:iOS_13_3.0|leaf:iOS_13_4.0|leaf:iOS_13_5.0|leaf:iOS_13_6.0|leaf:macOS_10_15.0
11414,fam:iOS,fam:iOS,fam:iOS|fam:macOS,maj:iOS_13,maj:iOS_13,maj:iOS_13|maj:macOS_10,leaf:iOS_13_5.0,leaf:iOS_13_4.0,leaf:iOS_13_1.0|leaf:iOS_13_3.0|leaf:iOS_13_4.0|leaf:iOS_13_5.0|leaf:macOS_10_11.0
11417,fam:iOS,fam:iOS,fam:iOS|fam:macOS,maj:iOS_13,maj:iOS_13,maj:iOS_13|maj:macOS_10,leaf:iOS_13_5.0,leaf:iOS_13_5.0,leaf:iOS_13_3.0|leaf:iOS_13_4.0|leaf:iOS_13_5.0|leaf:macOS_10_11.0|leaf:macOS_10_15.0
11418,fam:iOS,fam:iOS,fam:iOS|fam:macOS,maj:iOS_13,maj:iOS_13,maj:iOS_13|maj:macOS_10,leaf:iOS_13_5.0,leaf:iOS_13_4.0,leaf:iOS_13_1.0|leaf:iOS_13_2.0|leaf:iOS_13_3.0|leaf:iOS_13_4.0|leaf:iOS_13_5.0|leaf:iOS_13_6.0|leaf:macOS_10_15.0
11419,fam:iOS,fam:iOS,fam:iOS|fam:macOS,maj:iOS_13,maj:iOS_13,maj:iOS_13|maj:macOS_10,leaf:iOS_13_5.0,leaf:iOS_13_5.0,leaf:iOS_13_1.0|leaf:iOS_13_2.0|leaf:iOS_13_3.0|leaf:iOS_13_4.0|leaf:iOS_13_5.0|leaf:macOS_10_15.0
11420,fam:iOS,fam:iOS,fam:iOS|fam:macOS,maj:iOS_13,maj:iOS_13,maj:iOS_13|maj:macOS_10,leaf:iOS_13_5.0,leaf:iOS_13_4.0,leaf:iOS_13_1.0|leaf:iOS_13_2.0|leaf:iOS_13_3.0|leaf:iOS_13_4.0|leaf:iOS_13_5.0|leaf:iOS_13_6.0|leaf:macOS_10_15.0
11421,fam:iOS,fam:iOS,fam:iOS|fam:macOS,maj:iOS_13,maj:iOS_13,maj:iOS_13|maj:macOS_10,leaf:iOS_13_5.0,leaf:iOS_13_4.0,leaf:iOS_13_1.0|leaf:iOS_13_2.0|leaf:iOS_13_3.0|leaf:iOS_13_4.0|leaf:iOS_13_5.0|leaf:iOS_13_6.0|leaf:macOS_10_15.0
11423,fam:iOS,fam:iOS,fam:iOS|fam:macOS,maj:iOS_13,maj:iOS_13,maj:iOS_13|maj:macOS_10,leaf:iOS_13_5.0,leaf:iOS_13_4.0,leaf:iOS_13_1.0|leaf:iOS_13_3.0|leaf:iOS_13_4.0|leaf:iOS_13_5.0|leaf:macOS_10_11.0
11425,fam:iOS,fam:iOS,fam:iOS|fam:macOS,maj:iOS_13,maj:iOS_13,maj:iOS_13|maj:macOS_10,leaf:iOS_13_5.0,leaf:iOS_13_5.0,leaf:iOS_13_1.0|leaf:iOS_13_3.0|leaf:iOS_13_4.0|leaf:iOS_13_5.0|leaf:macOS_10_11.0
11426,fam:iOS,fam:iOS,fam:iOS|fam:macOS,maj:iOS_13,maj:iOS_13,maj:iOS_13|maj:macOS_10,leaf:iOS_13_5.0,leaf:iOS_13_4.0,leaf:iOS_13_1.0|leaf:iOS_13_2.0|leaf:iOS_13_3.0|leaf:iOS_13_4.0|leaf:iOS_13_5.0|leaf:macOS_10_11.0
11428,fam:iOS,fam:iOS,fam:iOS|fam:macOS,maj:iOS_13,maj:iOS_13,maj:iOS_13|maj:macOS_10,leaf:iOS_13_5.0,leaf:iOS_13_4.0,leaf:iOS_13_1.0|leaf:iOS_13_2.0|leaf:iOS_13_3.0|leaf:iOS_13_4.0|leaf:iOS_13_5.0|leaf:iOS_13_6.0|leaf:macOS_10_15.0
11430,fam:iOS,fam:iOS,fam:iOS|fam:macOS,maj:iOS_13,maj:iOS_13,maj:iOS_13|maj:macOS_10,leaf:iOS_13_5.0,leaf:iOS_13_4.0,leaf:iOS_13_1.0|leaf:iOS_13_2.0|leaf:iOS_13_3.0|leaf:iOS_13_4.0|leaf:iOS_13_5.0|leaf:iOS_13_6.0|leaf:macOS_10_15.0
11431,fam:iOS,fam:iOS,fam:iOS|fam:macOS,maj:iOS_13,maj:iOS_13,maj:iOS_13|maj:macOS_10,leaf:iOS_13_5.0,leaf:iOS_13_4.0,leaf:iOS_13_1.0|leaf:iOS_13_2.0|leaf:iOS_13_3.0|leaf:iOS_13_4.0|leaf:iOS_13_5.0|leaf:iOS_13_6.0|leaf:macOS_10_15.0
11432,fam:iOS,fam:iOS,fam:iOS|fam:macOS,maj:iOS_13,maj:iOS_13,maj:iOS_13|maj:macOS_10,leaf:iOS_13_5.0,leaf:iOS_13_4.0,leaf:iOS_13_1.0|leaf:iOS_13_2.0|leaf:iOS_13_3.0|leaf:iOS_13_4.0|leaf:iOS_13_5.0|leaf:macOS_10_11.0
11433,fam:iOS,fam:iOS,fam:iOS|fam:macOS,maj:iOS_13,maj:iOS_13,maj:iOS_13|maj:macOS_10,leaf:iOS_13_5.0,leaf:iOS_13_4.0,leaf:iOS_13_1.0|leaf:iOS_13_2.0|leaf:iOS_13_3.0|leaf:iOS_13_4.0|leaf:iOS_13_5.0|leaf:macOS_10_11.0
11436,fam:iOS,fam:iOS,fam:iOS|fam:macOS,maj:iOS_13,maj:iOS_13,maj:iOS_13|maj:macOS_10,leaf:iOS_13_5.0,leaf:iOS_13_4.0,leaf:iOS_13_1.0|leaf:iOS_13_3.0|leaf:iOS_13_4.0|leaf:iOS_13_5.0|leaf:macOS_10_11.0
11439,fam:iOS,fam:iOS,fam:iOS|fam:macOS,maj:iOS_13,maj:iOS_13,maj:iOS_13|maj:macOS_10,leaf:iOS_13_5.0,leaf:iOS_13_4.0,leaf:iOS_13_1.0|leaf:iOS_13_2.0|leaf:iOS_13_3.0|leaf:iOS_13_4.0|leaf:iOS_13_5.0|leaf:macOS_10_11.0
11440,fam:iOS,fam:iOS,fam:iOS|fam:macOS,maj:iOS_13,maj:iOS_13,maj:iOS_13|maj:macOS_10,leaf:iOS_13_5.0,leaf:iOS_13_5.0,leaf:iOS_13_1.0|leaf:iOS_13_2.0|leaf:iOS_13_3.0|leaf:iOS_13_4.0|leaf:iOS_13_5.0|leaf:macOS_10_15.0
11441,fam:iOS,fam:iOS,fam:iOS|fam:macOS,maj:iOS_13,maj:iOS_13,maj:iOS_13|maj:macOS_10,leaf:iOS_13_5.0,leaf:iOS_13_4.0,leaf:iOS_13_1.0|leaf:iOS_13_3.0|leaf:iOS_13_4.0|leaf:iOS_13_5.0|leaf:macOS_10_11.0
11442,fam:iOS,fam:iOS,fam:iOS|fam:macOS,maj:iOS_13,maj:iOS_13,maj:iOS_13|maj:macOS_10,leaf:iOS_13_5.0,leaf:iOS_13_5.0,leaf:iOS_13_1.0|leaf:iOS_13_2.0|leaf:iOS_13_3.0|leaf:iOS_13_4.0|leaf:iOS_13_5.0|leaf:macOS_10_15.0
11443,fam:iOS,fam:iOS,fam:iOS,maj:iOS_13,maj:iOS_13,maj:iOS_13,leaf:iOS_13_5.0,leaf:iOS_13_5.0,leaf:iOS_13_1.0|leaf:iOS_13_3.0|leaf:iOS_13_4.0|leaf:iOS_13_5.0
11444,fam:iOS,fam:iOS,fam:iOS|fam:macOS,maj:iOS_13,maj:iOS_13,maj:iOS_13|maj:macOS_10,leaf:iOS_13_5.0,leaf:iOS_13_3.0,leaf:iOS_13_1.0|leaf:iOS_13_2.0|leaf:iOS_13_3.0|leaf:iOS_13_4.0|leaf:iOS_13_5.0|leaf:iOS_13_6.0|leaf:macOS_10_11.0|leaf:macOS_10_15.0
11445,fam:iOS,fam:iOS,fam:iOS|fam:macOS,maj:iOS_13,maj:iOS_13,maj:iOS_13|maj:macOS_10,leaf:iOS_13_5.0,leaf:iOS_13_3.0,leaf:iOS_13_1.0|leaf:iOS_13_2.0|leaf:iOS_13_3.0|leaf:iOS_13_4.0|leaf:iOS_13_5.0|leaf:iOS_13_6.0|leaf:macOS_10_11.0|leaf:macOS_10_15.0
11450,fam:iOS,fam:iOS,fam:iOS|fam:macOS,maj:iOS_13,maj:iOS_13,maj:iOS_13|maj:macOS_10,leaf:iOS_13_5.0,leaf:iOS_13_4.0,leaf:iOS_13_1.0|leaf:iOS_13_2.0|leaf:iOS_13_3.0|leaf:iOS_13_4.0|leaf:iOS_13_5.0|leaf:iOS_13_6.0|leaf:macOS_10_15.0
11453,fam:iOS,fam:iOS,fam:iOS|fam:macOS,maj:iOS_13,maj:iOS_13,maj:iOS_13|maj:macOS_10,leaf:iOS_13_5.0,leaf:iOS_13_4.0,leaf:iOS_13_1.0|leaf:iOS_13_2.0|leaf:iOS_13_3.0|leaf:iOS_13_4.0|leaf:iOS_13_5.0|leaf:iOS_13_6.0|leaf:macOS_10_15.0
11454,fam:iOS,fam:iOS,fam:iOS|fam:macOS,maj:iOS_13,maj:iOS_13,maj:iOS_13|maj:macOS_10,leaf:iOS_13_5.0,leaf:iOS_13_4.0,leaf:iOS_13_1.0|leaf:iOS_13_2.0|leaf:iOS_13_3.0|leaf:iOS_13_4.0|leaf:iOS_13_5.0|leaf:macOS_10_11.0
11455,fam:iOS,fam:iOS,fam:iOS|fam:macOS,maj:iOS_13,maj:iOS_13,maj:iOS_13|maj:macOS_10,leaf:iOS_13_5.0,leaf:iOS_13_4.0,leaf:iOS_13_1.0|leaf:iOS_13_3.0|leaf:iOS_13_4.0|leaf:iOS_13_5.0|leaf:iOS_13_6.0|leaf:macOS_10_15.0
11456,fam:iOS,fam:iOS,fam:iOS|fam:macOS,maj:iOS_13,maj:iOS_13,maj:iOS_13|maj:macOS_10,leaf:iOS_13_5.0,leaf:iOS_13_5.0,leaf:iOS_13_1.0|leaf:iOS_13_2.0|leaf:iOS_13_3.0|leaf:iOS_13_4.0|leaf:iOS_13_5.0|leaf:macOS_10_15.0
11460,fam:iOS,fam:iOS,fam:iOS|fam:macOS,maj:iOS_13,maj:iOS_13,maj:iOS_13|maj:macOS_10,leaf:iOS_13_5.0,leaf:iOS_13_3.0,leaf:iOS_13_1.0|leaf:iOS_13_2.0|leaf:iOS_13_3.0|leaf:iOS_13_4.0|leaf:iOS_13_5.0|leaf:iOS_13_6.0|leaf:macOS_10_11.0|leaf:macOS_10_15.0
11461,fam:iOS,fam:iOS,fam:iOS|fam:macOS,maj:iOS_13,maj:iOS_13,maj:iOS_13|maj:macOS_10,leaf:iOS_13_5.0,leaf:iOS_13_4.0,leaf:iOS_13_3.0|leaf:iOS_13_4.0|leaf:iOS_13_5.0|leaf:macOS_10_11.0|leaf:macOS_10_15.0
11462,fam:iOS,fam:iOS,fam:iOS|fam:macOS,maj:iOS_13,maj:iOS_13,maj:iOS_13|maj:macOS_10,leaf:iOS_13_5.0,leaf:iOS_13_4.0,leaf:iOS_13_1.0|leaf:iOS_13_3.0|leaf:iOS_13_4.0|leaf:iOS_13_5.0|leaf:macOS_10_11.0
11466,fam:iOS,fam:iOS,fam:iOS|fam:macOS,maj:iOS_13,maj:iOS_13,maj:iOS_13|maj:macOS_10,leaf:iOS_13_5.0,leaf:iOS_13_4.0,leaf:iOS_13_1.0|leaf:iOS_13_2.0|leaf:iOS_13_3.0|leaf:iOS_13_4.0|leaf:iOS_13_5.0|leaf:iOS_13_6.0|leaf:macOS_10_15.0
11467,fam:iOS,fam:iOS,fam:iOS|fam:macOS,maj:iOS_13,maj:iOS_13,maj:iOS_13|maj:macOS_10,leaf:iOS_13_5.0,leaf:iOS_13_5.0,leaf:iOS_13_1.0|leaf:iOS_13_3.0|leaf:iOS_13_4.0|leaf:iOS_13_5.0|leaf:macOS_10_11.0
11468,fam:iOS,fam:iOS,fam:iOS|fam:macOS,maj:iOS_13,maj:iOS_13,maj:iOS_13|maj:macOS_10,leaf:iOS_13_5.0,leaf:iOS_13_5.0,leaf:iOS_13_1.0|leaf:iOS_13_3.0|leaf:iOS_13_4.0|leaf:iOS_13_5.0|leaf:macOS_10_11.0|leaf:macOS_10_15.0
11469,fam:iOS,fam:iOS,fam:iOS|fam:macOS,maj:iOS_13,maj:iOS_13,maj:iOS_13|maj:macOS_10,leaf:iOS_13_5.0,leaf:iOS_13_4.0,leaf:iOS_13_1.0|leaf:iOS_13_2.0|leaf:iOS_13_3.0|leaf:iOS_13_4.0|leaf:iOS_13_5.0|leaf:macOS_10_11.0
11472,fam:iOS,fam:iOS,fam:iOS|fam:macOS,maj:iOS_13,maj:iOS_13,maj:iOS_13|maj:macOS_10,leaf:iOS_13_5.0,leaf:iOS_13_4.0,leaf:iOS_13_1.0|leaf:iOS_13_2.0|leaf:iOS_13_3.0|leaf:iOS_13_4.0|leaf:iOS_13_5.0|leaf:iOS_13_6.0|leaf:macOS_10_15.0
11475,fam:iOS,fam:iOS,fam:iOS|fam:macOS,maj:iOS_13,maj:iOS_13,maj:iOS_13|maj:macOS_10,leaf:iOS_13_5.0,leaf:iOS_13_4.0,leaf:iOS_13_1.0|leaf:iOS_13_2.0|leaf:iOS_13_3.0|leaf:iOS_13_4.0|leaf:iOS_13_5.0|leaf:iOS_13_6.0|leaf:macOS_10_15.0
11476,fam:iOS,fam:iOS,fam:iOS|fam:macOS,maj:iOS_13,maj:iOS_13,maj:iOS_13|maj:macOS_10,leaf:iOS_13_5.0,leaf:iOS_13_5.0,leaf:iOS_13_1.0|leaf:iOS_13_2.0|leaf:iOS_13_3.0|leaf:iOS_13_4.0|leaf:iOS_13_5.0|leaf:macOS_10_15.0
11479,fam:iOS,fam:iOS,fam:iOS|fam:macOS,maj:iOS_13,maj:iOS_13,maj:iOS_13|maj:macOS_10,leaf:iOS_13_5.0,leaf:iOS_13_4.0,leaf:iOS_13_1.0|leaf:iOS_13_2.0|leaf:iOS_13_3.0|leaf:iOS_13_4.0|leaf:iOS_13_5.0|leaf:iOS_13_6.0|leaf:macOS_10_15.0
11481,fam:iOS,fam:iOS,fam:iOS|fam:macOS,maj:iOS_13,maj:iOS_13,maj:iOS_13|maj:macOS_10,leaf:iOS_13_5.0,leaf:iOS_13_3.0,leaf:iOS_13_1.0|leaf:iOS_13_2.0|leaf:iOS_13_3.0|leaf:iOS_13_4.0|leaf:iOS_13_5.0|leaf:iOS_13_6.0|leaf:macOS_10_11.0|leaf:macOS_10_15.0
11484,fam:iOS,fam:iOS,fam:iOS,maj:iOS_13,maj:iOS_13,maj:iOS_13,leaf:iOS_13_5.0,leaf:iOS_13_3.0,leaf:iOS_13_3.0|leaf:iOS_13_5.0
11485,fam:iOS,fam:iOS,fam:iOS|fam:macOS,maj:iOS_13,maj:iOS_13,maj:iOS_13|maj:macOS_10,leaf:iOS_13_5.0,leaf:iOS_13_4.0,leaf:iOS_13_1.0|leaf:iOS_13_3.0|leaf:iOS_13_4.0|leaf:iOS_13_5.0|leaf:macOS_10_11.0
11487,fam:iOS,fam:iOS,fam:iOS|fam:macOS,maj:iOS_13,maj:iOS_13,maj:iOS_13|maj:macOS_10,leaf:iOS_13_5.0,leaf:iOS_13_4.0,leaf:iOS_13_1.0|leaf:iOS_13_2.0|leaf:iOS_13_3.0|leaf:iOS_13_4.0|leaf:iOS_13_5.0|leaf:iOS_13_6.0|leaf:macOS_10_15.0
11488,fam:iOS,fam:iOS,fam:iOS|fam:macOS,maj:iOS_13,maj:iOS_13,maj:iOS_13|maj:macOS_10,leaf:iOS_13_5.0,leaf:iOS_13_4.0,leaf:iOS_13_1.0|leaf:iOS_13_2.0|leaf:iOS_13_3.0|leaf:iOS_13_4.0|leaf:iOS_13_5.0|leaf:iOS_13_6.0|leaf:macOS_10_15.0
11489,fam:iOS,fam:iOS,fam:iOS|fam:macOS,maj:iOS_13,maj:iOS_13,maj:iOS_13|maj:macOS_10,leaf:iOS_13_5.0,leaf:iOS_13_4.0,leaf:iOS_13_1.0|leaf:iOS_13_2.0|leaf:iOS_13_3.0|leaf:iOS_13_4.0|leaf:iOS_13_5.0|leaf:iOS_13_6.0|leaf:macOS_10_15.0
11490,fam:iOS,fam:iOS,fam:iOS|fam:macOS,maj:iOS_13,maj:iOS_13,maj:iOS_13|maj:macOS_10,leaf:iOS_13_5.0,leaf:iOS_13_4.0,leaf:iOS_13_1.0|leaf:iOS_13_3.0|leaf:iOS_13_4.0|leaf:iOS_13_5.0|leaf:macOS_10_11.0
11491,fam:iOS,fam:iOS,fam:iOS|fam:macOS,maj:iOS_13,maj:iOS_13,maj:iOS_13|maj:macOS_10,leaf:iOS_13_5.0,leaf:iOS_13_5.0,leaf:iOS_13_1.0|leaf:iOS_13_2.0|leaf:iOS_13_3.0|leaf:iOS_13_4.0|leaf:iOS_13_5.0|leaf:macOS_10_15.0
11494,fam:iOS,fam:iOS,fam:iOS|fam:macOS,maj:iOS_13,maj:iOS_13,maj:iOS_13|maj:macOS_10,leaf:iOS_13_5.0,leaf:iOS_13_4.0,leaf:iOS_13_1.0|leaf:iOS_13_2.0|leaf:iOS_13_3.0|leaf:iOS_13_4.0|leaf:iOS_13_5.0|leaf:iOS_13_6.0|leaf:macOS_10_15.0
11495,fam:iOS,fam:iOS,fam:iOS|fam:macOS,maj:iOS_13,maj:iOS_13,maj:iOS_13|maj:macOS_10,leaf:iOS_13_5.0,leaf:iOS_13_4.0,leaf:iOS_13_1.0|leaf:iOS_13_2.0|leaf:iOS_13_3.0|leaf:iOS_13_4.0|leaf:iOS_13_5.0|leaf:iOS_13_6.0|leaf:macOS_10_15.0
11496,fam:iOS,fam:iOS,fam:iOS|fam:macOS,maj:iOS_13,maj:iOS_13,maj:iOS_13|maj:macOS_10,leaf:iOS_13_5.0,leaf:iOS_13_5.0,leaf:iOS_13_1.0|leaf:iOS_13_2.0|leaf:iOS_13_3.0|leaf:iOS_13_4.0|leaf:iOS_13_5.0|leaf:macOS_10_15.0
11497,fam:iOS,fam:iOS,fam:iOS|fam:macOS,maj:iOS_13,maj:iOS_13,maj:iOS_13|maj:macOS_10,leaf:iOS_13_5.0,leaf:iOS_13_4.0,leaf:iOS_13_1.0|leaf:iOS_13_2.0|leaf:iOS_13_3.0|leaf:iOS_13_4.0|leaf:iOS_13_5.0|leaf:macOS_10_11.0
11502,fam:iOS,fam:iOS,fam:iOS|fam:macOS,maj:iOS_13,maj:iOS_13,maj:iOS_13|maj:macOS_10,leaf:iOS_13_5.0,leaf:iOS_13_5.0,leaf:iOS_13_1.0|leaf:iOS_13_2.0|leaf:iOS_13_3.0|leaf:iOS_13_4.0|leaf:iOS_13_5.0|leaf:macOS_10_15.0
11505,fam:iOS,fam:iOS,fam:iOS,maj:iOS_13,maj:iOS_13,maj:iOS_13,leaf:iOS_13_5.0,leaf:iOS_13_3.0,leaf:iOS_13_3.0|leaf:iOS_13_5.0
11507,fam:iOS,fam:iOS,fam:iOS|fam:macOS,maj:iOS_13,maj:iOS_13,maj:iOS_13|maj:macOS_10,leaf:iOS_13_5.0,leaf:iOS_13_4.0,leaf:iOS_13_1.0|leaf:iOS_13_2.0|leaf:iOS_13_3.0|leaf:iOS_13_4.0|leaf:iOS_13_5.0|leaf:iOS_13_6.0|leaf:macOS_10_15.0
11510,fam:iOS,fam:iOS,fam:iOS|fam:macOS,maj:iOS_13,maj:iOS_13,maj:iOS_13|maj:macOS_10,leaf:iOS_13_5.0,leaf:iOS_13_4.0,leaf:iOS_13_1.0|leaf:iOS_13_3.0|leaf:iOS_13_4.0|leaf:iOS_13_5.0|leaf:iOS_13_6.0|leaf:macOS_10_15.0
11512,fam:iOS,fam:iOS,fam:iOS|fam:macOS,maj:iOS_13,maj:iOS_13,maj:iOS_13|maj:macOS_10,leaf:iOS_13_5.0,leaf:iOS_13_4.0,leaf:iOS_13_1.0|leaf:iOS_13_3.0|leaf:iOS_13_4.0|leaf:iOS_13_5.0|leaf:macOS_10_11.0
11513,fam:iOS,fam:iOS,fam:iOS|fam:macOS,maj:iOS_13,maj:iOS_13,maj:iOS_13|maj:macOS_10,leaf:iOS_13_5.0,leaf:iOS_13_5.0,leaf:iOS_13_1.0|leaf:iOS_13_2.0|leaf:iOS_13_3.0|leaf:iOS_13_4.0|leaf:iOS_13_5.0|leaf:macOS_10_15.0
11514,fam:iOS,fam:macOS,fam:Windows|fam:iOS|fam:macOS,maj:iOS_13,maj:iOS_13,maj:Windows_10|maj:Windows_7|maj:Windows_8|maj:iOS_13|maj:macOS_10|maj:macOS_OTHER,leaf:iOS_13_5.0,leaf:Windows_8_1.0,leaf:Windows_10|leaf:Windows_7|leaf:Windows_8_1.0|leaf:Windows_8_OTHER|leaf:iOS_13_3.0|leaf:iOS_13_4.0|leaf:iOS_13_5.0|leaf:macOS_10_11.0|leaf:macOS_10_15.0|leaf:macOS_OTHER
11515,fam:iOS,fam:iOS,fam:iOS|fam:macOS,maj:iOS_13,maj:iOS_13,maj:iOS_13|maj:macOS_10,leaf:iOS_13_5.0,leaf:iOS_13_4.0,leaf:iOS_13_1.0|leaf:iOS_13_2.0|leaf:iOS_13_3.0|leaf:iOS_13_4.0|leaf:iOS_13_5.0|leaf:macOS_10_11.0
11516,fam:iOS,fam:iOS,fam:iOS|fam:macOS,maj:iOS_13,maj:iOS_13,maj:iOS_13|maj:macOS_10,leaf:iOS_13_5.0,leaf:iOS_13_4.0,leaf:iOS_13_1.0|leaf:iOS_13_3.0|leaf:iOS_13_4.0|leaf:iOS_13_5.0|leaf:macOS_10_11.0
11519,fam:iOS,fam:iOS,fam:iOS|fam:macOS,maj:iOS_13,maj:iOS_13,maj:iOS_13|maj:macOS_10,leaf:iOS_13_5.0,leaf:iOS_13_4.0,leaf:iOS_13_1.0|leaf:iOS_13_2.0|leaf:iOS_13_3.0|leaf:iOS_13_4.0|leaf:iOS_13_5.0|leaf:iOS_13_6.0|leaf:macOS_10_15.0
11520,fam:iOS,fam:iOS,fam:iOS|fam:macOS,maj:iOS_13,maj:iOS_13,maj:iOS_13|maj:macOS_10,leaf:iOS_13_5.0,leaf:iOS_13_5.0,leaf:iOS_13_3.0|leaf:iOS_13_4.0|leaf:iOS_13_5.0|leaf:macOS_10_15.0
11522,fam:iOS,fam:iOS,fam:iOS|fam:macOS,maj:iOS_13,maj:iOS_13,maj:iOS_13|maj:macOS_10,leaf:iOS_13_5.0,leaf:iOS_13_4.0,leaf:iOS_13_1.0|leaf:iOS_13_2.0|leaf:iOS_13_3.0|leaf:iOS_13_4.0|leaf:iOS_13_5.0|leaf:macOS_10_11.0
11524,fam:iOS,fam:iOS,fam:iOS|fam:macOS,maj:iOS_13,maj:iOS_13,maj:iOS_13|maj:macOS_10,leaf:iOS_13_5.0,leaf:iOS_13_5.0,leaf:iOS_13_1.0|leaf:iOS_13_2.0|leaf:iOS_13_3.0|leaf:iOS_13_4.0|leaf:iOS_13_5.0|leaf:macOS_10_15.0
11526,fam:iOS,fam:iOS,fam:iOS|fam:macOS,maj:iOS_13,maj:iOS_13,maj:iOS_13|maj:macOS_10,leaf:iOS_13_5.0,leaf:iOS_13_4.0,leaf:iOS_13_1.0|leaf:iOS_13_2.0|leaf:iOS_13_3.0|leaf:iOS_13_4.0|leaf:iOS_13_5.0|leaf:iOS_13_6.0|leaf:macOS_10_15.0
11528,fam:iOS,fam:iOS,fam:iOS|fam:macOS,maj:iOS_13,maj:iOS_13,maj:iOS_13|maj:macOS_10,leaf:iOS_13_5.0,leaf:iOS_13_4.0,leaf:iOS_13_1.0|leaf:iOS_13_3.0|leaf:iOS_13_4.0|leaf:iOS_13_5.0|leaf:macOS_10_11.0
11529,fam:iOS,fam:iOS,fam:iOS|fam:macOS,maj:iOS_13,maj:iOS_13,maj:iOS_13|maj:macOS_10,leaf:iOS_13_5.0,leaf:iOS_13_5.0,leaf:iOS_13_1.0|leaf:iOS_13_3.0|leaf:iOS_13_4.0|leaf:iOS_13_5.0|leaf:macOS_10_11.0|leaf:macOS_10_15.0
11530,fam:iOS,fam:iOS,fam:iOS|fam:macOS,maj:iOS_13,maj:iOS_13,maj:iOS_13|maj:macOS_10,leaf:iOS_13_5.0,leaf:iOS_13_4.0,leaf:iOS_13_1.0|leaf:iOS_13_2.0|leaf:iOS_13_3.0|leaf:iOS_13_4.0|leaf:iOS_13_5.0|leaf:macOS_10_11.0
11535,fam:iOS,fam:iOS,fam:iOS|fam:macOS,maj:iOS_13,maj:iOS_13,maj:iOS_13|maj:macOS_10,leaf:iOS_13_5.0,leaf:iOS_13_4.0,leaf:iOS_13_1.0|leaf:iOS_13_3.0|leaf:iOS_13_4.0|leaf:iOS_13_5.0|leaf:macOS_10_11.0
11536,fam:iOS,fam:iOS,fam:iOS,maj:iOS_13,maj:iOS_13,maj:iOS_13,leaf:iOS_13_5.0,leaf:iOS_13_3.0,leaf:iOS_13_3.0|leaf:iOS_13_5.0
11537,fam:iOS,fam:iOS,fam:iOS|fam:macOS,maj:iOS_13,maj:iOS_13,maj:iOS_13|maj:macOS_10,leaf:iOS_13_5.0,leaf:iOS_13_4.0,leaf:iOS_13_1.0|leaf:iOS_13_2.0|leaf:iOS_13_3.0|leaf:iOS_13_4.0|leaf:iOS_13_5.0|leaf:iOS_13_6.0|leaf:macOS_10_15.0
11544,fam:iOS,fam:iOS,fam:iOS|fam:macOS,maj:iOS_13,maj:iOS_13,maj:iOS_13|maj:macOS_10,leaf:iOS_13_5.0,leaf:iOS_13_4.0,leaf:iOS_13_1.0|leaf:iOS_13_2.0|leaf:iOS_13_3.0|leaf:iOS_13_4.0|leaf:iOS_13_5.0|leaf:macOS_10_11.0
11545,fam:iOS,fam:iOS,fam:iOS|fam:macOS,maj:iOS_13,maj:iOS_13,maj:iOS_13|maj:macOS_10,leaf:iOS_13_5.0,leaf:iOS_13_4.0,leaf:iOS_13_1.0|leaf:iOS_13_2.0|leaf:iOS_13_3.0|leaf:iOS_13_4.0|leaf:iOS_13_5.0|leaf:iOS_13_6.0|leaf:macOS_10_15.0
11549,fam:iOS,fam:iOS,fam:iOS|fam:macOS,maj:iOS_13,maj:iOS_13,maj:iOS_13|maj:macOS_10,leaf:iOS_13_5.0,leaf:iOS_13_4.0,leaf:iOS_13_1.0|leaf:iOS_13_2.0|leaf:iOS_13_3.0|leaf:iOS_13_4.0|leaf:iOS_13_5.0|leaf:iOS_13_6.0|leaf:macOS_10_15.0
11553,fam:iOS,fam:iOS,fam:iOS,maj:iOS_13,maj:iOS_13,maj:iOS_13,leaf:iOS_13_5.0,leaf:iOS_13_5.0,leaf:iOS_13_3.0|leaf:iOS_13_5.0
11554,fam:iOS,fam:iOS,fam:iOS|fam:macOS,maj:iOS_13,maj:iOS_13,maj:iOS_13|maj:macOS_10,leaf:iOS_13_5.0,leaf:iOS_13_5.0,leaf:iOS_13_2.0|leaf:iOS_13_3.0|leaf:iOS_13_4.0|leaf:iOS_13_5.0|leaf:macOS_10_11.0|leaf:macOS_10_15.0
11555,fam:iOS,fam:iOS,fam:iOS|fam:macOS,maj:iOS_13,maj:iOS_13,maj:iOS_13|maj:macOS_10,leaf:iOS_13_5.0,leaf:iOS_13_4.0,leaf:iOS_13_1.0|leaf:iOS_13_3.0|leaf:iOS_13_4.0|leaf:iOS_13_5.0|leaf:macOS_10_11.0
11560,fam:iOS,fam:iOS,fam:iOS|fam:macOS,maj:iOS_13,maj:iOS_13,maj:iOS_13|maj:macOS_10,leaf:iOS_13_5.0,leaf:iOS_13_4.0,leaf:iOS_13_1.0|leaf:iOS_13_2.0|leaf:iOS_13_3.0|leaf:iOS_13_4.0|leaf:iOS_13_5.0|leaf:iOS_13_6.0|leaf:macOS_10_15.0
11567,fam:iOS,fam:iOS,fam:iOS|fam:macOS,maj:iOS_13,maj:iOS_13,maj:iOS_13|maj:macOS_10,leaf:iOS_13_5.0,leaf:iOS_13_4.0,leaf:iOS_13_1.0|leaf:iOS_13_2.0|leaf:iOS_13_3.0|leaf:iOS_13_4.0|leaf:iOS_13_5.0|leaf:iOS_13_6.0|leaf:macOS_10_15.0
11568,fam:iOS,fam:iOS,fam:iOS|fam:macOS,maj:iOS_13,maj:iOS_13,maj:iOS_13|maj:macOS_10,leaf:iOS_13_5.0,leaf:iOS_13_4.0,leaf:iOS_13_1.0|leaf:iOS_13_2.0|leaf:iOS_13_3.0|leaf:iOS_13_4.0|leaf:iOS_13_5.0|leaf:macOS_10_11.0
11570,fam:iOS,fam:iOS,fam:iOS|fam:macOS,maj:iOS_13,maj:iOS_13,maj:iOS_13|maj:macOS_10,leaf:iOS_13_5.0,leaf:iOS_13_4.0,leaf:iOS_13_1.0|leaf:iOS_13_2.0|leaf:iOS_13_3.0|leaf:iOS_13_4.0|leaf:iOS_13_5.0|leaf:macOS_10_11.0
11573,fam:iOS,fam:iOS,fam:iOS|fam:macOS,maj:iOS_13,maj:iOS_13,maj:iOS_13|maj:macOS_10,leaf:iOS_13_5.0,leaf:macOS_10_11.0,leaf:iOS_13_3.0|leaf:iOS_13_4.0|leaf:iOS_13_5.0|leaf:macOS_10_11.0|leaf:macOS_10_15.0
11574,fam:iOS,fam:iOS,fam:iOS|fam:macOS,maj:iOS_13,maj:iOS_13,maj:iOS_13|maj:macOS_10,leaf:iOS_13_5.0,leaf:iOS_13_4.0,leaf:iOS_13_1.0|leaf:iOS_13_2.0|leaf:iOS_13_3.0|leaf:iOS_13_4.0|leaf:iOS_13_5.0|leaf:macOS_10_11.0
11577,fam:iOS,fam:iOS,fam:iOS|fam:macOS,maj:iOS_13,maj:iOS_13,maj:iOS_13|maj:macOS_10,leaf:iOS_13_5.0,leaf:iOS_13_4.0,leaf:iOS_13_1.0|leaf:iOS_13_2.0|leaf:iOS_13_3.0|leaf:iOS_13_4.0|leaf:iOS_13_5.0|leaf:iOS_13_6.0|leaf:macOS_10_15.0
11579,fam:iOS,fam:iOS,fam:iOS|fam:macOS,maj:iOS_13,maj:iOS_13,maj:iOS_13|maj:macOS_10,leaf:iOS_13_5.0,leaf:iOS_13_4.0,leaf:iOS_13_1.0|leaf:iOS_13_2.0|leaf:iOS_13_3.0|leaf:iOS_13_4.0|leaf:iOS_13_5.0|leaf:iOS_13_6.0|leaf:macOS_10_15.0
11581,fam:iOS,fam:iOS,fam:iOS|fam:macOS,maj:iOS_13,maj:iOS_13,maj:iOS_13|maj:macOS_10,leaf:iOS_13_5.0,leaf:iOS_13_4.0,leaf:iOS_13_1.0|leaf:iOS_13_2.0|leaf:iOS_13_3.0|leaf:iOS_13_4.0|leaf:iOS_13_5.0|leaf:macOS_10_11.0
11583,fam:iOS,fam:iOS,fam:iOS|fam:macOS,maj:iOS_13,maj:iOS_13,maj:iOS_13|maj:macOS_10,leaf:iOS_13_5.0,leaf:iOS_13_5.0,leaf:iOS_13_1.0|leaf:iOS_13_2.0|leaf:iOS_13_3.0|leaf:iOS_13_4.0|leaf:iOS_13_5.0|leaf:macOS_10_11.0
11586,fam:iOS,fam:iOS,fam:iOS,maj:iOS_13,maj:iOS_13,maj:iOS_13,leaf:iOS_13_5.0,leaf:iOS_13_4.0,leaf:iOS_13_1.0|leaf:iOS_13_2.0|leaf:iOS_13_3.0|leaf:iOS_13_4.0|leaf:iOS_13_5.0
11590,fam:iOS,fam:iOS,fam:iOS|fam:macOS,maj:iOS_13,maj:iOS_13,maj:iOS_13|maj:macOS_10,leaf:iOS_13_5.0,leaf:iOS_13_4.0,leaf:iOS_13_1.0|leaf:iOS_13_2.0|leaf:iOS_13_3.0|leaf:iOS_13_4.0|leaf:iOS_13_5.0|leaf:macOS_10_11.0
11594,fam:iOS,fam:iOS,fam:iOS|fam:macOS,maj:iOS_13,maj:iOS_13,maj:iOS_13|maj:macOS_10,leaf:iOS_13_5.0,leaf:iOS_13_4.0,leaf:iOS_13_1.0|leaf:iOS_13_2.0|leaf:iOS_13_3.0|leaf:iOS_13_4.0|leaf:iOS_13_5.0|leaf:iOS_13_6.0|leaf:macOS_10_15.0
11595,fam:iOS,fam:iOS,fam:iOS|fam:macOS,maj:iOS_13,maj:iOS_13,maj:iOS_13|maj:macOS_10,leaf:iOS_13_5.0,leaf:iOS_13_4.0,leaf:iOS_13_1.0|leaf:iOS_13_2.0|leaf:iOS_13_3.0|leaf:iOS_13_4.0|leaf:iOS_13_5.0|leaf:iOS_13_6.0|leaf:macOS_10_15.0
11596,fam:iOS,fam:iOS,fam:iOS,maj:iOS_13,maj:iOS_13,maj:iOS_13,leaf:iOS_13_5.0,leaf:iOS_13_4.0,leaf:iOS_13_3.0|leaf:iOS_13_4.0|leaf:iOS_13_5.0
11601,fam:iOS,fam:iOS,fam:iOS|fam:macOS,maj:iOS_13,maj:iOS_13,maj:iOS_13|maj:macOS_10,leaf:iOS_13_5.0,leaf:iOS_13_4.0,leaf:iOS_13_1.0|leaf:iOS_13_2.0|leaf:iOS_13_3.0|leaf:iOS_13_4.0|leaf:iOS_13_5.0|leaf:macOS_10_11.0
11603,fam:iOS,fam:iOS,fam:iOS|fam:macOS,maj:iOS_13,maj:iOS_13,maj:iOS_13|maj:macOS_10,leaf:iOS_13_5.0,leaf:iOS_13_4.0,leaf:iOS_13_1.0|leaf:iOS_13_2.0|leaf:iOS_13_3.0|leaf:iOS_13_4.0|leaf:iOS_13_5.0|leaf:iOS_13_6.0|leaf:macOS_10_15.0
11605,fam:iOS,fam:iOS,fam:iOS|fam:macOS,maj:iOS_13,maj:iOS_13,maj:iOS_13|maj:macOS_10,leaf:iOS_13_6.0,leaf:iOS_13_3.0,leaf:iOS_13_1.0|leaf:iOS_13_3.0|leaf:iOS_13_4.0|leaf:iOS_13_5.0|leaf:iOS_13_6.0|leaf:macOS_10_11.0|leaf:macOS_10_15.0
11606,fam:iOS,fam:iOS,fam:iOS|fam:macOS,maj:iOS_13,maj:iOS_13,maj:iOS_13|maj:macOS_10,leaf:iOS_13_6.0,leaf:iOS_13_4.0,leaf:iOS_13_1.0|leaf:iOS_13_2.0|leaf:iOS_13_3.0|leaf:iOS_13_4.0|leaf:iOS_13_5.0|leaf:iOS_13_6.0|leaf:macOS_10_15.0
11607,fam:iOS,fam:iOS,fam:iOS|fam:macOS,maj:iOS_13,maj:iOS_13,maj:iOS_13|maj:macOS_10,leaf:iOS_13_6.0,leaf:iOS_13_4.0,leaf:iOS_13_1.0|leaf:iOS_13_2.0|leaf:iOS_13_3.0|leaf:iOS_13_4.0|leaf:iOS_13_5.0|leaf:macOS_10_11.0
11608,fam:iOS,fam:iOS,fam:iOS|fam:macOS,maj:iOS_13,maj:iOS_13,maj:iOS_13|maj:macOS_10,leaf:iOS_13_6.0,leaf:iOS_13_5.0,leaf:iOS_13_1.0|leaf:iOS_13_2.0|leaf:iOS_13_3.0|leaf:iOS_13_4.0|leaf:iOS_13_5.0|leaf:macOS_10_15.0
11613,fam:iOS,fam:iOS,fam:iOS,maj:iOS_14,maj:iOS_14,maj:iOS_14,leaf:iOS_14_0.0,leaf:iOS_14_0.0,leaf:iOS_14_0.0
11614,fam:iOS,fam:iOS,fam:iOS,maj:iOS_14,maj:iOS_14,maj:iOS_14,leaf:iOS_14_0.0,leaf:iOS_14_0.0,leaf:iOS_14_0.0
11615,fam:iOS,fam:iOS,fam:iOS,maj:iOS_14,maj:iOS_14,maj:iOS_14,leaf:iOS_14_0.0,leaf:iOS_14_0.0,leaf:iOS_14_0.0
11616,fam:iOS,fam:iOS,fam:iOS,maj:iOS_14,maj:iOS_14,maj:iOS_14,leaf:iOS_14_0.0,leaf:iOS_14_0.0,leaf:iOS_14_0.0
11620,fam:iOS,fam:macOS,fam:iOS|fam:macOS,maj:iOS_14,maj:macOS_10,maj:iOS_13|maj:macOS_10,leaf:iOS_14_0.0,leaf:macOS_10_15.0,leaf:iOS_13_1.0|leaf:iOS_13_4.0|leaf:macOS_10_14.0|leaf:macOS_10_15.0
11622,fam:iOS,fam:iOS,fam:iOS,maj:iOS_14,maj:iOS_14,maj:iOS_14,leaf:iOS_14_0.0,leaf:iOS_14_0.0,leaf:iOS_14_0.0
11625,fam:iOS,fam:iOS,fam:iOS|fam:macOS,maj:iOS_14,maj:iOS_14,maj:iOS_14|maj:macOS_10,leaf:iOS_14_0.0,leaf:iOS_14_0.0,leaf:iOS_14_0.0|leaf:macOS_10_11.0
11626,fam:iOS,fam:iOS,fam:iOS,maj:iOS_14,maj:iOS_14,maj:iOS_14,leaf:iOS_14_0.0,leaf:iOS_14_0.0,leaf:iOS_14_0.0
11629,fam:iOS,fam:iOS,fam:iOS,maj:iOS_14,maj:iOS_14,maj:iOS_14,leaf:iOS_14_0.0,leaf:iOS_14_0.0,leaf:iOS_14_0.0
11630,fam:macOS,fam:macOS,fam:macOS,maj:macOS_10,maj:macOS_10,maj:macOS_10,leaf:macOS_10_10.0,leaf:macOS_10_10.0,leaf:macOS_10_10.0|leaf:macOS_10_12.0|leaf:macOS_10_13.0
11637,fam:macOS,fam:macOS,fam:macOS,maj:macOS_10,maj:macOS_10,maj:macOS_10,leaf:macOS_10_10.0,leaf:macOS_10_11.0,leaf:macOS_10_10.0|leaf:macOS_10_11.0|leaf:macOS_10_12.0|leaf:macOS_10_13.0
11641,fam:macOS,fam:macOS,fam:Windows|fam:macOS,maj:macOS_10,maj:Windows_7,maj:Windows_10|maj:Windows_7|maj:Windows_8|maj:Windows_Vista|maj:Windows_XP|maj:macOS_10,leaf:macOS_10_10.0,leaf:macOS_10_10.0,leaf:Windows_10|leaf:Windows_7|leaf:Windows_8_1.0|leaf:Windows_8_OTHER|leaf:Windows_Vista|leaf:Windows_XP|leaf:macOS_10_10.0|leaf:macOS_10_11.0|leaf:macOS_10_13.0|leaf:macOS_10_8.0|leaf:macOS_10_9.0
11642,fam:macOS,fam:macOS,fam:macOS,maj:macOS_10,maj:macOS_10,maj:macOS_10,leaf:macOS_10_10.0,leaf:macOS_10_11.0,leaf:macOS_10_10.0|leaf:macOS_10_11.0|leaf:macOS_10_12.0|leaf:macOS_10_13.0
11643,fam:macOS,fam:macOS,fam:macOS,maj:macOS_10,maj:macOS_10,maj:macOS_10,leaf:macOS_10_10.0,leaf:macOS_10_10.0,leaf:macOS_10_10.0|leaf:macOS_10_11.0|leaf:macOS_10_12.0|leaf:macOS_10_13.0
11645,fam:macOS,fam:macOS,fam:macOS,maj:macOS_10,maj:macOS_10,maj:macOS_10,leaf:macOS_10_10.0,leaf:macOS_10_10.0,leaf:macOS_10_10.0|leaf:macOS_10_11.0|leaf:macOS_10_12.0|leaf:macOS_10_13.0
11647,fam:macOS,fam:macOS,fam:macOS,maj:macOS_10,maj:macOS_10,maj:macOS_10,leaf:macOS_10_10.0,leaf:macOS_10_10.0,leaf:macOS_10_10.0
11648,fam:macOS,fam:macOS,fam:macOS,maj:macOS_10,maj:macOS_10,maj:macOS_10,leaf:macOS_10_10.0,leaf:macOS_10_11.0,leaf:macOS_10_10.0|leaf:macOS_10_11.0|leaf:macOS_10_12.0|leaf:macOS_10_13.0
11649,fam:macOS,fam:macOS,fam:macOS,maj:macOS_10,maj:macOS_10,maj:macOS_10,leaf:macOS_10_10.0,leaf:macOS_10_10.0,leaf:macOS_10_10.0|leaf:macOS_10_11.0|leaf:macOS_10_12.0|leaf:macOS_10_13.0
11650,fam:macOS,fam:macOS,fam:macOS,maj:macOS_10,maj:macOS_10,maj:macOS_10,leaf:macOS_10_10.0,leaf:macOS_10_10.0,leaf:macOS_10_10.0
11653,fam:macOS,fam:macOS,fam:macOS,maj:macOS_10,maj:macOS_10,maj:macOS_10,leaf:macOS_10_10.0,leaf:macOS_10_11.0,leaf:macOS_10_10.0|leaf:macOS_10_11.0|leaf:macOS_10_12.0|leaf:macOS_10_13.0
11654,fam:macOS,fam:macOS,fam:macOS,maj:macOS_10,maj:macOS_10,maj:macOS_10,leaf:macOS_10_10.0,leaf:macOS_10_10.0,leaf:macOS_10_10.0
11655,fam:macOS,fam:iOS,fam:iOS|fam:macOS,maj:macOS_10,maj:macOS_10,maj:iOS_13|maj:macOS_10,leaf:macOS_10_11.0,leaf:macOS_10_11.0,leaf:iOS_13_4.0|leaf:iOS_13_5.0|leaf:macOS_10_11.0
11656,fam:macOS,fam:macOS,fam:macOS,maj:macOS_10,maj:macOS_10,maj:macOS_10,leaf:macOS_10_11.0,leaf:macOS_10_11.0,leaf:macOS_10_10.0|leaf:macOS_10_11.0|leaf:macOS_10_12.0|leaf:macOS_10_13.0
11660,fam:macOS,fam:macOS,fam:Linux|fam:Windows|fam:iOS|fam:macOS,maj:macOS_10,maj:macOS_10,maj:Linux_OTHER|maj:Windows_XP|maj:iOS_13|maj:macOS_10,leaf:macOS_10_11.0,leaf:macOS_10_11.0,leaf:Linux_OTHER|leaf:Windows_XP|leaf:iOS_13_4.0|leaf:iOS_13_5.0|leaf:macOS_10_10.0|leaf:macOS_10_11.0
11662,fam:macOS,fam:iOS,fam:iOS|fam:macOS,maj:macOS_10,maj:iOS_13,maj:iOS_13|maj:macOS_10,leaf:macOS_10_11.0,leaf:iOS_13_4.0,leaf:iOS_13_1.0|leaf:iOS_13_2.0|leaf:iOS_13_3.0|leaf:iOS_13_4.0|leaf:iOS_13_5.0|leaf:macOS_10_11.0
11663,fam:macOS,fam:Windows,fam:Android|fam:Linux|fam:Windows|fam:macOS,maj:macOS_10,maj:Linux_OTHER,maj:Android_10|maj:Android_4|maj:Android_7|maj:Android_8|maj:Android_9|maj:Linux_OTHER|maj:Linux_Ubuntu|maj:Windows_10|maj:Windows_7|maj:macOS_10,leaf:macOS_10_11.0,leaf:Android_4_0.0,leaf:Android_10|leaf:Android_4_0.0|leaf:Android_4_4.0|leaf:Android_7_0.0|leaf:Android_7_1.0|leaf:Android_8_0.0|leaf:Android_8_1.0|leaf:Android_9|leaf:Linux_OTHER|leaf:Linux_Ubuntu|leaf:Windows_10|leaf:Windows_7|leaf:macOS_10_11.0
11667,fam:macOS,fam:iOS,fam:iOS|fam:macOS,maj:macOS_10,maj:iOS_13,maj:iOS_13|maj:macOS_10,leaf:macOS_10_11.0,leaf:iOS_13_4.0,leaf:iOS_13_1.0|leaf:iOS_13_2.0|leaf:iOS_13_3.0|leaf:iOS_13_4.0|leaf:iOS_13_5.0|leaf:macOS_10_11.0
11668,fam:macOS,fam:macOS,fam:iOS|fam:macOS,maj:macOS_10,maj:iOS_14,maj:iOS_14|maj:macOS_10,leaf:macOS_10_11.0,leaf:iOS_14_0.0,leaf:iOS_14_0.0|leaf:macOS_10_11.0
11669,fam:macOS,fam:iOS,fam:iOS|fam:macOS,maj:macOS_10,maj:iOS_13,maj:iOS_13|maj:macOS_10,leaf:macOS_10_11.0,leaf:iOS_13_4.0,leaf:iOS_13_1.0|leaf:iOS_13_2.0|leaf:iOS_13_3.0|leaf:iOS_13_4.0|leaf:iOS_13_5.0|leaf:macOS_10_11.0
11670,fam:macOS,fam:macOS,fam:macOS,maj:macOS_10,maj:macOS_10,maj:macOS_10,leaf:macOS_10_11.0,leaf:macOS_10_11.0,leaf:macOS_10_10.0|leaf:macOS_10_11.0|leaf:macOS_10_13.0
11672,fam:macOS,fam:macOS,fam:macOS,maj:macOS_10,maj:macOS_10,maj:macOS_10,leaf:macOS_10_11.0,leaf:macOS_10_10.0,leaf:macOS_10_10.0|leaf:macOS_10_11.0|leaf:macOS_10_12.0|leaf:macOS_10_13.0
11673,fam:macOS,fam:macOS,fam:iOS|fam:macOS,maj:macOS_10,maj:macOS_10,maj:iOS_10|maj:macOS_10,leaf:macOS_10_11.0,leaf:macOS_10_11.0,leaf:iOS_10_0.0|leaf:macOS_10_11.0|leaf:macOS_10_12.0
11674,fam:macOS,fam:iOS,fam:macOS,maj:macOS_10,maj:macOS_10,maj:macOS_10,leaf:macOS_10_11.0,leaf:macOS_10_11.0,leaf:macOS_10_11.0
11675,fam:macOS,fam:iOS,fam:iOS|fam:macOS,maj:macOS_10,maj:iOS_13,maj:iOS_13|maj:macOS_10,leaf:macOS_10_11.0,leaf:iOS_13_4.0,leaf:iOS_13_1.0|leaf:iOS_13_2.0|leaf:iOS_13_3.0|leaf:iOS_13_4.0|leaf:iOS_13_5.0|leaf:macOS_10_11.0
11678,fam:macOS,fam:iOS,fam:iOS|fam:macOS,maj:macOS_10,maj:iOS_13,maj:iOS_13|maj:macOS_10,leaf:macOS_10_11.0,leaf:iOS_13_4.0,leaf:iOS_13_1.0|leaf:iOS_13_2.0|leaf:iOS_13_3.0|leaf:iOS_13_4.0|leaf:iOS_13_5.0|leaf:macOS_10_11.0
11680,fam:macOS,fam:iOS,fam:iOS|fam:macOS,maj:macOS_10,maj:iOS_13,maj:iOS_13|maj:macOS_10,leaf:macOS_10_11.0,leaf:iOS_13_3.0,leaf:iOS_13_1.0|leaf:iOS_13_2.0|leaf:iOS_13_3.0|leaf:iOS_13_4.0|leaf:iOS_13_5.0|leaf:iOS_13_6.0|leaf:macOS_10_11.0|leaf:macOS_10_15.0
11681,fam:macOS,fam:macOS,fam:macOS,maj:macOS_10,maj:macOS_10,maj:macOS_10,leaf:macOS_10_11.0,leaf:macOS_10_11.0,leaf:macOS_10_10.0|leaf:macOS_10_11.0|leaf:macOS_10_12.0|leaf:macOS_10_13.0
11683,fam:macOS,fam:macOS,fam:Windows|fam:macOS,maj:macOS_10,maj:Windows_8,maj:Windows_10|maj:Windows_7|maj:Windows_8|maj:Windows_Vista|maj:Windows_XP|maj:macOS_10,leaf:macOS_10_11.0,leaf:macOS_10_10.0,leaf:Windows_10|leaf:Windows_7|leaf:Windows_8_1.0|leaf:Windows_8_OTHER|leaf:Windows_Vista|leaf:Windows_XP|leaf:macOS_10_10.0|leaf:macOS_10_11.0|leaf:macOS_10_13.0|leaf:macOS_10_8.0|leaf:macOS_10_9.0
11684,fam:macOS,fam:iOS,fam:iOS|fam:macOS,maj:macOS_10,maj:iOS_13,maj:iOS_13|maj:macOS_10,leaf:macOS_10_11.0,leaf:iOS_13_4.0,leaf:iOS_13_1.0|leaf:iOS_13_2.0|leaf:iOS_13_3.0|leaf:iOS_13_4.0|leaf:iOS_13_5.0|leaf:macOS_10_11.0
11688,fam:macOS,fam:iOS,fam:iOS|fam:macOS,maj:macOS_10,maj:iOS_13,maj:iOS_13|maj:macOS_10,leaf:macOS_10_11.0,leaf:iOS_13_4.0,leaf:iOS_13_1.0|leaf:iOS_13_2.0|leaf:iOS_13_3.0|leaf:iOS_13_4.0|leaf:iOS_13_5.0|leaf:macOS_10_11.0
11690,fam:macOS,fam:macOS,fam:macOS,maj:macOS_10,maj:macOS_10,maj:macOS_10,leaf:macOS_10_11.0,leaf:macOS_10_13.0,leaf:macOS_10_10.0|leaf:macOS_10_11.0|leaf:macOS_10_12.0|leaf:macOS_10_13.0
11692,fam:macOS,fam:iOS,fam:iOS|fam:macOS,maj:macOS_10,maj:iOS_14,maj:iOS_14|maj:macOS_10,leaf:macOS_10_11.0,leaf:iOS_14_0.0,leaf:iOS_14_0.0|leaf:macOS_10_11.0
11693,fam:macOS,fam:iOS,fam:iOS|fam:macOS,maj:macOS_10,maj:iOS_13,maj:iOS_13|maj:macOS_10,leaf:macOS_10_11.0,leaf:iOS_13_4.0,leaf:iOS_13_1.0|leaf:iOS_13_2.0|leaf:iOS_13_3.0|leaf:iOS_13_4.0|leaf:iOS_13_5.0|leaf:iOS_13_6.0|leaf:macOS_10_15.0
11694,fam:macOS,fam:iOS,fam:macOS,maj:macOS_10,maj:macOS_10,maj:macOS_10,leaf:macOS_10_11.0,leaf:macOS_10_11.0,leaf:macOS_10_11.0
11703,fam:macOS,fam:iOS,fam:iOS|fam:macOS,maj:macOS_10,maj:iOS_13,maj:iOS_13|maj:macOS_10,leaf:macOS_10_11.0,leaf:macOS_10_11.0,leaf:iOS_13_4.0|leaf:iOS_13_5.0|leaf:macOS_10_11.0
11705,fam:macOS,fam:iOS,fam:macOS,maj:macOS_10,maj:macOS_10,maj:macOS_10,leaf:macOS_10_11.0,leaf:macOS_10_11.0,leaf:macOS_10_11.0
11706,fam:macOS,fam:macOS,fam:macOS,maj:macOS_10,maj:macOS_10,maj:macOS_10,leaf:macOS_10_11.0,leaf:macOS_10_13.0,leaf:macOS_10_10.0|leaf:macOS_10_11.0|leaf:macOS_10_12.0|leaf:macOS_10_13.0
11707,fam:macOS,fam:iOS,fam:iOS|fam:macOS,maj:macOS_10,maj:iOS_13,maj:iOS_13|maj:macOS_10,leaf:macOS_10_11.0,leaf:iOS_13_4.0,leaf:iOS_13_3.0|leaf:iOS_13_4.0|leaf:iOS_13_5.0|leaf:macOS_10_11.0
11708,fam:macOS,fam:macOS,fam:Windows|fam:macOS,maj:macOS_10,maj:Linux_Ubuntu,maj:Windows_10|maj:Windows_7|maj:Windows_8|maj:macOS_10,leaf:macOS_10_11.0,leaf:macOS_10_11.0,leaf:Windows_10|leaf:Windows_7|leaf:Windows_8_1.0|leaf:macOS_10_11.0|leaf:macOS_10_13.0
11709,fam:macOS,fam:iOS,fam:iOS|fam:macOS,maj:macOS_10,maj:iOS_13,maj:iOS_13|maj:macOS_10,leaf:macOS_10_11.0,leaf:iOS_13_4.0,leaf:iOS_13_1.0|leaf:iOS_13_2.0|leaf:iOS_13_3.0|leaf:iOS_13_4.0|leaf:iOS_13_5.0|leaf:macOS_10_11.0
11710,fam:macOS,fam:macOS,fam:macOS,maj:macOS_10,maj:macOS_10,maj:macOS_10,leaf:macOS_10_11.0,leaf:macOS_10_13.0,leaf:macOS_10_10.0|leaf:macOS_10_11.0|leaf:macOS_10_12.0|leaf:macOS_10_13.0
11713,fam:macOS,fam:iOS,fam:iOS|fam:macOS,maj:macOS_10,maj:iOS_13,maj:iOS_13|maj:macOS_10,leaf:macOS_10_11.0,leaf:macOS_10_11.0,leaf:iOS_13_2.0|leaf:iOS_13_3.0|leaf:iOS_13_4.0|leaf:iOS_13_5.0|leaf:macOS_10_11.0|leaf:macOS_10_15.0
11714,fam:macOS,fam:macOS,fam:iOS|fam:macOS,maj:macOS_10,maj:macOS_10,maj:iOS_10|maj:macOS_10,leaf:macOS_10_11.0,leaf:macOS_10_11.0,leaf:iOS_10_0.0|leaf:macOS_10_11.0|leaf:macOS_10_12.0
11719,fam:macOS,fam:iOS,fam:macOS,maj:macOS_10,maj:macOS_10,maj:macOS_10,leaf:macOS_10_11.0,leaf:macOS_10_11.0,leaf:macOS_10_11.0
11723,fam:macOS,fam:macOS,fam:macOS,maj:macOS_10,maj:macOS_10,maj:macOS_10,leaf:macOS_10_12.0,leaf:macOS_10_12.0,leaf:macOS_10_12.0
11724,fam:macOS,fam:macOS,fam:macOS,maj:macOS_10,maj:macOS_10,maj:macOS_10,leaf:macOS_10_12.0,leaf:macOS_10_11.0,leaf:macOS_10_10.0|leaf:macOS_10_11.0|leaf:macOS_10_12.0|leaf:macOS_10_13.0
11727,fam:macOS,fam:macOS,fam:macOS,maj:macOS_10,maj:macOS_10,maj:macOS_10,leaf:macOS_10_12.0,leaf:macOS_10_12.0,leaf:macOS_10_12.0
11728,fam:macOS,fam:macOS,fam:macOS,maj:macOS_10,maj:macOS_10,maj:macOS_10,leaf:macOS_10_12.0,leaf:macOS_10_11.0,leaf:macOS_10_10.0|leaf:macOS_10_11.0|leaf:macOS_10_12.0|leaf:macOS_10_13.0
11731,fam:macOS,fam:macOS,fam:macOS,maj:macOS_10,maj:macOS_10,maj:macOS_10,leaf:macOS_10_12.0,leaf:macOS_10_12.0,leaf:macOS_10_12.0
11733,fam:macOS,fam:macOS,fam:macOS,maj:macOS_10,maj:macOS_10,maj:macOS_10,leaf:macOS_10_12.0,leaf:macOS_10_10.0,leaf:macOS_10_10.0|leaf:macOS_10_11.0|leaf:macOS_10_12.0|leaf:macOS_10_13.0
11735,fam:macOS,fam:macOS,fam:macOS,maj:macOS_10,maj:macOS_10,maj:macOS_10,leaf:macOS_10_12.0,leaf:macOS_10_13.0,leaf:macOS_10_10.0|leaf:macOS_10_12.0|leaf:macOS_10_13.0
11736,fam:macOS,fam:macOS,fam:iOS|fam:macOS,maj:macOS_10,maj:macOS_10,maj:iOS_10|maj:macOS_10,leaf:macOS_10_12.0,leaf:macOS_10_12.0,leaf:iOS_10_0.0|leaf:macOS_10_11.0|leaf:macOS_10_12.0
11737,fam:macOS,fam:macOS,fam:macOS,maj:macOS_10,maj:macOS_10,maj:macOS_10,leaf:macOS_10_12.0,leaf:macOS_10_12.0,leaf:macOS_10_12.0
11738,fam:macOS,fam:macOS,fam:macOS,maj:macOS_10,maj:macOS_10,maj:macOS_10,leaf:macOS_10_12.0,leaf:macOS_10_12.0,leaf:macOS_10_12.0
11740,fam:macOS,fam:macOS,fam:macOS,maj:macOS_10,maj:macOS_10,maj:macOS_10,leaf:macOS_10_12.0,leaf:macOS_10_12.0,leaf:macOS_10_12.0
11743,fam:macOS,fam:macOS,fam:macOS,maj:macOS_10,maj:macOS_10,maj:macOS_10,leaf:macOS_10_12.0,leaf:macOS_10_12.0,leaf:macOS_10_12.0
11745,fam:macOS,fam:macOS,fam:Windows|fam:macOS,maj:macOS_10,maj:macOS_10,maj:Windows_10|maj:macOS_10,leaf:macOS_10_12.0,leaf:macOS_10_13.0,leaf:Windows_10|leaf:macOS_10_10.0|leaf:macOS_10_11.0|leaf:macOS_10_12.0|leaf:macOS_10_13.0
11746,fam:macOS,fam:macOS,fam:macOS,maj:macOS_10,maj:macOS_10,maj:macOS_10,leaf:macOS_10_12.0,leaf:macOS_10_13.0,leaf:macOS_10_10.0|leaf:macOS_10_11.0|leaf:macOS_10_12.0|leaf:macOS_10_13.0
11747,fam:macOS,fam:macOS,fam:macOS,maj:macOS_10,maj:macOS_10,maj:macOS_10,leaf:macOS_10_12.0,leaf:macOS_10_12.0,leaf:macOS_10_12.0
11748,fam:macOS,fam:macOS,fam:macOS,maj:macOS_10,maj:macOS_10,maj:macOS_10,leaf:macOS_10_12.0,leaf:macOS_10_12.0,leaf:macOS_10_12.0
11750,fam:macOS,fam:macOS,fam:macOS,maj:macOS_10,maj:macOS_10,maj:macOS_10,leaf:macOS_10_12.0,leaf:macOS_10_12.0,leaf:macOS_10_10.0|leaf:macOS_10_11.0|leaf:macOS_10_12.0|leaf:macOS_10_13.0
11756,fam:macOS,fam:macOS,fam:macOS,maj:macOS_10,maj:macOS_10,maj:macOS_10,leaf:macOS_10_12.0,leaf:macOS_10_12.0,leaf:macOS_10_12.0
11757,fam:macOS,fam:macOS,fam:macOS,maj:macOS_10,maj:macOS_10,maj:macOS_10,leaf:macOS_10_12.0,leaf:macOS_10_12.0,leaf:macOS_10_12.0
11759,fam:macOS,fam:macOS,fam:Windows|fam:macOS,maj:macOS_10,maj:macOS_10,maj:Windows_7|maj:macOS_10|maj:macOS_OTHER,leaf:macOS_10_13.0,leaf:macOS_10_13.0,leaf:Windows_7|leaf:macOS_10_11.0|leaf:macOS_10_12.0|leaf:macOS_10_13.0|leaf:macOS_OTHER
11762,fam:macOS,fam:macOS,fam:macOS,maj:macOS_10,maj:macOS_10,maj:macOS_10,leaf:macOS_10_13.0,leaf:macOS_10_13.0,leaf:macOS_10_10.0|leaf:macOS_10_11.0|leaf:macOS_10_12.0|leaf:macOS_10_13.0
11764,fam:macOS,fam:macOS,fam:macOS,maj:macOS_10,maj:macOS_10,maj:macOS_10,leaf:macOS_10_13.0,leaf:macOS_10_13.0,leaf:macOS_10_13.0
11765,fam:macOS,fam:macOS,fam:macOS,maj:macOS_10,maj:macOS_10,maj:macOS_10,leaf:macOS_10_13.0,leaf:macOS_10_13.0,leaf:macOS_10_13.0
11766,fam:macOS,fam:macOS,fam:macOS,maj:macOS_10,maj:macOS_10,maj:macOS_10,leaf:macOS_10_13.0,leaf:macOS_10_13.0,leaf:macOS_10_13.0
11771,fam:macOS,fam:Windows,fam:Linux|fam:Windows|fam:macOS,maj:macOS_10,maj:macOS_10,maj:Linux_OTHER|maj:Windows_10|maj:Windows_7|maj:Windows_8|maj:macOS_10,leaf:macOS_10_13.0,leaf:macOS_10_11.0,leaf:Linux_OTHER|leaf:Windows_10|leaf:Windows_7|leaf:Windows_8_OTHER|leaf:macOS_10_11.0
11772,fam:macOS,fam:macOS,fam:macOS,maj:macOS_10,maj:macOS_10,maj:macOS_10,leaf:macOS_10_13.0,leaf:macOS_10_13.0,leaf:macOS_10_13.0
11776,fam:macOS,fam:macOS,fam:macOS,maj:macOS_10,maj:macOS_10,maj:macOS_10,leaf:macOS_10_13.0,leaf:macOS_10_13.0,leaf:macOS_10_13.0
11778,fam:macOS,fam:macOS,fam:macOS,maj:macOS_10,maj:macOS_10,maj:macOS_10,leaf:macOS_10_13.0,leaf:macOS_10_13.0,leaf:macOS_10_13.0
11779,fam:macOS,fam:macOS,fam:macOS,maj:macOS_10,maj:macOS_10,maj:macOS_10,leaf:macOS_10_13.0,leaf:macOS_10_13.0,leaf:macOS_10_13.0
11780,fam:macOS,fam:macOS,fam:macOS,maj:macOS_10,maj:macOS_10,maj:macOS_10,leaf:macOS_10_13.0,leaf:macOS_10_13.0,leaf:macOS_10_13.0
11781,fam:macOS,fam:macOS,fam:macOS,maj:macOS_10,maj:macOS_10,maj:macOS_10,leaf:macOS_10_13.0,leaf:macOS_10_11.0,leaf:macOS_10_10.0|leaf:macOS_10_11.0|leaf:macOS_10_13.0
11786,fam:macOS,fam:macOS,fam:macOS,maj:macOS_10,maj:macOS_10,maj:macOS_10,leaf:macOS_10_13.0,leaf:macOS_10_11.0,leaf:macOS_10_10.0|leaf:macOS_10_11.0|leaf:macOS_10_12.0|leaf:macOS_10_13.0
11787,fam:macOS,fam:macOS,fam:macOS,maj:macOS_10,maj:macOS_10,maj:macOS_10,leaf:macOS_10_13.0,leaf:macOS_10_13.0,leaf:macOS_10_13.0
11788,fam:macOS,fam:macOS,fam:macOS,maj:macOS_10,maj:macOS_10,maj:macOS_10,leaf:macOS_10_13.0,leaf:macOS_10_13.0,leaf:macOS_10_13.0
11789,fam:macOS,fam:macOS,fam:macOS,maj:macOS_10,maj:macOS_10,maj:macOS_10,leaf:macOS_10_13.0,leaf:macOS_10_13.0,leaf:macOS_10_13.0
11790,fam:macOS,fam:macOS,fam:Windows|fam:macOS,maj:macOS_10,maj:macOS_10,maj:Windows_7|maj:macOS_10|maj:macOS_OTHER,leaf:macOS_10_13.0,leaf:macOS_10_13.0,leaf:Windows_7|leaf:macOS_10_11.0|leaf:macOS_10_12.0|leaf:macOS_10_13.0|leaf:macOS_OTHER
11791,fam:macOS,fam:macOS,fam:macOS,maj:macOS_10,maj:macOS_10,maj:macOS_10,leaf:macOS_10_13.0,leaf:macOS_10_13.0,leaf:macOS_10_13.0
11792,fam:macOS,fam:macOS,fam:Linux|fam:macOS,maj:macOS_10,maj:macOS_10,maj:Linux_OTHER|maj:macOS_10,leaf:macOS_10_13.0,leaf:macOS_10_13.0,leaf:Linux_OTHER|leaf:macOS_10_10.0|leaf:macOS_10_11.0|leaf:macOS_10_12.0|leaf:macOS_10_13.0
11793,fam:macOS,fam:Linux,fam:Android|fam:Linux|fam:Windows|fam:iOS|fam:macOS,maj:macOS_10,maj:iOS_12,maj:Android_9|maj:Linux_OTHER|maj:Linux_Ubuntu|maj:Windows_Vista|maj:iOS_12|maj:macOS_10,leaf:macOS_10_13.0,leaf:Windows_Vista,leaf:Android_9|leaf:Linux_OTHER|leaf:Linux_Ubuntu|leaf:Windows_Vista|leaf:iOS_12_2.0|leaf:iOS_12_3.0|leaf:macOS_10_10.0|leaf:macOS_10_12.0|leaf:macOS_10_13.0|leaf:macOS_10_14.0|leaf:macOS_10_7.0
11797,fam:macOS,fam:macOS,fam:macOS,maj:macOS_10,maj:macOS_10,maj:macOS_10,leaf:macOS_10_13.0,leaf:macOS_10_13.0,leaf:macOS_10_13.0
11800,fam:macOS,fam:macOS,fam:macOS,maj:macOS_10,maj:macOS_10,maj:macOS_10,leaf:macOS_10_13.0,leaf:macOS_10_13.0,leaf:macOS_10_13.0
11801,fam:macOS,fam:macOS,fam:macOS,maj:macOS_10,maj:macOS_10,maj:macOS_10,leaf:macOS_10_13.0,leaf:macOS_10_13.0,leaf:macOS_10_13.0
11804,fam:macOS,fam:macOS,fam:macOS,maj:macOS_10,maj:macOS_10,maj:macOS_10,leaf:macOS_10_13.0,leaf:macOS_10_13.0,leaf:macOS_10_13.0
11805,fam:macOS,fam:macOS,fam:macOS,maj:macOS_10,maj:macOS_10,maj:macOS_10,leaf:macOS_10_13.0,leaf:macOS_10_13.0,leaf:macOS_10_13.0
11806,fam:macOS,fam:macOS,fam:macOS,maj:macOS_10,maj:macOS_10,maj:macOS_10,leaf:macOS_10_13.0,leaf:macOS_10_10.0,leaf:macOS_10_10.0|leaf:macOS_10_12.0|leaf:macOS_10_13.0
11807,fam:macOS,fam:macOS,fam:macOS,maj:macOS_10,maj:macOS_10,maj:macOS_10,leaf:macOS_10_13.0,leaf:macOS_10_13.0,leaf:macOS_10_13.0
11808,fam:macOS,fam:macOS,fam:macOS,maj:macOS_10,maj:macOS_10,maj:macOS_10,leaf:macOS_10_13.0,leaf:macOS_10_13.0,leaf:macOS_10_13.0
11809,fam:macOS,fam:macOS,fam:macOS,maj:macOS_10,maj:macOS_10,maj:macOS_10,leaf:macOS_10_13.0,leaf:macOS_10_13.0,leaf:macOS_10_13.0
11812,fam:macOS,fam:macOS,fam:macOS,maj:macOS_10,maj:macOS_10,maj:macOS_10,leaf:macOS_10_13.0,leaf:macOS_10_13.0,leaf:macOS_10_13.0
11813,fam:macOS,fam:macOS,fam:macOS,maj:macOS_10,maj:macOS_10,maj:macOS_10,leaf:macOS_10_13.0,leaf:macOS_10_13.0,leaf:macOS_10_13.0
11816,fam:macOS,fam:macOS,fam:macOS,maj:macOS_10,maj:macOS_10,maj:macOS_10,leaf:macOS_10_13.0,leaf:macOS_10_13.0,leaf:macOS_10_13.0
11817,fam:macOS,fam:macOS,fam:macOS,maj:macOS_10,maj:macOS_10,maj:macOS_10,leaf:macOS_10_13.0,leaf:macOS_10_13.0,leaf:macOS_10_13.0
11819,fam:macOS,fam:macOS,fam:macOS,maj:macOS_10,maj:macOS_10,maj:macOS_10,leaf:macOS_10_13.0,leaf:macOS_10_10.0,leaf:macOS_10_10.0|leaf:macOS_10_12.0|leaf:macOS_10_13.0
11820,fam:macOS,fam:macOS,fam:macOS,maj:macOS_10,maj:macOS_10,maj:macOS_10,leaf:macOS_10_13.0,leaf:macOS_10_13.0,leaf:macOS_10_13.0
11821,fam:macOS,fam:macOS,fam:macOS,maj:macOS_10,maj:macOS_10,maj:macOS_10,leaf:macOS_10_13.0,leaf:macOS_10_13.0,leaf:macOS_10_13.0
11823,fam:macOS,fam:macOS,fam:macOS,maj:macOS_10,maj:macOS_10,maj:macOS_10,leaf:macOS_10_13.0,leaf:macOS_10_13.0,leaf:macOS_10_11.0|leaf:macOS_10_13.0
11827,fam:macOS,fam:macOS,fam:macOS,maj:macOS_10,maj:macOS_10,maj:macOS_10,leaf:macOS_10_13.0,leaf:macOS_10_13.0,leaf:macOS_10_10.0|leaf:macOS_10_11.0|leaf:macOS_10_12.0|leaf:macOS_10_13.0
11834,fam:macOS,fam:macOS,fam:macOS,maj:macOS_10,maj:macOS_10,maj:macOS_10,leaf:macOS_10_13.0,leaf:macOS_10_13.0,leaf:macOS_10_13.0
11835,fam:macOS,fam:macOS,fam:macOS,maj:macOS_10,maj:macOS_10,maj:macOS_10,leaf:macOS_10_13.0,leaf:macOS_10_13.0,leaf:macOS_10_13.0
11836,fam:macOS,fam:macOS,fam:Windows|fam:macOS,maj:macOS_10,maj:macOS_10,maj:Windows_7|maj:macOS_10|maj:macOS_OTHER,leaf:macOS_10_13.0,leaf:macOS_10_13.0,leaf:Windows_7|leaf:macOS_10_11.0|leaf:macOS_10_12.0|leaf:macOS_10_13.0|leaf:macOS_OTHER
11838,fam:macOS,fam:macOS,fam:macOS,maj:macOS_10,maj:macOS_10,maj:macOS_10,leaf:macOS_10_13.0,leaf:macOS_10_13.0,leaf:macOS_10_13.0
11839,fam:macOS,fam:macOS,fam:macOS,maj:macOS_10,maj:macOS_10,maj:macOS_10,leaf:macOS_10_13.0,leaf:macOS_10_13.0,leaf:macOS_10_13.0
11842,fam:macOS,fam:macOS,fam:macOS,maj:macOS_10,maj:macOS_10,maj:macOS_10,leaf:macOS_10_13.0,leaf:macOS_10_13.0,leaf:macOS_10_13.0
11844,fam:macOS,fam:macOS,fam:macOS,maj:macOS_10,maj:macOS_10,maj:macOS_10,leaf:macOS_10_13.0,leaf:macOS_10_10.0,leaf:macOS_10_10.0|leaf:macOS_10_11.0|leaf:macOS_10_12.0|leaf:macOS_10_13.0
11846,fam:macOS,fam:macOS,fam:macOS,maj:macOS_10,maj:macOS_10,maj:macOS_10,leaf:macOS_10_13.0,leaf:macOS_10_13.0,leaf:macOS_10_13.0
11847,fam:macOS,fam:macOS,fam:macOS,maj:macOS_10,maj:macOS_10,maj:macOS_10,leaf:macOS_10_13.0,leaf:macOS_10_11.0,leaf:macOS_10_10.0|leaf:macOS_10_11.0|leaf:macOS_10_12.0|leaf:macOS_10_13.0
11852,fam:macOS,fam:macOS,fam:macOS,maj:macOS_10,maj:macOS_10,maj:macOS_10,leaf:macOS_10_13.0,leaf:macOS_10_13.0,leaf:macOS_10_13.0
11853,fam:macOS,fam:macOS,fam:macOS,maj:macOS_10,maj:macOS_10,maj:macOS_10,leaf:macOS_10_13.0,leaf:macOS_10_13.0,leaf:macOS_10_10.0|leaf:macOS_10_11.0|leaf:macOS_10_12.0|leaf:macOS_10_13.0
11856,fam:macOS,fam:macOS,fam:macOS,maj:macOS_10,maj:macOS_10,maj:macOS_10,leaf:macOS_10_13.0,leaf:macOS_10_10.0,leaf:macOS_10_10.0|leaf:macOS_10_11.0|leaf:macOS_10_12.0|leaf:macOS_10_13.0
11857,fam:macOS,fam:Linux,fam:Android|fam:Linux|fam:Windows|fam:iOS|fam:macOS,maj:macOS_10,maj:iOS_12,maj:Android_4|maj:Android_9|maj:Linux_OTHER|maj:Linux_Ubuntu|maj:Windows_Vista|maj:iOS_12|maj:macOS_10,leaf:macOS_10_13.0,leaf:Windows_Vista,leaf:Android_4_0.0|leaf:Android_9|leaf:Linux_OTHER|leaf:Linux_Ubuntu|leaf:Windows_Vista|leaf:iOS_12_2.0|leaf:iOS_12_3.0|leaf:iOS_12_4.0|leaf:macOS_10_13.0|leaf:macOS_10_14.0
11859,fam:macOS,fam:macOS,fam:macOS,maj:macOS_10,maj:macOS_10,maj:macOS_10,leaf:macOS_10_13.0,leaf:macOS_10_10.0,leaf:macOS_10_10.0|leaf:macOS_10_12.0|leaf:macOS_10_13.0
11862,fam:macOS,fam:macOS,fam:Windows|fam:macOS,maj:macOS_10,maj:Windows_8,maj:Windows_10|maj:Windows_7|maj:Windows_8|maj:macOS_10,leaf:macOS_10_13.0,leaf:macOS_10_13.0,leaf:Windows_10|leaf:Windows_7|leaf:Windows_8_1.0|leaf:macOS_10_13.0|leaf:macOS_10_8.0
11863,fam:macOS,fam:macOS,fam:macOS,maj:macOS_10,maj:macOS_10,maj:macOS_10,leaf:macOS_10_13.0,leaf:macOS_10_10.0,leaf:macOS_10_10.0|leaf:macOS_10_12.0|leaf:macOS_10_13.0
11865,fam:macOS,fam:macOS,fam:iOS|fam:macOS,maj:macOS_10,maj:macOS_10,maj:iOS_12|maj:macOS_10,leaf:macOS_10_14.0,leaf:macOS_10_14.0,leaf:iOS_12_OTHER|leaf:macOS_10_14.0
11866,fam:macOS,fam:macOS,fam:macOS,maj:macOS_10,maj:macOS_10,maj:macOS_10,leaf:macOS_10_14.0,leaf:macOS_10_15.0,leaf:macOS_10_14.0|leaf:macOS_10_15.0
11869,fam:macOS,fam:macOS,fam:iOS|fam:macOS,maj:macOS_10,maj:macOS_10,maj:iOS_12|maj:macOS_10,leaf:macOS_10_14.0,leaf:macOS_10_14.0,leaf:iOS_12_OTHER|leaf:macOS_10_14.0
11872,fam:macOS,fam:macOS,fam:macOS,maj:macOS_10,maj:macOS_10,maj:macOS_10,leaf:macOS_10_14.0,leaf:macOS_10_14.0,leaf:macOS_10_14.0
11873,fam:macOS,fam:macOS,fam:iOS|fam:macOS,maj:macOS_10,maj:macOS_10,maj:iOS_12|maj:macOS_10,leaf:macOS_10_14.0,leaf:macOS_10_14.0,leaf:iOS_12_OTHER|leaf:macOS_10_14.0
11874,fam:macOS,fam:Linux,fam:Android|fam:Linux|fam:Windows|fam:iOS|fam:macOS,maj:macOS_10,maj:Linux_OTHER,maj:Android_4|maj:Android_7|maj:Android_8|maj:Linux_OTHER|maj:Linux_Ubuntu|maj:Windows_10|maj:iOS_13|maj:macOS_10,leaf:macOS_10_14.0,leaf:Linux_OTHER,leaf:Android_4_0.0|leaf:Android_7_0.0|leaf:Android_7_1.0|leaf:Android_8_0.0|leaf:Android_8_1.0|leaf:Linux_OTHER|leaf:Linux_Ubuntu|leaf:Windows_10|leaf:iOS_13_3.0|leaf:macOS_10_14.0|leaf:macOS_10_15.0
11875,fam:macOS,fam:macOS,fam:macOS,maj:macOS_10,maj:macOS_10,maj:macOS_10,leaf:macOS_10_14.0,leaf:macOS_10_14.0,leaf:macOS_10_14.0
11877,fam:macOS,fam:macOS,fam:macOS,maj:macOS_10,maj:macOS_10,maj:macOS_10,leaf:macOS_10_14.0,leaf:macOS_10_14.0,leaf:macOS_10_14.0
11879,fam:macOS,fam:macOS,fam:macOS,maj:macOS_10,maj:macOS_10,maj:macOS_10,leaf:macOS_10_14.0,leaf:macOS_10_15.0,leaf:macOS_10_14.0|leaf:macOS_10_15.0
11880,fam:macOS,fam:macOS,fam:iOS|fam:macOS,maj:macOS_10,maj:macOS_10,maj:iOS_12|maj:macOS_10,leaf:macOS_10_14.0,leaf:macOS_10_14.0,leaf:iOS_12_OTHER|leaf:macOS_10_14.0
11881,fam:macOS,fam:macOS,fam:macOS,maj:macOS_10,maj:macOS_10,maj:macOS_10,leaf:macOS_10_14.0,leaf:macOS_10_14.0,leaf:macOS_10_14.0
11882,fam:macOS,fam:macOS,fam:macOS,maj:macOS_10,maj:macOS_10,maj:macOS_10,leaf:macOS_10_14.0,leaf:macOS_10_14.0,leaf:macOS_10_14.0
11885,fam:macOS,fam:macOS,fam:macOS,maj:macOS_10,maj:macOS_10,maj:macOS_10,leaf:macOS_10_14.0,leaf:macOS_10_15.0,leaf:macOS_10_14.0|leaf:macOS_10_15.0
11887,fam:macOS,fam:macOS,fam:iOS|fam:macOS,maj:macOS_10,maj:macOS_10,maj:iOS_12|maj:macOS_10,leaf:macOS_10_14.0,leaf:macOS_10_14.0,leaf:iOS_12_OTHER|leaf:macOS_10_14.0
11888,fam:macOS,fam:macOS,fam:macOS,maj:macOS_10,maj:macOS_10,maj:macOS_10,leaf:macOS_10_14.0,leaf:macOS_10_14.0,leaf:macOS_10_14.0
11891,fam:macOS,fam:Linux,fam:Android|fam:Linux|fam:Windows|fam:macOS,maj:macOS_10,maj:Linux_OTHER,maj:Android_OTHER|maj:Linux_OTHER|maj:Windows_8|maj:Windows_Vista|maj:macOS_10,leaf:macOS_10_14.0,leaf:Android_OTHER,leaf:Android_OTHER|leaf:Linux_OTHER|leaf:Windows_8_1.0|leaf:Windows_Vista|leaf:macOS_10_10.0
11892,fam:macOS,fam:macOS,fam:iOS|fam:macOS,maj:macOS_10,maj:macOS_10,maj:iOS_12|maj:macOS_10,leaf:macOS_10_14.0,leaf:macOS_10_14.0,leaf:iOS_12_OTHER|leaf:macOS_10_14.0
11893,fam:macOS,fam:macOS,fam:macOS,maj:macOS_10,maj:macOS_10,maj:macOS_10,leaf:macOS_10_14.0,leaf:macOS_10_14.0,leaf:macOS_10_14.0|leaf:macOS_10_15.0
11895,fam:macOS,fam:macOS,fam:iOS|fam:macOS,maj:macOS_10,maj:macOS_10,maj:iOS_12|maj:macOS_10,leaf:macOS_10_14.0,leaf:macOS_10_14.0,leaf:iOS_12_OTHER|leaf:macOS_10_14.0
11897,fam:macOS,fam:macOS,fam:macOS,maj:macOS_10,maj:macOS_10,maj:macOS_10,leaf:macOS_10_14.0,leaf:macOS_10_14.0,leaf:macOS_10_14.0
11902,fam:macOS,fam:macOS,fam:iOS|fam:macOS,maj:macOS_10,maj:macOS_10,maj:iOS_12|maj:macOS_10,leaf:macOS_10_14.0,leaf:macOS_10_14.0,leaf:iOS_12_OTHER|leaf:macOS_10_14.0
11907,fam:macOS,fam:Windows,fam:Android|fam:Linux|fam:Windows|fam:macOS,maj:macOS_10,maj:Windows_10,maj:Android_10|maj:Android_4|maj:Android_7|maj:Android_8|maj:Android_9|maj:Linux_OTHER|maj:Linux_Ubuntu|maj:Windows_10|maj:Windows_7|maj:macOS_10,leaf:macOS_10_14.0,leaf:Linux_OTHER,leaf:Android_10|leaf:Android_4_0.0|leaf:Android_7_0.0|leaf:Android_8_0.0|leaf:Android_8_1.0|leaf:Android_9|leaf:Linux_OTHER|leaf:Linux_Ubuntu|leaf:Windows_10|leaf:Windows_7|leaf:macOS_10_14.0|leaf:macOS_10_15.0
11909,fam:macOS,fam:macOS,fam:macOS,maj:macOS_10,maj:macOS_10,maj:macOS_10,leaf:macOS_10_14.0,leaf:macOS_10_15.0,leaf:macOS_10_14.0|leaf:macOS_10_15.0
11913,fam:macOS,fam:macOS,fam:iOS|fam:macOS,maj:macOS_10,maj:macOS_10,maj:iOS_12|maj:macOS_10,leaf:macOS_10_14.0,leaf:macOS_10_14.0,leaf:iOS_12_OTHER|leaf:macOS_10_14.0
11914,fam:macOS,fam:macOS,fam:macOS,maj:macOS_10,maj:macOS_10,maj:macOS_10,leaf:macOS_10_14.0,leaf:macOS_10_14.0,leaf:macOS_10_14.0
11918,fam:macOS,fam:macOS,fam:macOS,maj:macOS_10,maj:macOS_10,maj:macOS_10,leaf:macOS_10_14.0,leaf:macOS_10_15.0,leaf:macOS_10_14.0|leaf:macOS_10_15.0
11920,fam:macOS,fam:macOS,fam:macOS,maj:macOS_10,maj:macOS_10,maj:macOS_10,leaf:macOS_10_14.0,leaf:macOS_10_15.0,leaf:macOS_10_14.0|leaf:macOS_10_15.0
11922,fam:macOS,fam:iOS,fam:iOS|fam:macOS,maj:macOS_10,maj:iOS_11,maj:iOS_11|maj:macOS_10,leaf:macOS_10_14.0,leaf:iOS_11_4.0,leaf:iOS_11_4.0|leaf:macOS_10_14.0
11923,fam:macOS,fam:macOS,fam:macOS,maj:macOS_10,maj:macOS_10,maj:macOS_10,leaf:macOS_10_14.0,leaf:macOS_10_15.0,leaf:macOS_10_14.0|leaf:macOS_10_15.0
11924,fam:macOS,fam:macOS,fam:macOS,maj:macOS_10,maj:macOS_10,maj:macOS_10,leaf:macOS_10_14.0,leaf:macOS_10_15.0,leaf:macOS_10_14.0|leaf:macOS_10_15.0
11926,fam:macOS,fam:macOS,fam:macOS,maj:macOS_10,maj:macOS_10,maj:macOS_10,leaf:macOS_10_14.0,leaf:macOS_10_15.0,leaf:macOS_10_14.0|leaf:macOS_10_15.0
11927,fam:macOS,fam:macOS,fam:macOS,maj:macOS_10,maj:macOS_10,maj:macOS_10,leaf:macOS_10_14.0,leaf:macOS_10_15.0,leaf:macOS_10_14.0|leaf:macOS_10_15.0
11929,fam:macOS,fam:macOS,fam:iOS|fam:macOS,maj:macOS_10,maj:macOS_10,maj:iOS_12|maj:macOS_10,leaf:macOS_10_14.0,leaf:macOS_10_14.0,leaf:iOS_12_OTHER|leaf:macOS_10_14.0
11931,fam:macOS,fam:macOS,fam:macOS,maj:macOS_10,maj:macOS_10,maj:macOS_10,leaf:macOS_10_14.0,leaf:macOS_10_15.0,leaf:macOS_10_14.0|leaf:macOS_10_15.0
11932,fam:macOS,fam:macOS,fam:macOS,maj:macOS_10,maj:macOS_10,maj:macOS_10,leaf:macOS_10_14.0,leaf:macOS_10_15.0,leaf:macOS_10_14.0|leaf:macOS_10_15.0
11933,fam:macOS,fam:macOS,fam:macOS,maj:macOS_10,maj:macOS_10,maj:macOS_10,leaf:macOS_10_14.0,leaf:macOS_10_14.0,leaf:macOS_10_14.0
11939,fam:macOS,fam:macOS,fam:macOS,maj:macOS_10,maj:macOS_10,maj:macOS_10,leaf:macOS_10_14.0,leaf:macOS_10_14.0,leaf:macOS_10_14.0|leaf:macOS_10_15.0
11941,fam:macOS,fam:macOS,fam:macOS,maj:macOS_10,maj:macOS_10,maj:macOS_10,leaf:macOS_10_14.0,leaf:macOS_10_15.0,leaf:macOS_10_14.0|leaf:macOS_10_15.0
11942,fam:macOS,fam:macOS,fam:iOS|fam:macOS,maj:macOS_10,maj:macOS_10,maj:iOS_12|maj:macOS_10,leaf:macOS_10_14.0,leaf:macOS_10_14.0,leaf:iOS_12_OTHER|leaf:macOS_10_14.0
11943,fam:macOS,fam:macOS,fam:iOS|fam:macOS,maj:macOS_10,maj:macOS_10,maj:iOS_12|maj:macOS_10,leaf:macOS_10_14.0,leaf:macOS_10_14.0,leaf:iOS_12_OTHER|leaf:macOS_10_14.0
11944,fam:macOS,fam:macOS,fam:iOS|fam:macOS,maj:macOS_10,maj:macOS_10,maj:iOS_12|maj:macOS_10,leaf:macOS_10_14.0,leaf:macOS_10_14.0,leaf:iOS_12_OTHER|leaf:macOS_10_14.0
11949,fam:macOS,fam:macOS,fam:iOS|fam:macOS,maj:macOS_10,maj:macOS_10,maj:iOS_12|maj:macOS_10,leaf:macOS_10_14.0,leaf:macOS_10_14.0,leaf:iOS_12_OTHER|leaf:macOS_10_14.0
11953,fam:macOS,fam:macOS,fam:macOS,maj:macOS_10,maj:macOS_10,maj:macOS_10,leaf:macOS_10_14.0,leaf:macOS_10_15.0,leaf:macOS_10_14.0|leaf:macOS_10_15.0
11954,fam:macOS,fam:macOS,fam:iOS|fam:macOS,maj:macOS_10,maj:macOS_10,maj:iOS_12|maj:macOS_10,leaf:macOS_10_14.0,leaf:macOS_10_14.0,leaf:iOS_12_OTHER|leaf:macOS_10_14.0
11955,fam:macOS,fam:macOS,fam:iOS|fam:macOS,maj:macOS_10,maj:macOS_10,maj:iOS_13|maj:macOS_10,leaf:macOS_10_14.0,leaf:macOS_10_15.0,leaf:iOS_13_4.0|leaf:macOS_10_14.0|leaf:macOS_10_15.0
11957,fam:macOS,fam:macOS,fam:iOS|fam:macOS,maj:macOS_10,maj:macOS_10,maj:iOS_12|maj:macOS_10,leaf:macOS_10_14.0,leaf:macOS_10_14.0,leaf:iOS_12_OTHER|leaf:macOS_10_14.0
11960,fam:macOS,fam:macOS,fam:macOS,maj:macOS_10,maj:macOS_10,maj:macOS_10,leaf:macOS_10_14.0,leaf:macOS_10_14.0,leaf:macOS_10_14.0
11962,fam:macOS,fam:macOS,fam:macOS,maj:macOS_10,maj:macOS_10,maj:macOS_10,leaf:macOS_10_14.0,leaf:macOS_10_14.0,leaf:macOS_10_14.0
11963,fam:macOS,fam:macOS,fam:macOS,maj:macOS_10,maj:macOS_10,maj:macOS_10,leaf:macOS_10_14.0,leaf:macOS_10_14.0,leaf:macOS_10_14.0
11964,fam:macOS,fam:iOS,fam:iOS|fam:macOS,maj:macOS_10,maj:iOS_11,maj:iOS_11|maj:macOS_10,leaf:macOS_10_14.0,leaf:iOS_11_4.0,leaf:iOS_11_4.0|leaf:macOS_10_14.0
11965,fam:macOS,fam:macOS,fam:macOS,maj:macOS_10,maj:macOS_10,maj:macOS_10,leaf:macOS_10_14.0,leaf:macOS_10_14.0,leaf:macOS_10_14.0|leaf:macOS_10_15.0
11970,fam:macOS,fam:macOS,fam:iOS|fam:macOS,maj:macOS_10,maj:macOS_10,maj:iOS_12|maj:macOS_10,leaf:macOS_10_14.0,leaf:macOS_10_14.0,leaf:iOS_12_OTHER|leaf:macOS_10_14.0
11972,fam:macOS,fam:macOS,fam:iOS|fam:macOS,maj:macOS_10,maj:macOS_10,maj:iOS_12|maj:macOS_10,leaf:macOS_10_14.0,leaf:macOS_10_14.0,leaf:iOS_12_OTHER|leaf:macOS_10_14.0
11973,fam:macOS,fam:macOS,fam:macOS,maj:macOS_10,maj:macOS_10,maj:macOS_10,leaf:macOS_10_14.0,leaf:macOS_10_15.0,leaf:macOS_10_10.0|leaf:macOS_10_14.0|leaf:macOS_10_15.0
11975,fam:macOS,fam:macOS,fam:macOS,maj:macOS_10,maj:macOS_10,maj:macOS_10,leaf:macOS_10_14.0,leaf:macOS_10_15.0,leaf:macOS_10_14.0|leaf:macOS_10_15.0
11976,fam:macOS,fam:macOS,fam:macOS,maj:macOS_10,maj:macOS_10,maj:macOS_10,leaf:macOS_10_14.0,leaf:macOS_10_15.0,leaf:macOS_10_14.0|leaf:macOS_10_15.0
11977,fam:macOS,fam:macOS,fam:macOS,maj:macOS_10,maj:macOS_10,maj:macOS_10,leaf:macOS_10_14.0,leaf:macOS_10_14.0,leaf:macOS_10_14.0|leaf:macOS_10_15.0
11981,fam:macOS,fam:macOS,fam:iOS|fam:macOS,maj:macOS_10,maj:macOS_10,maj:iOS_13|maj:macOS_10,leaf:macOS_10_14.0,leaf:macOS_10_15.0,leaf:iOS_13_1.0|leaf:iOS_13_4.0|leaf:iOS_13_5.0|leaf:macOS_10_14.0|leaf:macOS_10_15.0
11983,fam:macOS,fam:macOS,fam:Android|fam:macOS,maj:macOS_10,maj:macOS_10,maj:Android_4|maj:macOS_10,leaf:macOS_10_14.0,leaf:macOS_10_15.0,leaf:Android_4_4.0|leaf:macOS_10_14.0|leaf:macOS_10_15.0
11984,fam:macOS,fam:macOS,fam:macOS,maj:macOS_10,maj:macOS_10,maj:macOS_10,leaf:macOS_10_14.0,leaf:macOS_10_15.0,leaf:macOS_10_14.0|leaf:macOS_10_15.0
11986,fam:macOS,fam:macOS,fam:macOS,maj:macOS_10,maj:macOS_10,maj:macOS_10,leaf:macOS_10_14.0,leaf:macOS_10_15.0,leaf:macOS_10_14.0|leaf:macOS_10_15.0
11987,fam:macOS,fam:macOS,fam:iOS|fam:macOS,maj:macOS_10,maj:macOS_10,maj:iOS_12|maj:macOS_10,leaf:macOS_10_14.0,leaf:macOS_10_14.0,leaf:iOS_12_OTHER|leaf:macOS_10_14.0
11989,fam:macOS,fam:macOS,fam:iOS|fam:macOS,maj:macOS_10,maj:macOS_10,maj:iOS_12|maj:macOS_10,leaf:macOS_10_14.0,leaf:macOS_10_14.0,leaf:iOS_12_OTHER|leaf:macOS_10_14.0
11990,fam:macOS,fam:macOS,fam:macOS,maj:macOS_10,maj:macOS_10,maj:macOS_10,leaf:macOS_10_14.0,leaf:macOS_10_14.0,leaf:macOS_10_14.0
11993,fam:macOS,fam:macOS,fam:iOS|fam:macOS,maj:macOS_10,maj:macOS_10,maj:iOS_12|maj:macOS_10,leaf:macOS_10_14.0,leaf:macOS_10_14.0,leaf:iOS_12_OTHER|leaf:macOS_10_14.0
11995,fam:macOS,fam:Windows,fam:Linux|fam:Windows|fam:macOS,maj:macOS_10,maj:Windows_8,maj:Linux_OTHER|maj:Windows_10|maj:Windows_7|maj:Windows_8|maj:macOS_10,leaf:macOS_10_15.0,leaf:Windows_8_1.0,leaf:Linux_OTHER|leaf:Windows_10|leaf:Windows_7|leaf:Windows_8_1.0|leaf:macOS_10_13.0
11999,fam:macOS,fam:macOS,fam:macOS,maj:macOS_10,maj:macOS_10,maj:macOS_10,leaf:macOS_10_15.0,leaf:macOS_10_15.0,leaf:macOS_10_15.0
12001,fam:macOS,fam:macOS,fam:macOS,maj:macOS_10,maj:macOS_10,maj:macOS_10,leaf:macOS_10_15.0,leaf:macOS_10_15.0,leaf:macOS_10_14.0|leaf:macOS_10_15.0
12002,fam:macOS,fam:macOS,fam:iOS|fam:macOS,maj:macOS_10,maj:macOS_10,maj:iOS_13|maj:macOS_10,leaf:macOS_10_15.0,leaf:macOS_10_15.0,leaf:iOS_13_4.0|leaf:macOS_10_15.0
12003,fam:macOS,fam:macOS,fam:macOS,maj:macOS_10,maj:macOS_10,maj:macOS_10,leaf:macOS_10_15.0,leaf:macOS_10_15.0,leaf:macOS_10_15.0
12007,fam:macOS,fam:iOS,fam:iOS|fam:macOS,maj:macOS_10,maj:iOS_13,maj:iOS_13|maj:macOS_10,leaf:macOS_10_15.0,leaf:iOS_13_4.0,leaf:iOS_13_1.0|leaf:iOS_13_3.0|leaf:iOS_13_4.0|leaf:iOS_13_5.0|leaf:iOS_13_6.0|leaf:macOS_10_15.0
12008,fam:macOS,fam:macOS,fam:macOS,maj:macOS_10,maj:macOS_10,maj:macOS_10,leaf:macOS_10_15.0,leaf:macOS_10_15.0,leaf:macOS_10_15.0
12009,fam:macOS,fam:iOS,fam:iOS|fam:macOS,maj:macOS_10,maj:iOS_13,maj:iOS_13|maj:macOS_10,leaf:macOS_10_15.0,leaf:iOS_13_4.0,leaf:iOS_13_1.0|leaf:iOS_13_2.0|leaf:iOS_13_3.0|leaf:iOS_13_4.0|leaf:iOS_13_5.0|leaf:iOS_13_6.0|leaf:macOS_10_15.0
12010,fam:macOS,fam:macOS,fam:iOS|fam:macOS,maj:macOS_10,maj:macOS_10,maj:iOS_13|maj:macOS_10,leaf:macOS_10_15.0,leaf:macOS_10_15.0,leaf:iOS_13_1.0|leaf:iOS_13_3.0|leaf:iOS_13_4.0|leaf:iOS_13_5.0|leaf:macOS_10_15.0
12011,fam:macOS,fam:macOS,fam:macOS,maj:macOS_10,maj:macOS_10,maj:macOS_10,leaf:macOS_10_15.0,leaf:macOS_10_15.0,leaf:macOS_10_15.0
12012,fam:macOS,fam:macOS,fam:macOS,maj:macOS_10,maj:macOS_10,maj:macOS_10,leaf:macOS_10_15.0,leaf:macOS_10_15.0,leaf:macOS_10_14.0|leaf:macOS_10_15.0
12016,fam:macOS,fam:macOS,fam:macOS,maj:macOS_10,maj:macOS_10,maj:macOS_10,leaf:macOS_10_15.0,leaf:macOS_10_15.0,leaf:macOS_10_15.0
12017,fam:macOS,fam:macOS,fam:macOS,maj:macOS_10,maj:macOS_10,maj:macOS_10,leaf:macOS_10_15.0,leaf:macOS_10_15.0,leaf:macOS_10_15.0
12020,fam:macOS,fam:macOS,fam:macOS,maj:macOS_10,maj:macOS_10,maj:macOS_10,leaf:macOS_10_15.0,leaf:macOS_10_15.0,leaf:macOS_10_15.0
12023,fam:macOS,fam:macOS,fam:macOS,maj:macOS_10,maj:macOS_10,maj:macOS_10,leaf:macOS_10_15.0,leaf:macOS_10_15.0,leaf:macOS_10_15.0
12024,fam:macOS,fam:macOS,fam:macOS,maj:macOS_10,maj:macOS_10,maj:macOS_10,leaf:macOS_10_15.0,leaf:macOS_10_15.0,leaf:macOS_10_15.0
12026,fam:macOS,fam:macOS,fam:macOS,maj:macOS_10,maj:macOS_10,maj:macOS_10,leaf:macOS_10_15.0,leaf:macOS_10_15.0,leaf:macOS_10_14.0|leaf:macOS_10_15.0
12027,fam:macOS,fam:macOS,fam:macOS,maj:macOS_10,maj:macOS_10,maj:macOS_10,leaf:macOS_10_15.0,leaf:macOS_10_15.0,leaf:macOS_10_14.0|leaf:macOS_10_15.0
12029,fam:macOS,fam:macOS,fam:macOS,maj:macOS_10,maj:macOS_10,maj:macOS_10,leaf:macOS_10_15.0,leaf:macOS_10_15.0,leaf:macOS_10_15.0
12030,fam:macOS,fam:macOS,fam:macOS,maj:macOS_10,maj:macOS_10,maj:macOS_10,leaf:macOS_10_15.0,leaf:macOS_10_15.0,leaf:macOS_10_14.0|leaf:macOS_10_15.0
12031,fam:macOS,fam:macOS,fam:macOS,maj:macOS_10,maj:macOS_10,maj:macOS_10,leaf:macOS_10_15.0,leaf:macOS_10_15.0,leaf:macOS_10_14.0|leaf:macOS_10_15.0
12032,fam:macOS,fam:macOS,fam:macOS,maj:macOS_10,maj:macOS_10,maj:macOS_10,leaf:macOS_10_15.0,leaf:macOS_10_15.0,leaf:macOS_10_15.0
12034,fam:macOS,fam:macOS,fam:macOS,maj:macOS_10,maj:macOS_10,maj:macOS_10,leaf:macOS_10_15.0,leaf:macOS_10_15.0,leaf:macOS_10_15.0
12035,fam:macOS,fam:macOS,fam:macOS,maj:macOS_10,maj:macOS_10,maj:macOS_10,leaf:macOS_10_15.0,leaf:macOS_10_15.0,leaf:macOS_10_14.0|leaf:macOS_10_15.0
12037,fam:macOS,fam:macOS,fam:macOS,maj:macOS_10,maj:macOS_10,maj:macOS_10,leaf:macOS_10_15.0,leaf:macOS_10_15.0,leaf:macOS_10_15.0
12038,fam:macOS,fam:macOS,fam:macOS,maj:macOS_10,maj:macOS_10,maj:macOS_10,leaf:macOS_10_15.0,leaf:macOS_10_15.0,leaf:macOS_10_15.0
12040,fam:macOS,fam:macOS,fam:macOS,maj:macOS_10,maj:macOS_10,maj:macOS_10,leaf:macOS_10_15.0,leaf:macOS_10_15.0,leaf:macOS_10_15.0
12042,fam:macOS,fam:macOS,fam:macOS,maj:macOS_10,maj:macOS_10,maj:macOS_10,leaf:macOS_10_15.0,leaf:macOS_10_15.0,leaf:macOS_10_14.0|leaf:macOS_10_15.0
12044,fam:macOS,fam:macOS,fam:macOS,maj:macOS_10,maj:macOS_10,maj:macOS_10,leaf:macOS_10_15.0,leaf:macOS_10_15.0,leaf:macOS_10_15.0
12045,fam:macOS,fam:macOS,fam:macOS,maj:macOS_10,maj:macOS_10,maj:macOS_10,leaf:macOS_10_15.0,leaf:macOS_10_15.0,leaf:macOS_10_15.0
12047,fam:macOS,fam:macOS,fam:macOS,maj:macOS_10,maj:macOS_10,maj:macOS_10,leaf:macOS_10_15.0,leaf:macOS_10_15.0,leaf:macOS_10_14.0|leaf:macOS_10_15.0
12048,fam:macOS,fam:macOS,fam:macOS,maj:macOS_10,maj:macOS_10,maj:macOS_10,leaf:macOS_10_15.0,leaf:macOS_10_15.0,leaf:macOS_10_14.0|leaf:macOS_10_15.0
12049,fam:macOS,fam:macOS,fam:macOS,maj:macOS_10,maj:macOS_10,maj:macOS_10,leaf:macOS_10_15.0,leaf:macOS_10_14.0,leaf:macOS_10_14.0|leaf:macOS_10_15.0
12050,fam:macOS,fam:macOS,fam:macOS,maj:macOS_10,maj:macOS_10,maj:macOS_10,leaf:macOS_10_15.0,leaf:macOS_10_15.0,leaf:macOS_10_14.0|leaf:macOS_10_15.0
12053,fam:macOS,fam:macOS,fam:macOS,maj:macOS_10,maj:macOS_10,maj:macOS_10,leaf:macOS_10_15.0,leaf:macOS_10_15.0,leaf:macOS_10_14.0|leaf:macOS_10_15.0
12058,fam:macOS,fam:iOS,fam:iOS|fam:macOS,maj:macOS_10,maj:iOS_13,maj:iOS_13|maj:macOS_10,leaf:macOS_10_15.0,leaf:iOS_13_5.0,leaf:iOS_13_2.0|leaf:iOS_13_3.0|leaf:iOS_13_4.0|leaf:iOS_13_5.0|leaf:macOS_10_11.0|leaf:macOS_10_15.0
12059,fam:macOS,fam:macOS,fam:iOS|fam:macOS,maj:macOS_10,maj:macOS_10,maj:iOS_13|maj:macOS_10,leaf:macOS_10_15.0,leaf:macOS_10_15.0,leaf:iOS_13_5.0|leaf:macOS_10_15.0
12060,fam:macOS,fam:macOS,fam:macOS,maj:macOS_10,maj:macOS_10,maj:macOS_10,leaf:macOS_10_15.0,leaf:macOS_10_15.0,leaf:macOS_10_14.0|leaf:macOS_10_15.0
12061,fam:macOS,fam:macOS,fam:macOS,maj:macOS_10,maj:macOS_10,maj:macOS_10,leaf:macOS_10_15.0,leaf:macOS_10_15.0,leaf:macOS_10_15.0
12062,fam:macOS,fam:macOS,fam:macOS,maj:macOS_10,maj:macOS_10,maj:macOS_10,leaf:macOS_10_15.0,leaf:macOS_10_15.0,leaf:macOS_10_15.0
12063,fam:macOS,fam:iOS,fam:iOS|fam:macOS,maj:macOS_10,maj:iOS_13,maj:iOS_13|maj:macOS_10,leaf:macOS_10_15.0,leaf:iOS_13_5.0,leaf:iOS_13_3.0|leaf:iOS_13_4.0|leaf:iOS_13_5.0|leaf:macOS_10_15.0
12064,fam:macOS,fam:macOS,fam:iOS|fam:macOS,maj:macOS_10,maj:macOS_10,maj:iOS_13|maj:macOS_10,leaf:macOS_10_15.0,leaf:macOS_10_15.0,leaf:iOS_13_5.0|leaf:macOS_10_15.0
12065,fam:macOS,fam:macOS,fam:macOS,maj:macOS_10,maj:macOS_10,maj:macOS_10,leaf:macOS_10_15.0,leaf:macOS_10_15.0,leaf:macOS_10_15.0
12066,fam:macOS,fam:macOS,fam:macOS,maj:macOS_10,maj:macOS_10,maj:macOS_10,leaf:macOS_10_15.0,leaf:macOS_10_15.0,leaf:macOS_10_15.0
12068,fam:macOS,fam:macOS,fam:macOS,maj:macOS_10,maj:macOS_10,maj:macOS_10,leaf:macOS_10_15.0,leaf:macOS_10_15.0,leaf:macOS_10_15.0
12069,fam:macOS,fam:macOS,fam:macOS,maj:macOS_10,maj:macOS_10,maj:macOS_10,leaf:macOS_10_15.0,leaf:macOS_10_15.0,leaf:macOS_10_15.0
12070,fam:macOS,fam:macOS,fam:macOS,maj:macOS_10,maj:macOS_10,maj:macOS_10,leaf:macOS_10_15.0,leaf:macOS_10_14.0,leaf:macOS_10_14.0|leaf:macOS_10_15.0
12074,fam:macOS,fam:macOS,fam:macOS,maj:macOS_10,maj:macOS_10,maj:macOS_10,leaf:macOS_10_15.0,leaf:macOS_10_15.0,leaf:macOS_10_15.0
12075,fam:macOS,fam:macOS,fam:macOS,maj:macOS_10,maj:macOS_10,maj:macOS_10,leaf:macOS_10_15.0,leaf:macOS_10_15.0,leaf:macOS_10_15.0
12078,fam:macOS,fam:macOS,fam:macOS,maj:macOS_10,maj:macOS_10,maj:macOS_10,leaf:macOS_10_15.0,leaf:macOS_10_15.0,leaf:macOS_10_15.0
12081,fam:macOS,fam:macOS,fam:macOS,maj:macOS_10,maj:macOS_10,maj:macOS_10,leaf:macOS_10_15.0,leaf:macOS_10_15.0,leaf:macOS_10_15.0
12085,fam:macOS,fam:macOS,fam:macOS,maj:macOS_10,maj:macOS_10,maj:macOS_10,leaf:macOS_10_15.0,leaf:macOS_10_15.0,leaf:macOS_10_15.0
12086,fam:macOS,fam:macOS,fam:macOS,maj:macOS_10,maj:macOS_10,maj:macOS_10,leaf:macOS_10_15.0,leaf:macOS_10_15.0,leaf:macOS_10_15.0
12089,fam:macOS,fam:Windows,fam:Android|fam:Windows|fam:macOS,maj:macOS_10,maj:Windows_10,maj:Android_5|maj:Android_6|maj:Android_7|maj:Windows_10|maj:Windows_8|maj:macOS_10,leaf:macOS_10_15.0,leaf:Windows_10,leaf:Android_5_1.0|leaf:Android_6_0.0|leaf:Android_7_0.0|leaf:Android_7_1.0|leaf:Windows_10|leaf:Windows_8_1.0|leaf:macOS_10_11.0
12090,fam:macOS,fam:macOS,fam:macOS,maj:macOS_10,maj:macOS_10,maj:macOS_10,leaf:macOS_10_15.0,leaf:macOS_10_15.0,leaf:macOS_10_15.0
12091,fam:macOS,fam:iOS,fam:iOS|fam:macOS,maj:macOS_10,maj:iOS_13,maj:iOS_13|maj:macOS_10,leaf:macOS_10_15.0,leaf:iOS_13_4.0,leaf:iOS_13_1.0|leaf:iOS_13_3.0|leaf:iOS_13_4.0|leaf:iOS_13_5.0|leaf:macOS_10_11.0
12094,fam:macOS,fam:macOS,fam:macOS,maj:macOS_10,maj:macOS_10,maj:macOS_10,leaf:macOS_10_15.0,leaf:macOS_10_15.0,leaf:macOS_10_15.0
12096,fam:macOS,fam:macOS,fam:macOS,maj:macOS_10,maj:macOS_10,maj:macOS_10,leaf:macOS_10_15.0,leaf:macOS_10_15.0,leaf:macOS_10_15.0
12097,fam:macOS,fam:macOS,fam:macOS,maj:macOS_10,maj:macOS_10,maj:macOS_10,leaf:macOS_10_15.0,leaf:macOS_10_15.0,leaf:macOS_10_15.0
12098,fam:macOS,fam:macOS,fam:macOS,maj:macOS_10,maj:macOS_10,maj:macOS_10,leaf:macOS_10_15.0,leaf:macOS_10_15.0,leaf:macOS_10_15.0
12099,fam:macOS,fam:macOS,fam:macOS,maj:macOS_10,maj:macOS_10,maj:macOS_10,leaf:macOS_10_15.0,leaf:macOS_10_15.0,leaf:macOS_10_14.0|leaf:macOS_10_15.0
12100,fam:macOS,fam:iOS,fam:iOS|fam:macOS,maj:macOS_10,maj:iOS_13,maj:iOS_13|maj:macOS_10,leaf:macOS_10_15.0,leaf:iOS_13_4.0,leaf:iOS_13_1.0|leaf:iOS_13_2.0|leaf:iOS_13_3.0|leaf:iOS_13_4.0|leaf:iOS_13_5.0|leaf:iOS_13_6.0|leaf:macOS_10_15.0
12101,fam:macOS,fam:iOS,fam:iOS|fam:macOS,maj:macOS_10,maj:iOS_13,maj:iOS_13|maj:macOS_10,leaf:macOS_10_15.0,leaf:iOS_13_4.0,leaf:iOS_13_1.0|leaf:iOS_13_3.0|leaf:iOS_13_4.0|leaf:iOS_13_5.0|leaf:iOS_13_6.0|leaf:macOS_10_15.0
12103,fam:macOS,fam:macOS,fam:macOS,maj:macOS_10,maj:macOS_10,maj:macOS_10,leaf:macOS_10_15.0,leaf:macOS_10_15.0,leaf:macOS_10_14.0|leaf:macOS_10_15.0
12106,fam:macOS,fam:macOS,fam:macOS,maj:macOS_10,maj:macOS_10,maj:macOS_10,leaf:macOS_10_15.0,leaf:macOS_10_15.0,leaf:macOS_10_14.0|leaf:macOS_10_15.0
12107,fam:macOS,fam:macOS,fam:macOS,maj:macOS_10,maj:macOS_10,maj:macOS_10,leaf:macOS_10_15.0,leaf:macOS_10_15.0,leaf:macOS_10_14.0|leaf:macOS_10_15.0
12108,fam:macOS,fam:macOS,fam:iOS|fam:macOS,maj:macOS_10,maj:macOS_10,maj:iOS_13|maj:macOS_10,leaf:macOS_10_15.0,leaf:iOS_13_3.0,leaf:iOS_13_3.0|leaf:iOS_13_5.0|leaf:macOS_10_15.0
12110,fam:macOS,fam:macOS,fam:macOS,maj:macOS_10,maj:macOS_10,maj:macOS_10,leaf:macOS_10_15.0,leaf:macOS_10_15.0,leaf:macOS_10_15.0
12111,fam:macOS,fam:macOS,fam:macOS,maj:macOS_10,maj:macOS_10,maj:macOS_10,leaf:macOS_10_15.0,leaf:macOS_10_15.0,leaf:macOS_10_15.0
12112,fam:macOS,fam:macOS,fam:macOS,maj:macOS_10,maj:macOS_10,maj:macOS_10,leaf:macOS_10_15.0,leaf:macOS_10_15.0,leaf:macOS_10_11.0|leaf:macOS_10_15.0
12113,fam:macOS,fam:iOS,fam:iOS|fam:macOS,maj:macOS_10,maj:iOS_13,maj:iOS_13|maj:macOS_10,leaf:macOS_10_15.0,leaf:iOS_13_4.0,leaf:iOS_13_1.0|leaf:iOS_13_2.0|leaf:iOS_13_3.0|leaf:iOS_13_4.0|leaf:iOS_13_5.0|leaf:iOS_13_6.0|leaf:macOS_10_15.0
12117,fam:macOS,fam:iOS,fam:iOS|fam:macOS,maj:macOS_10,maj:iOS_13,maj:iOS_13|maj:macOS_10,leaf:macOS_10_15.0,leaf:iOS_13_5.0,leaf:iOS_13_1.0|leaf:iOS_13_2.0|leaf:iOS_13_3.0|leaf:iOS_13_4.0|leaf:iOS_13_5.0|leaf:macOS_10_15.0
12119,fam:macOS,fam:macOS,fam:macOS,maj:macOS_10,maj:macOS_10,maj:macOS_10,leaf:macOS_10_15.0,leaf:macOS_10_15.0,leaf:macOS_10_15.0
12121,fam:macOS,fam:macOS,fam:macOS,maj:macOS_10,maj:macOS_10,maj:macOS_10,leaf:macOS_10_15.0,leaf:macOS_10_15.0,leaf:macOS_10_15.0
12122,fam:macOS,fam:iOS,fam:iOS|fam:macOS,maj:macOS_10,maj:iOS_13,maj:iOS_13|maj:macOS_10,leaf:macOS_10_15.0,leaf:iOS_13_5.0,leaf:iOS_13_3.0|leaf:iOS_13_4.0|leaf:iOS_13_5.0|leaf:macOS_10_15.0
12123,fam:macOS,fam:macOS,fam:macOS,maj:macOS_10,maj:macOS_10,maj:macOS_10,leaf:macOS_10_15.0,leaf:macOS_10_15.0,leaf:macOS_10_15.0
12125,fam:macOS,fam:macOS,fam:macOS,maj:macOS_10,maj:macOS_10,maj:macOS_10,leaf:macOS_10_15.0,leaf:macOS_10_15.0,leaf:macOS_10_15.0
12126,fam:macOS,fam:macOS,fam:macOS,maj:macOS_10,maj:macOS_10,maj:macOS_10,leaf:macOS_10_15.0,leaf:macOS_10_15.0,leaf:macOS_10_14.0|leaf:macOS_10_15.0
12128,fam:macOS,fam:macOS,fam:macOS,maj:macOS_10,maj:macOS_10,maj:macOS_10,leaf:macOS_10_15.0,leaf:macOS_10_15.0,leaf:macOS_10_15.0
12130,fam:macOS,fam:macOS,fam:macOS,maj:macOS_10,maj:macOS_10,maj:macOS_10,leaf:macOS_10_15.0,leaf:macOS_10_15.0,leaf:macOS_10_14.0|leaf:macOS_10_15.0
12131,fam:macOS,fam:macOS,fam:macOS,maj:macOS_10,maj:macOS_10,maj:macOS_10,leaf:macOS_10_15.0,leaf:macOS_10_15.0,leaf:macOS_10_14.0|leaf:macOS_10_15.0
12135,fam:macOS,fam:macOS,fam:iOS|fam:macOS,maj:macOS_10,maj:macOS_10,maj:iOS_13|maj:macOS_10,leaf:macOS_10_15.0,leaf:macOS_10_15.0,leaf:iOS_13_4.0|leaf:macOS_10_14.0|leaf:macOS_10_15.0
12136,fam:macOS,fam:macOS,fam:iOS|fam:macOS,maj:macOS_10,maj:macOS_10,maj:iOS_13|maj:macOS_10,leaf:macOS_10_15.0,leaf:macOS_10_15.0,leaf:iOS_13_4.0|leaf:macOS_10_15.0
12138,fam:macOS,fam:macOS,fam:macOS,maj:macOS_10,maj:macOS_10,maj:macOS_10,leaf:macOS_10_15.0,leaf:macOS_10_15.0,leaf:macOS_10_10.0|leaf:macOS_10_11.0|leaf:macOS_10_15.0
12140,fam:macOS,fam:macOS,fam:macOS,maj:macOS_10,maj:macOS_10,maj:macOS_10,leaf:macOS_10_15.0,leaf:macOS_10_15.0,leaf:macOS_10_15.0
12141,fam:macOS,fam:macOS,fam:macOS,maj:macOS_10,maj:macOS_10,maj:macOS_10,leaf:macOS_10_15.0,leaf:macOS_10_15.0,leaf:macOS_10_15.0
12143,fam:macOS,fam:macOS,fam:macOS,maj:macOS_10,maj:macOS_10,maj:macOS_10,leaf:macOS_10_15.0,leaf:macOS_10_15.0,leaf:macOS_10_14.0|leaf:macOS_10_15.0
12148,fam:macOS,fam:Windows,fam:Linux|fam:Windows|fam:macOS,maj:macOS_10,maj:macOS_10,maj:Linux_OTHER|maj:Linux_Ubuntu|maj:Windows_10|maj:Windows_7|maj:macOS_10,leaf:macOS_10_15.0,leaf:macOS_10_15.0,leaf:Linux_OTHER|leaf:Linux_Ubuntu|leaf:Windows_10|leaf:Windows_7|leaf:macOS_10_14.0|leaf:macOS_10_15.0
12149,fam:macOS,fam:macOS,fam:macOS,maj:macOS_10,maj:macOS_10,maj:macOS_10,leaf:macOS_10_15.0,leaf:macOS_10_15.0,leaf:macOS_10_15.0
12150,fam:macOS,fam:macOS,fam:macOS,maj:macOS_10,maj:macOS_10,maj:macOS_10,leaf:macOS_10_15.0,leaf:macOS_10_15.0,leaf:macOS_10_15.0
12151,fam:macOS,fam:macOS,fam:macOS,maj:macOS_10,maj:macOS_10,maj:macOS_10,leaf:macOS_10_15.0,leaf:macOS_10_15.0,leaf:macOS_10_15.0
12154,fam:macOS,fam:macOS,fam:iOS|fam:macOS,maj:macOS_10,maj:macOS_10,maj:iOS_13|maj:macOS_10,leaf:macOS_10_15.0,leaf:macOS_10_15.0,leaf:iOS_13_1.0|leaf:iOS_13_4.0|leaf:iOS_13_5.0|leaf:macOS_10_14.0|leaf:macOS_10_15.0
12157,fam:macOS,fam:macOS,fam:macOS,maj:macOS_10,maj:macOS_10,maj:macOS_10,leaf:macOS_10_15.0,leaf:macOS_10_15.0,leaf:macOS_10_15.0
12158,fam:macOS,fam:macOS,fam:macOS,maj:macOS_10,maj:macOS_10,maj:macOS_10,leaf:macOS_10_15.0,leaf:macOS_10_15.0,leaf:macOS_10_14.0|leaf:macOS_10_15.0
12159,fam:macOS,fam:macOS,fam:iOS|fam:macOS,maj:macOS_10,maj:macOS_10,maj:iOS_13|maj:macOS_10,leaf:macOS_10_15.0,leaf:macOS_10_15.0,leaf:iOS_13_1.0|leaf:iOS_13_3.0|leaf:iOS_13_4.0|leaf:iOS_13_5.0|leaf:macOS_10_15.0
12161,fam:macOS,fam:macOS,fam:macOS,maj:macOS_10,maj:macOS_10,maj:macOS_10,leaf:macOS_10_15.0,leaf:macOS_10_15.0,leaf:macOS_10_15.0
12162,fam:macOS,fam:macOS,fam:macOS,maj:macOS_10,maj:macOS_10,maj:macOS_10,leaf:macOS_10_15.0,leaf:macOS_10_15.0,leaf:macOS_10_15.0
12163,fam:macOS,fam:macOS,fam:macOS,maj:macOS_10,maj:macOS_10,maj:macOS_10,leaf:macOS_10_15.0,leaf:macOS_10_15.0,leaf:macOS_10_15.0
12164,fam:macOS,fam:macOS,fam:macOS,maj:macOS_10,maj:macOS_10,maj:macOS_10,leaf:macOS_10_15.0,leaf:macOS_10_15.0,leaf:macOS_10_14.0|leaf:macOS_10_15.0
12165,fam:macOS,fam:macOS,fam:macOS,maj:macOS_10,maj:macOS_10,maj:macOS_10,leaf:macOS_10_15.0,leaf:macOS_10_15.0,leaf:macOS_10_15.0
12166,fam:macOS,fam:iOS,fam:iOS|fam:macOS,maj:macOS_10,maj:iOS_13,maj:iOS_13|maj:macOS_10,leaf:macOS_10_15.0,leaf:iOS_13_4.0,leaf:iOS_13_1.0|leaf:iOS_13_2.0|leaf:iOS_13_3.0|leaf:iOS_13_4.0|leaf:iOS_13_5.0|leaf:iOS_13_6.0|leaf:macOS_10_15.0
12167,fam:macOS,fam:macOS,fam:macOS,maj:macOS_10,maj:macOS_10,maj:macOS_10,leaf:macOS_10_15.0,leaf:macOS_10_15.0,leaf:macOS_10_15.0
12171,fam:macOS,fam:iOS,fam:iOS|fam:macOS,maj:macOS_10,maj:iOS_13,maj:iOS_13|maj:macOS_10,leaf:macOS_10_15.0,leaf:iOS_13_4.0,leaf:iOS_13_1.0|leaf:iOS_13_2.0|leaf:iOS_13_3.0|leaf:iOS_13_4.0|leaf:iOS_13_5.0|leaf:iOS_13_6.0|leaf:macOS_10_15.0
12172,fam:macOS,fam:macOS,fam:iOS|fam:macOS,maj:macOS_10,maj:macOS_10,maj:iOS_13|maj:macOS_10,leaf:macOS_10_15.0,leaf:macOS_10_15.0,leaf:iOS_13_1.0|leaf:iOS_13_3.0|leaf:iOS_13_4.0|leaf:iOS_13_5.0|leaf:macOS_10_11.0|leaf:macOS_10_15.0
12174,fam:macOS,fam:macOS,fam:macOS,maj:macOS_10,maj:macOS_10,maj:macOS_10,leaf:macOS_10_15.0,leaf:macOS_10_15.0,leaf:macOS_10_15.0
12175,fam:macOS,fam:iOS,fam:iOS|fam:macOS,maj:macOS_10,maj:iOS_13,maj:iOS_13|maj:macOS_10,leaf:macOS_10_15.0,leaf:iOS_13_4.0,leaf:iOS_13_1.0|leaf:iOS_13_2.0|leaf:iOS_13_3.0|leaf:iOS_13_4.0|leaf:iOS_13_5.0|leaf:iOS_13_6.0|leaf:macOS_10_15.0
12176,fam:macOS,fam:macOS,fam:macOS,maj:macOS_10,maj:macOS_10,maj:macOS_10,leaf:macOS_10_15.0,leaf:macOS_10_15.0,leaf:macOS_10_14.0|leaf:macOS_10_15.0
12177,fam:macOS,fam:macOS,fam:macOS,maj:macOS_10,maj:macOS_10,maj:macOS_10,leaf:macOS_10_15.0,leaf:macOS_10_15.0,leaf:macOS_10_15.0
12183,fam:macOS,fam:macOS,fam:Windows|fam:iOS|fam:macOS,maj:macOS_10,maj:macOS_10,maj:Windows_7|maj:Windows_8|maj:iOS_13|maj:macOS_10,leaf:macOS_10_15.0,leaf:macOS_10_15.0,leaf:Windows_7|leaf:Windows_8_1.0|leaf:iOS_13_4.0|leaf:iOS_13_5.0|leaf:macOS_10_11.0|leaf:macOS_10_15.0
12186,fam:macOS,fam:macOS,fam:macOS,maj:macOS_10,maj:macOS_10,maj:macOS_10,leaf:macOS_10_15.0,leaf:macOS_10_15.0,leaf:macOS_10_15.0
12196,fam:macOS,fam:macOS,fam:macOS,maj:macOS_10,maj:macOS_10,maj:macOS_10,leaf:macOS_10_15.0,leaf:macOS_10_15.0,leaf:macOS_10_15.0
12201,fam:macOS,fam:macOS,fam:macOS,maj:macOS_10,maj:macOS_10,maj:macOS_10,leaf:macOS_10_15.0,leaf:macOS_10_15.0,leaf:macOS_10_15.0
12204,fam:macOS,fam:macOS,fam:macOS,maj:macOS_10,maj:macOS_10,maj:macOS_10,leaf:macOS_10_15.0,leaf:macOS_10_15.0,leaf:macOS_10_15.0
12206,fam:macOS,fam:macOS,fam:macOS,maj:macOS_10,maj:macOS_10,maj:macOS_10,leaf:macOS_10_15.0,leaf:macOS_10_15.0,leaf:macOS_10_15.0
12207,fam:macOS,fam:macOS,fam:macOS,maj:macOS_10,maj:macOS_10,maj:macOS_10,leaf:macOS_10_15.0,leaf:macOS_10_15.0,leaf:macOS_10_15.0
12208,fam:macOS,fam:macOS,fam:macOS,maj:macOS_10,maj:macOS_10,maj:macOS_10,leaf:macOS_10_15.0,leaf:macOS_10_15.0,leaf:macOS_10_15.0
12214,fam:macOS,fam:macOS,fam:macOS,maj:macOS_10,maj:macOS_10,maj:macOS_10,leaf:macOS_10_15.0,leaf:macOS_10_15.0,leaf:macOS_10_15.0
12215,fam:macOS,fam:macOS,fam:iOS|fam:macOS,maj:macOS_10,maj:macOS_10,maj:iOS_13|maj:macOS_10,leaf:macOS_10_15.0,leaf:macOS_10_15.0,leaf:iOS_13_1.0|leaf:iOS_13_3.0|leaf:iOS_13_4.0|leaf:iOS_13_5.0|leaf:macOS_10_11.0|leaf:macOS_10_15.0
12218,fam:macOS,fam:macOS,fam:macOS,maj:macOS_10,maj:macOS_10,maj:macOS_10,leaf:macOS_10_15.0,leaf:macOS_10_15.0,leaf:macOS_10_15.0
12219,fam:macOS,fam:macOS,fam:macOS,maj:macOS_10,maj:macOS_10,maj:macOS_10,leaf:macOS_10_15.0,leaf:macOS_10_15.0,leaf:macOS_10_15.0
12220,fam:macOS,fam:macOS,fam:macOS,maj:macOS_10,maj:macOS_10,maj:macOS_10,leaf:macOS_10_15.0,leaf:macOS_10_15.0,leaf:macOS_10_14.0|leaf:macOS_10_15.0
12222,fam:macOS,fam:macOS,fam:macOS,maj:macOS_10,maj:macOS_10,maj:macOS_10,leaf:macOS_10_15.0,leaf:macOS_10_15.0,leaf:macOS_10_15.0
12224,fam:macOS,fam:macOS,fam:macOS,maj:macOS_10,maj:macOS_10,maj:macOS_10,leaf:macOS_10_15.0,leaf:macOS_10_15.0,leaf:macOS_10_14.0|leaf:macOS_10_15.0
12225,fam:macOS,fam:macOS,fam:macOS,maj:macOS_10,maj:macOS_10,maj:macOS_10,leaf:macOS_10_15.0,leaf:macOS_10_15.0,leaf:macOS_10_15.0
12226,fam:macOS,fam:macOS,fam:macOS,maj:macOS_10,maj:macOS_10,maj:macOS_10,leaf:macOS_10_15.0,leaf:macOS_10_15.0,leaf:macOS_10_15.0
12229,fam:macOS,fam:macOS,fam:macOS,maj:macOS_10,maj:macOS_10,maj:macOS_10,leaf:macOS_10_15.0,leaf:macOS_10_15.0,leaf:macOS_10_14.0|leaf:macOS_10_15.0
12234,fam:macOS,fam:macOS,fam:macOS,maj:macOS_10,maj:macOS_10,maj:macOS_10,leaf:macOS_10_15.0,leaf:macOS_10_15.0,leaf:macOS_10_14.0|leaf:macOS_10_15.0
12235,fam:macOS,fam:macOS,fam:macOS,maj:macOS_10,maj:macOS_10,maj:macOS_10,leaf:macOS_10_15.0,leaf:macOS_10_15.0,leaf:macOS_10_14.0|leaf:macOS_10_15.0
12237,fam:macOS,fam:iOS,fam:iOS|fam:macOS,maj:macOS_10,maj:iOS_13,maj:iOS_13|maj:macOS_10,leaf:macOS_10_15.0,leaf:iOS_13_4.0,leaf:iOS_13_1.0|leaf:iOS_13_2.0|leaf:iOS_13_3.0|leaf:iOS_13_4.0|leaf:iOS_13_5.0|leaf:iOS_13_6.0|leaf:macOS_10_15.0
12238,fam:macOS,fam:macOS,fam:macOS,maj:macOS_10,maj:macOS_10,maj:macOS_10,leaf:macOS_10_15.0,leaf:macOS_10_15.0,leaf:macOS_10_15.0
12240,fam:macOS,fam:macOS,fam:macOS,maj:macOS_10,maj:macOS_10,maj:macOS_10,leaf:macOS_10_15.0,leaf:macOS_10_15.0,leaf:macOS_10_15.0
12242,fam:macOS,fam:iOS,fam:iOS|fam:macOS,maj:macOS_10,maj:iOS_13,maj:iOS_13|maj:macOS_10,leaf:macOS_10_15.0,leaf:iOS_13_4.0,leaf:iOS_13_1.0|leaf:iOS_13_2.0|leaf:iOS_13_3.0|leaf:iOS_13_4.0|leaf:iOS_13_5.0|leaf:iOS_13_6.0|leaf:macOS_10_15.0
12244,fam:macOS,fam:macOS,fam:macOS,maj:macOS_10,maj:macOS_10,maj:macOS_10,leaf:macOS_10_15.0,leaf:macOS_10_15.0,leaf:macOS_10_15.0
12245,fam:macOS,fam:macOS,fam:macOS,maj:macOS_10,maj:macOS_10,maj:macOS_10,leaf:macOS_10_15.0,leaf:macOS_10_15.0,leaf:macOS_10_15.0
12246,fam:macOS,fam:macOS,fam:macOS,maj:macOS_10,maj:macOS_10,maj:macOS_10,leaf:macOS_10_15.0,leaf:macOS_10_15.0,leaf:macOS_10_14.0|leaf:macOS_10_15.0
12248,fam:macOS,fam:macOS,fam:macOS,maj:macOS_10,maj:macOS_10,maj:macOS_10,leaf:macOS_10_15.0,leaf:macOS_10_15.0,leaf:macOS_10_14.0|leaf:macOS_10_15.0
12249,fam:macOS,fam:macOS,fam:macOS,maj:macOS_10,maj:macOS_10,maj:macOS_10,leaf:macOS_10_15.0,leaf:macOS_10_15.0,leaf:macOS_10_15.0
12254,fam:macOS,fam:iOS,fam:iOS|fam:macOS,maj:macOS_10,maj:iOS_13,maj:iOS_13|maj:macOS_10,leaf:macOS_10_15.0,leaf:iOS_13_4.0,leaf:iOS_13_1.0|leaf:iOS_13_2.0|leaf:iOS_13_3.0|leaf:iOS_13_4.0|leaf:iOS_13_5.0|leaf:iOS_13_6.0|leaf:macOS_10_15.0
12255,fam:macOS,fam:macOS,fam:macOS,maj:macOS_10,maj:macOS_10,maj:macOS_10,leaf:macOS_10_15.0,leaf:macOS_10_15.0,leaf:macOS_10_15.0
12256,fam:macOS,fam:Windows,fam:Linux|fam:Windows|fam:macOS,maj:macOS_10,maj:macOS_10,maj:Linux_OTHER|maj:Linux_Ubuntu|maj:Windows_10|maj:Windows_7|maj:macOS_10,leaf:macOS_10_15.0,leaf:macOS_10_15.0,leaf:Linux_OTHER|leaf:Linux_Ubuntu|leaf:Windows_10|leaf:Windows_7|leaf:macOS_10_14.0|leaf:macOS_10_15.0
12258,fam:macOS,fam:macOS,fam:macOS,maj:macOS_10,maj:macOS_10,maj:macOS_10,leaf:macOS_10_15.0,leaf:macOS_10_15.0,leaf:macOS_10_15.0
12260,fam:macOS,fam:macOS,fam:macOS,maj:macOS_10,maj:macOS_10,maj:macOS_10,leaf:macOS_10_15.0,leaf:macOS_10_15.0,leaf:macOS_10_15.0
12263,fam:macOS,fam:macOS,fam:macOS,maj:macOS_10,maj:macOS_10,maj:macOS_10,leaf:macOS_10_15.0,leaf:macOS_10_15.0,leaf:macOS_10_15.0
12270,fam:macOS,fam:macOS,fam:iOS|fam:macOS,maj:macOS_10,maj:macOS_10,maj:iOS_13|maj:macOS_10,leaf:macOS_10_15.0,leaf:macOS_10_15.0,leaf:iOS_13_4.0|leaf:macOS_10_14.0|leaf:macOS_10_15.0
12272,fam:macOS,fam:macOS,fam:macOS,maj:macOS_10,maj:macOS_10,maj:macOS_10,leaf:macOS_10_15.0,leaf:macOS_10_15.0,leaf:macOS_10_14.0|leaf:macOS_10_15.0
12274,fam:macOS,fam:macOS,fam:macOS,maj:macOS_10,maj:macOS_10,maj:macOS_10,leaf:macOS_10_15.0,leaf:macOS_10_15.0,leaf:macOS_10_15.0
12275,fam:macOS,fam:macOS,fam:macOS,maj:macOS_10,maj:macOS_10,maj:macOS_10,leaf:macOS_10_15.0,leaf:macOS_10_15.0,leaf:macOS_10_14.0|leaf:macOS_10_15.0
12278,fam:macOS,fam:macOS,fam:macOS,maj:macOS_10,maj:macOS_10,maj:macOS_10,leaf:macOS_10_15.0,leaf:macOS_10_15.0,leaf:macOS_10_15.0
12279,fam:macOS,fam:macOS,fam:macOS,maj:macOS_10,maj:macOS_10,maj:macOS_10,leaf:macOS_10_15.0,leaf:macOS_10_15.0,leaf:macOS_10_15.0
12283,fam:macOS,fam:macOS,fam:macOS,maj:macOS_10,maj:macOS_10,maj:macOS_10,leaf:macOS_10_15.0,leaf:macOS_10_15.0,leaf:macOS_10_15.0
12285,fam:macOS,fam:macOS,fam:macOS,maj:macOS_10,maj:macOS_10,maj:macOS_10,leaf:macOS_10_15.0,leaf:macOS_10_15.0,leaf:macOS_10_15.0
12286,fam:macOS,fam:macOS,fam:macOS,maj:macOS_10,maj:macOS_10,maj:macOS_10,leaf:macOS_10_15.0,leaf:macOS_10_15.0,leaf:macOS_10_15.0
12288,fam:macOS,fam:macOS,fam:macOS,maj:macOS_10,maj:macOS_10,maj:macOS_10,leaf:macOS_10_15.0,leaf:macOS_10_15.0,leaf:macOS_10_14.0|leaf:macOS_10_15.0
12294,fam:macOS,fam:macOS,fam:macOS,maj:macOS_10,maj:macOS_10,maj:macOS_10,leaf:macOS_10_15.0,leaf:macOS_10_15.0,leaf:macOS_10_15.0
12296,fam:macOS,fam:iOS,fam:iOS|fam:macOS,maj:macOS_10,maj:iOS_13,maj:iOS_13|maj:macOS_10,leaf:macOS_10_15.0,leaf:iOS_13_4.0,leaf:iOS_13_1.0|leaf:iOS_13_2.0|leaf:iOS_13_3.0|leaf:iOS_13_4.0|leaf:iOS_13_5.0|leaf:iOS_13_6.0|leaf:macOS_10_15.0
12297,fam:macOS,fam:macOS,fam:macOS,maj:macOS_10,maj:macOS_10,maj:macOS_10,leaf:macOS_10_15.0,leaf:macOS_10_15.0,leaf:macOS_10_15.0
12299,fam:macOS,fam:macOS,fam:macOS,maj:macOS_10,maj:macOS_10,maj:macOS_10,leaf:macOS_10_15.0,leaf:macOS_10_15.0,leaf:macOS_10_15.0
12300,fam:macOS,fam:macOS,fam:macOS,maj:macOS_10,maj:macOS_10,maj:macOS_10,leaf:macOS_10_15.0,leaf:macOS_10_15.0,leaf:macOS_10_15.0
12301,fam:macOS,fam:macOS,fam:macOS,maj:macOS_10,maj:macOS_10,maj:macOS_10,leaf:macOS_10_15.0,leaf:macOS_10_15.0,leaf:macOS_10_15.0
12302,fam:macOS,fam:iOS,fam:iOS|fam:macOS,maj:macOS_10,maj:iOS_13,maj:iOS_13|maj:macOS_10,leaf:macOS_10_15.0,leaf:iOS_13_3.0,leaf:iOS_13_1.0|leaf:iOS_13_2.0|leaf:iOS_13_3.0|leaf:iOS_13_4.0|leaf:iOS_13_5.0|leaf:iOS_13_6.0|leaf:macOS_10_11.0|leaf:macOS_10_15.0
12303,fam:macOS,fam:macOS,fam:macOS,maj:macOS_10,maj:macOS_10,maj:macOS_10,leaf:macOS_10_15.0,leaf:macOS_10_15.0,leaf:macOS_10_14.0|leaf:macOS_10_15.0
12305,fam:macOS,fam:macOS,fam:macOS,maj:macOS_10,maj:macOS_10,maj:macOS_10,leaf:macOS_10_15.0,leaf:macOS_10_15.0,leaf:macOS_10_15.0
12308,fam:macOS,fam:macOS,fam:macOS,maj:macOS_10,maj:macOS_10,maj:macOS_10,leaf:macOS_10_15.0,leaf:macOS_10_15.0,leaf:macOS_10_15.0
12309,fam:macOS,fam:macOS,fam:macOS,maj:macOS_10,maj:macOS_10,maj:macOS_10,leaf:macOS_10_15.0,leaf:macOS_10_15.0,leaf:macOS_10_15.0
12311,fam:macOS,fam:macOS,fam:macOS,maj:macOS_10,maj:macOS_10,maj:macOS_10,leaf:macOS_10_15.0,leaf:macOS_10_15.0,leaf:macOS_10_14.0|leaf:macOS_10_15.0
12312,fam:macOS,fam:macOS,fam:iOS|fam:macOS,maj:macOS_10,maj:macOS_10,maj:iOS_13|maj:macOS_10,leaf:macOS_10_15.0,leaf:macOS_10_15.0,leaf:iOS_13_4.0|leaf:macOS_10_14.0|leaf:macOS_10_15.0
12313,fam:macOS,fam:macOS,fam:macOS,maj:macOS_10,maj:macOS_10,maj:macOS_10,leaf:macOS_10_15.0,leaf:macOS_10_15.0,leaf:macOS_10_15.0
12315,fam:macOS,fam:macOS,fam:macOS,maj:macOS_10,maj:macOS_10,maj:macOS_10,leaf:macOS_10_15.0,leaf:macOS_10_15.0,leaf:macOS_10_15.0
12317,fam:macOS,fam:macOS,fam:macOS,maj:macOS_10,maj:macOS_10,maj:macOS_10,leaf:macOS_10_15.0,leaf:macOS_10_15.0,leaf:macOS_10_15.0
12319,fam:macOS,fam:macOS,fam:macOS,maj:macOS_10,maj:macOS_10,maj:macOS_10,leaf:macOS_10_15.0,leaf:macOS_10_15.0,leaf:macOS_10_15.0
12320,fam:macOS,fam:macOS,fam:iOS|fam:macOS,maj:macOS_10,maj:iOS_14,maj:iOS_14|maj:macOS_10,leaf:macOS_10_15.0,leaf:iOS_14_0.0,leaf:iOS_14_0.0|leaf:macOS_10_15.0
12321,fam:macOS,fam:macOS,fam:macOS,maj:macOS_10,maj:macOS_10,maj:macOS_10,leaf:macOS_10_15.0,leaf:macOS_10_15.0,leaf:macOS_10_15.0
12322,fam:macOS,fam:iOS,fam:iOS|fam:macOS,maj:macOS_10,maj:iOS_13,maj:iOS_13|maj:macOS_10,leaf:macOS_10_15.0,leaf:iOS_13_4.0,leaf:iOS_13_1.0|leaf:iOS_13_2.0|leaf:iOS_13_3.0|leaf:iOS_13_4.0|leaf:iOS_13_5.0|leaf:iOS_13_6.0|leaf:macOS_10_15.0
12323,fam:macOS,fam:macOS,fam:macOS,maj:macOS_10,maj:macOS_10,maj:macOS_10,leaf:macOS_10_15.0,leaf:macOS_10_15.0,leaf:macOS_10_15.0
12325,fam:macOS,fam:macOS,fam:iOS|fam:macOS,maj:macOS_10,maj:macOS_10,maj:iOS_13|maj:macOS_10,leaf:macOS_10_15.0,leaf:macOS_10_15.0,leaf:iOS_13_1.0|leaf:iOS_13_3.0|leaf:iOS_13_4.0|leaf:iOS_13_5.0|leaf:macOS_10_15.0
12327,fam:macOS,fam:macOS,fam:iOS|fam:macOS,maj:macOS_10,maj:macOS_10,maj:iOS_12|maj:iOS_13|maj:macOS_10,leaf:macOS_10_15.0,leaf:macOS_10_15.0,leaf:iOS_12_4.0|leaf:iOS_13_1.0|leaf:iOS_13_4.0|leaf:iOS_13_5.0|leaf:macOS_10_14.0|leaf:macOS_10_15.0
12329,fam:macOS,fam:macOS,fam:macOS,maj:macOS_10,maj:macOS_10,maj:macOS_10,leaf:macOS_10_15.0,leaf:macOS_10_15.0,leaf:macOS_10_15.0
12330,fam:macOS,fam:macOS,fam:macOS,maj:macOS_10,maj:macOS_10,maj:macOS_10,leaf:macOS_10_15.0,leaf:macOS_10_15.0,leaf:macOS_10_15.0
12332,fam:macOS,fam:macOS,fam:macOS,maj:macOS_10,maj:macOS_10,maj:macOS_10,leaf:macOS_10_15.0,leaf:macOS_10_15.0,leaf:macOS_10_15.0
12333,fam:macOS,fam:iOS,fam:iOS|fam:macOS,maj:macOS_10,maj:iOS_13,maj:iOS_13|maj:macOS_10,leaf:macOS_10_15.0,leaf:iOS_13_4.0,leaf:iOS_13_1.0|leaf:iOS_13_2.0|leaf:iOS_13_3.0|leaf:iOS_13_4.0|leaf:iOS_13_5.0|leaf:iOS_13_6.0|leaf:macOS_10_15.0
12334,fam:macOS,fam:macOS,fam:macOS,maj:macOS_10,maj:macOS_10,maj:macOS_10,leaf:macOS_10_15.0,leaf:macOS_10_15.0,leaf:macOS_10_15.0
12337,fam:macOS,fam:macOS,fam:macOS,maj:macOS_10,maj:macOS_10,maj:macOS_10,leaf:macOS_10_15.0,leaf:macOS_10_15.0,leaf:macOS_10_15.0
12338,fam:macOS,fam:macOS,fam:macOS,maj:macOS_10,maj:macOS_10,maj:macOS_10,leaf:macOS_10_15.0,leaf:macOS_10_15.0,leaf:macOS_10_15.0
12341,fam:macOS,fam:macOS,fam:macOS,maj:macOS_10,maj:macOS_10,maj:macOS_10,leaf:macOS_10_15.0,leaf:macOS_10_15.0,leaf:macOS_10_15.0
12343,fam:macOS,fam:macOS,fam:macOS,maj:macOS_10,maj:macOS_10,maj:macOS_10,leaf:macOS_10_15.0,leaf:macOS_10_15.0,leaf:macOS_10_14.0|leaf:macOS_10_15.0
12345,fam:macOS,fam:macOS,fam:macOS,maj:macOS_10,maj:macOS_10,maj:macOS_10,leaf:macOS_10_15.0,leaf:macOS_10_15.0,leaf:macOS_10_14.0|leaf:macOS_10_15.0
12347,fam:macOS,fam:macOS,fam:macOS,maj:macOS_10,maj:macOS_10,maj:macOS_10,leaf:macOS_10_15.0,leaf:macOS_10_15.0,leaf:macOS_10_15.0
12348,fam:macOS,fam:macOS,fam:macOS,maj:macOS_10,maj:macOS_10,maj:macOS_10,leaf:macOS_10_15.0,leaf:macOS_10_15.0,leaf:macOS_10_15.0
12351,fam:macOS,fam:macOS,fam:macOS,maj:macOS_10,maj:macOS_10,maj:macOS_10,leaf:macOS_10_15.0,leaf:macOS_10_15.0,leaf:macOS_10_15.0
12353,fam:macOS,fam:macOS,fam:macOS,maj:macOS_10,maj:macOS_10,maj:macOS_10,leaf:macOS_10_15.0,leaf:macOS_10_15.0,leaf:macOS_10_15.0
12355,fam:macOS,fam:iOS,fam:iOS|fam:macOS,maj:macOS_10,maj:iOS_13,maj:iOS_13|maj:macOS_10,leaf:macOS_10_15.0,leaf:iOS_13_4.0,leaf:iOS_13_1.0|leaf:iOS_13_2.0|leaf:iOS_13_3.0|leaf:iOS_13_4.0|leaf:iOS_13_5.0|leaf:iOS_13_6.0|leaf:macOS_10_15.0
12356,fam:macOS,fam:macOS,fam:macOS,maj:macOS_10,maj:macOS_10,maj:macOS_10,leaf:macOS_10_15.0,leaf:macOS_10_15.0,leaf:macOS_10_15.0
12357,fam:macOS,fam:macOS,fam:macOS,maj:macOS_10,maj:macOS_10,maj:macOS_10,leaf:macOS_10_15.0,leaf:macOS_10_15.0,leaf:macOS_10_15.0
12359,fam:macOS,fam:iOS,fam:iOS|fam:macOS,maj:macOS_10,maj:iOS_13,maj:iOS_13|maj:macOS_10,leaf:macOS_10_15.0,leaf:iOS_13_5.0,leaf:iOS_13_1.0|leaf:iOS_13_2.0|leaf:iOS_13_3.0|leaf:iOS_13_4.0|leaf:iOS_13_5.0|leaf:macOS_10_15.0
12360,fam:macOS,fam:macOS,fam:macOS,maj:macOS_10,maj:macOS_10,maj:macOS_10,leaf:macOS_10_15.0,leaf:macOS_10_15.0,leaf:macOS_10_15.0
12362,fam:macOS,fam:macOS,fam:macOS,maj:macOS_10,maj:macOS_10,maj:macOS_10,leaf:macOS_10_15.0,leaf:macOS_10_15.0,leaf:macOS_10_15.0
12364,fam:macOS,fam:macOS,fam:macOS,maj:macOS_10,maj:macOS_10,maj:macOS_10,leaf:macOS_10_15.0,leaf:macOS_10_15.0,leaf:macOS_10_15.0
12366,fam:macOS,fam:macOS,fam:macOS,maj:macOS_10,maj:macOS_10,maj:macOS_10,leaf:macOS_10_15.0,leaf:macOS_10_15.0,leaf:macOS_10_15.0
12367,fam:macOS,fam:macOS,fam:macOS,maj:macOS_10,maj:macOS_10,maj:macOS_10,leaf:macOS_10_15.0,leaf:macOS_10_15.0,leaf:macOS_10_14.0|leaf:macOS_10_15.0
12368,fam:macOS,fam:macOS,fam:macOS,maj:macOS_10,maj:macOS_10,maj:macOS_10,leaf:macOS_10_15.0,leaf:macOS_10_15.0,leaf:macOS_10_15.0
12369,fam:macOS,fam:macOS,fam:macOS,maj:macOS_10,maj:macOS_10,maj:macOS_10,leaf:macOS_10_15.0,leaf:macOS_10_15.0,leaf:macOS_10_14.0|leaf:macOS_10_15.0
12370,fam:macOS,fam:macOS,fam:macOS,maj:macOS_10,maj:macOS_10,maj:macOS_10,leaf:macOS_10_15.0,leaf:macOS_10_15.0,leaf:macOS_10_14.0|leaf:macOS_10_15.0
12371,fam:macOS,fam:macOS,fam:macOS,maj:macOS_10,maj:macOS_10,maj:macOS_10,leaf:macOS_10_15.0,leaf:macOS_10_15.0,leaf:macOS_10_14.0|leaf:macOS_10_15.0
12378,fam:macOS,fam:macOS,fam:macOS,maj:macOS_10,maj:macOS_10,maj:macOS_10,leaf:macOS_10_15.0,leaf:macOS_10_15.0,leaf:macOS_10_15.0
12379,fam:macOS,fam:macOS,fam:macOS,maj:macOS_10,maj:macOS_10,maj:macOS_10,leaf:macOS_10_15.0,leaf:macOS_10_15.0,leaf:macOS_10_15.0
12380,fam:macOS,fam:macOS,fam:macOS,maj:macOS_10,maj:macOS_10,maj:macOS_10,leaf:macOS_10_15.0,leaf:macOS_10_15.0,leaf:macOS_10_15.0
12383,fam:macOS,fam:macOS,fam:macOS,maj:macOS_10,maj:macOS_10,maj:macOS_10,leaf:macOS_10_15.0,leaf:macOS_10_15.0,leaf:macOS_10_15.0
12390,fam:macOS,fam:macOS,fam:macOS,maj:macOS_10,maj:macOS_10,maj:macOS_10,leaf:macOS_10_15.0,leaf:macOS_10_15.0,leaf:macOS_10_15.0
12391,fam:macOS,fam:macOS,fam:macOS,maj:macOS_10,maj:macOS_10,maj:macOS_10,leaf:macOS_10_15.0,leaf:macOS_10_15.0,leaf:macOS_10_15.0
12398,fam:macOS,fam:macOS,fam:macOS,maj:macOS_10,maj:macOS_10,maj:macOS_10,leaf:macOS_10_15.0,leaf:macOS_10_15.0,leaf:macOS_10_15.0
12399,fam:macOS,fam:macOS,fam:iOS|fam:macOS,maj:macOS_10,maj:macOS_10,maj:iOS_13|maj:macOS_10,leaf:macOS_10_15.0,leaf:macOS_10_15.0,leaf:iOS_13_4.0|leaf:macOS_10_14.0|leaf:macOS_10_15.0
12406,fam:macOS,fam:macOS,fam:macOS,maj:macOS_10,maj:macOS_10,maj:macOS_10,leaf:macOS_10_15.0,leaf:macOS_10_15.0,leaf:macOS_10_15.0
12408,fam:macOS,fam:macOS,fam:macOS,maj:macOS_10,maj:macOS_10,maj:macOS_10,leaf:macOS_10_15.0,leaf:macOS_10_15.0,leaf:macOS_10_15.0
12409,fam:macOS,fam:macOS,fam:macOS,maj:macOS_10,maj:macOS_10,maj:macOS_10,leaf:macOS_10_15.0,leaf:macOS_10_15.0,leaf:macOS_10_15.0
12411,fam:macOS,fam:macOS,fam:macOS,maj:macOS_10,maj:macOS_10,maj:macOS_10,leaf:macOS_10_15.0,leaf:macOS_10_15.0,leaf:macOS_10_15.0
12413,fam:macOS,fam:iOS,fam:iOS|fam:macOS,maj:macOS_10,maj:iOS_13,maj:iOS_13|maj:macOS_10,leaf:macOS_10_15.0,leaf:iOS_13_5.0,leaf:iOS_13_1.0|leaf:iOS_13_2.0|leaf:iOS_13_3.0|leaf:iOS_13_4.0|leaf:iOS_13_5.0|leaf:macOS_10_15.0
12419,fam:macOS,fam:iOS,fam:iOS|fam:macOS,maj:macOS_10,maj:iOS_13,maj:iOS_13|maj:macOS_10,leaf:macOS_10_15.0,leaf:iOS_13_4.0,leaf:iOS_13_1.0|leaf:iOS_13_2.0|leaf:iOS_13_3.0|leaf:iOS_13_4.0|leaf:iOS_13_5.0|leaf:iOS_13_6.0|leaf:macOS_10_15.0
12421,fam:macOS,fam:macOS,fam:macOS,maj:macOS_10,maj:macOS_10,maj:macOS_10,leaf:macOS_10_15.0,leaf:macOS_10_15.0,leaf:macOS_10_15.0
12422,fam:macOS,fam:macOS,fam:macOS,maj:macOS_10,maj:macOS_10,maj:macOS_10,leaf:macOS_10_15.0,leaf:macOS_10_15.0,leaf:macOS_10_15.0
12424,fam:macOS,fam:macOS,fam:macOS,maj:macOS_10,maj:macOS_10,maj:macOS_10,leaf:macOS_10_15.0,leaf:macOS_10_15.0,leaf:macOS_10_15.0
12427,fam:macOS,fam:macOS,fam:macOS,maj:macOS_10,maj:macOS_10,maj:macOS_10,leaf:macOS_10_15.0,leaf:macOS_10_15.0,leaf:macOS_10_15.0
12432,fam:macOS,fam:iOS,fam:iOS|fam:macOS,maj:macOS_10,maj:iOS_13,maj:iOS_13|maj:macOS_10,leaf:macOS_10_15.0,leaf:iOS_13_4.0,leaf:iOS_13_1.0|leaf:iOS_13_2.0|leaf:iOS_13_3.0|leaf:iOS_13_4.0|leaf:iOS_13_5.0|leaf:iOS_13_6.0|leaf:macOS_10_15.0
12433,fam:macOS,fam:macOS,fam:macOS,maj:macOS_10,maj:macOS_10,maj:macOS_10,leaf:macOS_10_15.0,leaf:macOS_10_15.0,leaf:macOS_10_15.0
12434,fam:macOS,fam:macOS,fam:macOS,maj:macOS_10,maj:macOS_10,maj:macOS_10,leaf:macOS_10_15.0,leaf:macOS_10_15.0,leaf:macOS_10_15.0
12435,fam:macOS,fam:macOS,fam:macOS,maj:macOS_10,maj:macOS_10,maj:macOS_10,leaf:macOS_10_15.0,leaf:macOS_10_15.0,leaf:macOS_10_15.0
12436,fam:macOS,fam:iOS,fam:iOS|fam:macOS,maj:macOS_10,maj:macOS_10,maj:iOS_13|maj:macOS_10,leaf:macOS_10_15.0,leaf:iOS_13_5.0,leaf:iOS_13_3.0|leaf:iOS_13_4.0|leaf:iOS_13_5.0|leaf:macOS_10_15.0
12438,fam:macOS,fam:macOS,fam:macOS,maj:macOS_10,maj:macOS_10,maj:macOS_10,leaf:macOS_10_15.0,leaf:macOS_10_15.0,leaf:macOS_10_15.0
12442,fam:macOS,fam:macOS,fam:iOS|fam:macOS,maj:macOS_10,maj:macOS_10,maj:iOS_13|maj:macOS_10,leaf:macOS_10_15.0,leaf:macOS_10_15.0,leaf:iOS_13_4.0|leaf:iOS_13_5.0|leaf:macOS_10_14.0|leaf:macOS_10_15.0
12443,fam:macOS,fam:macOS,fam:macOS,maj:macOS_10,maj:macOS_10,maj:macOS_10,leaf:macOS_10_15.0,leaf:macOS_10_15.0,leaf:macOS_10_15.0
12446,fam:macOS,fam:macOS,fam:macOS,maj:macOS_10,maj:macOS_10,maj:macOS_10,leaf:macOS_10_15.0,leaf:macOS_10_15.0,leaf:macOS_10_14.0|leaf:macOS_10_15.0
12447,fam:macOS,fam:macOS,fam:iOS|fam:macOS,maj:macOS_10,maj:macOS_10,maj:iOS_13|maj:macOS_10,leaf:macOS_10_15.0,leaf:macOS_10_15.0,leaf:iOS_13_4.0|leaf:macOS_10_15.0
12448,fam:macOS,fam:macOS,fam:macOS,maj:macOS_10,maj:macOS_10,maj:macOS_10,leaf:macOS_10_15.0,leaf:macOS_10_15.0,leaf:macOS_10_15.0
12451,fam:macOS,fam:macOS,fam:macOS,maj:macOS_10,maj:macOS_10,maj:macOS_10,leaf:macOS_10_15.0,leaf:macOS_10_15.0,leaf:macOS_10_15.0
12452,fam:macOS,fam:macOS,fam:macOS,maj:macOS_10,maj:macOS_10,maj:macOS_10,leaf:macOS_10_15.0,leaf:macOS_10_15.0,leaf:macOS_10_15.0
12453,fam:macOS,fam:macOS,fam:macOS,maj:macOS_10,maj:macOS_10,maj:macOS_10,leaf:macOS_10_15.0,leaf:macOS_10_15.0,leaf:macOS_10_15.0
12454,fam:macOS,fam:macOS,fam:macOS,maj:macOS_10,maj:macOS_10,maj:macOS_10,leaf:macOS_10_15.0,leaf:macOS_10_15.0,leaf:macOS_10_15.0
12455,fam:macOS,fam:macOS,fam:macOS,maj:macOS_10,maj:macOS_10,maj:macOS_10,leaf:macOS_10_15.0,leaf:macOS_10_15.0,leaf:macOS_10_15.0
12456,fam:macOS,fam:macOS,fam:macOS,maj:macOS_10,maj:macOS_10,maj:macOS_10,leaf:macOS_10_15.0,leaf:macOS_10_15.0,leaf:macOS_10_15.0
12458,fam:macOS,fam:macOS,fam:iOS|fam:macOS,maj:macOS_10,maj:macOS_10,maj:iOS_13|maj:macOS_10,leaf:macOS_10_15.0,leaf:macOS_10_15.0,leaf:iOS_13_1.0|leaf:iOS_13_3.0|leaf:iOS_13_4.0|leaf:iOS_13_5.0|leaf:macOS_10_15.0
12459,fam:macOS,fam:macOS,fam:macOS,maj:macOS_10,maj:macOS_10,maj:macOS_10,leaf:macOS_10_15.0,leaf:macOS_10_15.0,leaf:macOS_10_15.0
12460,fam:macOS,fam:macOS,fam:macOS,maj:macOS_10,maj:macOS_10,maj:macOS_10,leaf:macOS_10_15.0,leaf:macOS_10_15.0,leaf:macOS_10_15.0
12461,fam:macOS,fam:macOS,fam:macOS,maj:macOS_10,maj:macOS_10,maj:macOS_10,leaf:macOS_10_15.0,leaf:macOS_10_15.0,leaf:macOS_10_15.0
12464,fam:macOS,fam:macOS,fam:macOS,maj:macOS_10,maj:macOS_10,maj:macOS_10,leaf:macOS_10_15.0,leaf:macOS_10_15.0,leaf:macOS_10_15.0
12465,fam:macOS,fam:macOS,fam:macOS,maj:macOS_10,maj:macOS_10,maj:macOS_10,leaf:macOS_10_15.0,leaf:macOS_10_15.0,leaf:macOS_10_15.0
12471,fam:macOS,fam:macOS,fam:macOS,maj:macOS_10,maj:macOS_10,maj:macOS_10,leaf:macOS_10_15.0,leaf:macOS_10_15.0,leaf:macOS_10_15.0
12473,fam:macOS,fam:macOS,fam:macOS,maj:macOS_10,maj:macOS_10,maj:macOS_10,leaf:macOS_10_15.0,leaf:macOS_10_15.0,leaf:macOS_10_14.0|leaf:macOS_10_15.0
12474,fam:macOS,fam:macOS,fam:macOS,maj:macOS_10,maj:macOS_10,maj:macOS_10,leaf:macOS_10_15.0,leaf:macOS_10_15.0,leaf:macOS_10_14.0|leaf:macOS_10_15.0
12479,fam:macOS,fam:macOS,fam:iOS|fam:macOS,maj:macOS_10,maj:macOS_10,maj:iOS_13|maj:macOS_10,leaf:macOS_10_15.0,leaf:macOS_10_15.0,leaf:iOS_13_4.0|leaf:macOS_10_15.0
12481,fam:macOS,fam:macOS,fam:macOS,maj:macOS_10,maj:macOS_10,maj:macOS_10,leaf:macOS_10_15.0,leaf:macOS_10_15.0,leaf:macOS_10_15.0
12482,fam:macOS,fam:iOS,fam:iOS|fam:macOS,maj:macOS_10,maj:iOS_13,maj:iOS_13|maj:macOS_10,leaf:macOS_10_15.0,leaf:iOS_13_5.0,leaf:iOS_13_1.0|leaf:iOS_13_2.0|leaf:iOS_13_3.0|leaf:iOS_13_4.0|leaf:iOS_13_5.0|leaf:iOS_13_6.0|leaf:macOS_10_15.0
12484,fam:macOS,fam:macOS,fam:macOS,maj:macOS_10,maj:macOS_10,maj:macOS_10,leaf:macOS_10_15.0,leaf:macOS_10_15.0,leaf:macOS_10_15.0
12486,fam:macOS,fam:macOS,fam:macOS,maj:macOS_10,maj:macOS_10,maj:macOS_10,leaf:macOS_10_15.0,leaf:macOS_10_15.0,leaf:macOS_10_15.0
12491,fam:macOS,fam:macOS,fam:macOS,maj:macOS_10,maj:macOS_10,maj:macOS_10,leaf:macOS_10_15.0,leaf:macOS_10_15.0,leaf:macOS_10_15.0
12492,fam:macOS,fam:macOS,fam:macOS,maj:macOS_10,maj:macOS_10,maj:macOS_10,leaf:macOS_10_15.0,leaf:macOS_10_15.0,leaf:macOS_10_15.0
12496,fam:macOS,fam:macOS,fam:macOS,maj:macOS_10,maj:macOS_10,maj:macOS_10,leaf:macOS_10_15.0,leaf:macOS_10_15.0,leaf:macOS_10_15.0
12499,fam:macOS,fam:macOS,fam:macOS,maj:macOS_10,maj:macOS_10,maj:macOS_10,leaf:macOS_10_15.0,leaf:macOS_10_14.0,leaf:macOS_10_14.0|leaf:macOS_10_15.0
12500,fam:macOS,fam:macOS,fam:macOS,maj:macOS_10,maj:macOS_10,maj:macOS_10,leaf:macOS_10_15.0,leaf:macOS_10_15.0,leaf:macOS_10_15.0
12501,fam:macOS,fam:macOS,fam:macOS,maj:macOS_10,maj:macOS_10,maj:macOS_10,leaf:macOS_10_15.0,leaf:macOS_10_15.0,leaf:macOS_10_15.0
12502,fam:macOS,fam:macOS,fam:macOS,maj:macOS_10,maj:macOS_10,maj:macOS_10,leaf:macOS_10_15.0,leaf:macOS_10_15.0,leaf:macOS_10_15.0
12506,fam:macOS,fam:macOS,fam:macOS,maj:macOS_10,maj:macOS_10,maj:macOS_10,leaf:macOS_10_15.0,leaf:macOS_10_15.0,leaf:macOS_10_15.0
12507,fam:macOS,fam:macOS,fam:macOS,maj:macOS_10,maj:macOS_10,maj:macOS_10,leaf:macOS_10_15.0,leaf:macOS_10_15.0,leaf:macOS_10_15.0
12508,fam:macOS,fam:iOS,fam:iOS|fam:macOS,maj:macOS_10,maj:iOS_13,maj:iOS_13|maj:macOS_10,leaf:macOS_10_15.0,leaf:iOS_13_4.0,leaf:iOS_13_1.0|leaf:iOS_13_2.0|leaf:iOS_13_3.0|leaf:iOS_13_4.0|leaf:iOS_13_5.0|leaf:iOS_13_6.0|leaf:macOS_10_15.0
12509,fam:macOS,fam:macOS,fam:macOS,maj:macOS_10,maj:macOS_10,maj:macOS_10,leaf:macOS_10_15.0,leaf:macOS_10_15.0,leaf:macOS_10_15.0
12510,fam:macOS,fam:macOS,fam:macOS,maj:macOS_10,maj:macOS_10,maj:macOS_10,leaf:macOS_10_15.0,leaf:macOS_10_15.0,leaf:macOS_10_14.0|leaf:macOS_10_15.0
12511,fam:macOS,fam:macOS,fam:macOS,maj:macOS_10,maj:macOS_10,maj:macOS_10,leaf:macOS_10_15.0,leaf:macOS_10_15.0,leaf:macOS_10_15.0
12513,fam:macOS,fam:macOS,fam:macOS,maj:macOS_10,maj:macOS_10,maj:macOS_10,leaf:macOS_10_15.0,leaf:macOS_10_15.0,leaf:macOS_10_15.0
12518,fam:macOS,fam:macOS,fam:macOS,maj:macOS_10,maj:macOS_10,maj:macOS_10,leaf:macOS_10_15.0,leaf:macOS_10_15.0,leaf:macOS_10_15.0
12519,fam:macOS,fam:macOS,fam:macOS,maj:macOS_10,maj:macOS_10,maj:macOS_10,leaf:macOS_10_15.0,leaf:macOS_10_15.0,leaf:macOS_10_14.0|leaf:macOS_10_15.0
12521,fam:macOS,fam:macOS,fam:macOS,maj:macOS_10,maj:macOS_10,maj:macOS_10,leaf:macOS_10_15.0,leaf:macOS_10_15.0,leaf:macOS_10_15.0
12524,fam:macOS,fam:macOS,fam:macOS,maj:macOS_10,maj:macOS_10,maj:macOS_10,leaf:macOS_10_15.0,leaf:macOS_10_15.0,leaf:macOS_10_15.0
12525,fam:macOS,fam:macOS,fam:macOS,maj:macOS_10,maj:macOS_10,maj:macOS_10,leaf:macOS_10_15.0,leaf:macOS_10_15.0,leaf:macOS_10_14.0|leaf:macOS_10_15.0
12526,fam:macOS,fam:macOS,fam:macOS,maj:macOS_10,maj:macOS_10,maj:macOS_10,leaf:macOS_10_15.0,leaf:macOS_10_15.0,leaf:macOS_10_15.0
12527,fam:macOS,fam:macOS,fam:macOS,maj:macOS_10,maj:macOS_10,maj:macOS_10,leaf:macOS_10_15.0,leaf:macOS_10_15.0,leaf:macOS_10_15.0
12531,fam:macOS,fam:iOS,fam:iOS|fam:macOS,maj:macOS_10,maj:iOS_13,maj:iOS_13|maj:macOS_10,leaf:macOS_10_15.0,leaf:iOS_13_4.0,leaf:iOS_13_1.0|leaf:iOS_13_2.0|leaf:iOS_13_3.0|leaf:iOS_13_4.0|leaf:iOS_13_5.0|leaf:iOS_13_6.0|leaf:macOS_10_15.0
12534,fam:macOS,fam:macOS,fam:macOS,maj:macOS_10,maj:macOS_10,maj:macOS_10,leaf:macOS_10_15.0,leaf:macOS_10_15.0,leaf:macOS_10_14.0|leaf:macOS_10_15.0
12536,fam:macOS,fam:macOS,fam:macOS,maj:macOS_10,maj:macOS_10,maj:macOS_10,leaf:macOS_10_15.0,leaf:macOS_10_15.0,leaf:macOS_10_15.0
12538,fam:macOS,fam:macOS,fam:macOS,maj:macOS_10,maj:macOS_10,maj:macOS_10,leaf:macOS_10_15.0,leaf:macOS_10_15.0,leaf:macOS_10_15.0
12539,fam:macOS,fam:macOS,fam:macOS,maj:macOS_10,maj:macOS_10,maj:macOS_10,leaf:macOS_10_15.0,leaf:macOS_10_15.0,leaf:macOS_10_15.0
12540,fam:macOS,fam:macOS,fam:macOS,maj:macOS_10,maj:macOS_10,maj:macOS_10,leaf:macOS_10_15.0,leaf:macOS_10_15.0,leaf:macOS_10_14.0|leaf:macOS_10_15.0
12544,fam:macOS,fam:macOS,fam:macOS,maj:macOS_10,maj:macOS_10,maj:macOS_10,leaf:macOS_10_15.0,leaf:macOS_10_15.0,leaf:macOS_10_14.0|leaf:macOS_10_15.0
12545,fam:macOS,fam:macOS,fam:macOS,maj:macOS_10,maj:macOS_10,maj:macOS_10,leaf:macOS_10_15.0,leaf:macOS_10_15.0,leaf:macOS_10_15.0
12546,fam:macOS,fam:macOS,fam:macOS,maj:macOS_10,maj:macOS_10,maj:macOS_10,leaf:macOS_10_15.0,leaf:macOS_10_15.0,leaf:macOS_10_15.0
12548,fam:macOS,fam:macOS,fam:macOS,maj:macOS_10,maj:macOS_10,maj:macOS_10,leaf:macOS_10_15.0,leaf:macOS_10_15.0,leaf:macOS_10_15.0
12549,fam:macOS,fam:iOS,fam:iOS|fam:macOS,maj:macOS_10,maj:iOS_13,maj:iOS_13|maj:macOS_10,leaf:macOS_10_15.0,leaf:iOS_13_3.0,leaf:iOS_13_1.0|leaf:iOS_13_2.0|leaf:iOS_13_3.0|leaf:iOS_13_4.0|leaf:iOS_13_5.0|leaf:iOS_13_6.0|leaf:macOS_10_11.0|leaf:macOS_10_15.0
12550,fam:macOS,fam:macOS,fam:macOS,maj:macOS_10,maj:macOS_10,maj:macOS_10,leaf:macOS_10_15.0,leaf:macOS_10_15.0,leaf:macOS_10_14.0|leaf:macOS_10_15.0
12551,fam:macOS,fam:macOS,fam:macOS,maj:macOS_10,maj:macOS_10,maj:macOS_10,leaf:macOS_10_15.0,leaf:macOS_10_15.0,leaf:macOS_10_15.0
12553,fam:macOS,fam:Windows,fam:Android|fam:Windows|fam:macOS,maj:macOS_10,maj:Windows_10,maj:Android_5|maj:Android_6|maj:Android_7|maj:Windows_10|maj:Windows_8|maj:macOS_10,leaf:macOS_10_15.0,leaf:Windows_10,leaf:Android_5_1.0|leaf:Android_6_0.0|leaf:Android_7_0.0|leaf:Android_7_1.0|leaf:Windows_10|leaf:Windows_8_1.0|leaf:macOS_10_11.0
12566,fam:macOS,fam:macOS,fam:macOS,maj:macOS_10,maj:macOS_10,maj:macOS_10,leaf:macOS_10_15.0,leaf:macOS_10_15.0,leaf:macOS_10_15.0
12567,fam:macOS,fam:macOS,fam:macOS,maj:macOS_10,maj:macOS_10,maj:macOS_10,leaf:macOS_10_15.0,leaf:macOS_10_15.0,leaf:macOS_10_15.0
12570,fam:macOS,fam:macOS,fam:macOS,maj:macOS_10,maj:macOS_10,maj:macOS_10,leaf:macOS_10_15.0,leaf:macOS_10_15.0,leaf:macOS_10_15.0
12571,fam:macOS,fam:macOS,fam:macOS,maj:macOS_10,maj:macOS_10,maj:macOS_10,leaf:macOS_10_15.0,leaf:macOS_10_15.0,leaf:macOS_10_14.0|leaf:macOS_10_15.0
12574,fam:macOS,fam:macOS,fam:macOS,maj:macOS_10,maj:macOS_10,maj:macOS_10,leaf:macOS_10_15.0,leaf:macOS_10_15.0,leaf:macOS_10_15.0
12576,fam:macOS,fam:macOS,fam:macOS,maj:macOS_10,maj:macOS_10,maj:macOS_10,leaf:macOS_10_15.0,leaf:macOS_10_15.0,leaf:macOS_10_14.0|leaf:macOS_10_15.0
12577,fam:macOS,fam:macOS,fam:macOS,maj:macOS_10,maj:macOS_10,maj:macOS_10,leaf:macOS_10_15.0,leaf:macOS_10_14.0,leaf:macOS_10_10.0|leaf:macOS_10_14.0|leaf:macOS_10_15.0
12580,fam:macOS,fam:macOS,fam:macOS,maj:macOS_10,maj:macOS_10,maj:macOS_10,leaf:macOS_10_15.0,leaf:macOS_10_15.0,leaf:macOS_10_15.0
12581,fam:macOS,fam:macOS,fam:iOS|fam:macOS,maj:macOS_10,maj:macOS_10,maj:iOS_13|maj:macOS_10,leaf:macOS_10_15.0,leaf:macOS_10_15.0,leaf:iOS_13_4.0|leaf:iOS_13_5.0|leaf:macOS_10_15.0
12582,fam:macOS,fam:macOS,fam:macOS,maj:macOS_10,maj:macOS_10,maj:macOS_10,leaf:macOS_10_15.0,leaf:macOS_10_15.0,leaf:macOS_10_15.0
12583,fam:macOS,fam:macOS,fam:macOS,maj:macOS_10,maj:macOS_10,maj:macOS_10,leaf:macOS_10_15.0,leaf:macOS_10_15.0,leaf:macOS_10_15.0
12587,fam:macOS,fam:macOS,fam:macOS,maj:macOS_10,maj:macOS_10,maj:macOS_10,leaf:macOS_10_15.0,leaf:macOS_10_15.0,leaf:macOS_10_14.0|leaf:macOS_10_15.0
12590,fam:macOS,fam:macOS,fam:macOS,maj:macOS_10,maj:macOS_10,maj:macOS_10,leaf:macOS_10_15.0,leaf:macOS_10_15.0,leaf:macOS_10_15.0
12592,fam:macOS,fam:macOS,fam:macOS,maj:macOS_10,maj:macOS_10,maj:macOS_10,leaf:macOS_10_15.0,leaf:macOS_10_15.0,leaf:macOS_10_14.0|leaf:macOS_10_15.0
12594,fam:macOS,fam:iOS,fam:iOS|fam:macOS,maj:macOS_10,maj:macOS_10,maj:iOS_13|maj:macOS_10,leaf:macOS_10_15.0,leaf:iOS_13_4.0,leaf:iOS_13_4.0|leaf:iOS_13_5.0|leaf:macOS_10_15.0
12596,fam:macOS,fam:macOS,fam:macOS,maj:macOS_10,maj:macOS_10,maj:macOS_10,leaf:macOS_10_15.0,leaf:macOS_10_15.0,leaf:macOS_10_14.0|leaf:macOS_10_15.0
12597,fam:macOS,fam:macOS,fam:macOS,maj:macOS_10,maj:macOS_10,maj:macOS_10,leaf:macOS_10_15.0,leaf:macOS_10_15.0,leaf:macOS_10_15.0
12598,fam:macOS,fam:Windows,fam:Linux|fam:Windows|fam:macOS,maj:macOS_10,maj:macOS_10,maj:Linux_OTHER|maj:Linux_Ubuntu|maj:Windows_10|maj:Windows_7|maj:macOS_10,leaf:macOS_10_15.0,leaf:macOS_10_15.0,leaf:Linux_OTHER|leaf:Linux_Ubuntu|leaf:Windows_10|leaf:Windows_7|leaf:macOS_10_14.0|leaf:macOS_10_15.0
12600,fam:macOS,fam:macOS,fam:macOS,maj:macOS_10,maj:macOS_10,maj:macOS_10,leaf:macOS_10_15.0,leaf:macOS_10_15.0,leaf:macOS_10_15.0
12601,fam:macOS,fam:iOS,fam:iOS|fam:macOS,maj:macOS_10,maj:iOS_13,maj:iOS_13|maj:macOS_10,leaf:macOS_10_15.0,leaf:iOS_13_4.0,leaf:iOS_13_1.0|leaf:iOS_13_2.0|leaf:iOS_13_3.0|leaf:iOS_13_4.0|leaf:iOS_13_5.0|leaf:iOS_13_6.0|leaf:macOS_10_15.0
12604,fam:macOS,fam:macOS,fam:macOS,maj:macOS_10,maj:macOS_10,maj:macOS_10,leaf:macOS_10_15.0,leaf:macOS_10_15.0,leaf:macOS_10_15.0
12605,fam:macOS,fam:macOS,fam:macOS,maj:macOS_10,maj:macOS_10,maj:macOS_10,leaf:macOS_10_15.0,leaf:macOS_10_15.0,leaf:macOS_10_14.0|leaf:macOS_10_15.0
12606,fam:macOS,fam:macOS,fam:macOS,maj:macOS_10,maj:macOS_10,maj:macOS_10,leaf:macOS_10_15.0,leaf:macOS_10_15.0,leaf:macOS_10_15.0
12607,fam:macOS,fam:macOS,fam:macOS,maj:macOS_10,maj:macOS_10,maj:macOS_10,leaf:macOS_10_15.0,leaf:macOS_10_15.0,leaf:macOS_10_15.0
12612,fam:macOS,fam:macOS,fam:macOS,maj:macOS_10,maj:macOS_10,maj:macOS_10,leaf:macOS_10_15.0,leaf:macOS_10_15.0,leaf:macOS_10_15.0
12614,fam:macOS,fam:macOS,fam:macOS,maj:macOS_10,maj:macOS_10,maj:macOS_10,leaf:macOS_10_15.0,leaf:macOS_10_15.0,leaf:macOS_10_15.0
12618,fam:macOS,fam:macOS,fam:macOS,maj:macOS_10,maj:macOS_10,maj:macOS_10,leaf:macOS_10_15.0,leaf:macOS_10_15.0,leaf:macOS_10_14.0|leaf:macOS_10_15.0
12623,fam:macOS,fam:macOS,fam:Windows|fam:macOS,maj:macOS_10,maj:macOS_10,maj:Windows_7|maj:macOS_10|maj:macOS_OTHER,leaf:macOS_10_6.0,leaf:macOS_10_13.0,leaf:Windows_7|leaf:macOS_10_11.0|leaf:macOS_10_12.0|leaf:macOS_10_13.0|leaf:macOS_OTHER
12624,fam:macOS,fam:macOS,fam:macOS,maj:macOS_10,maj:macOS_10,maj:macOS_10,leaf:macOS_10_7.0,leaf:macOS_10_12.0,leaf:macOS_10_12.0
12626,fam:macOS,fam:macOS,fam:Windows|fam:macOS,maj:macOS_10,maj:Windows_7,maj:Windows_10|maj:Windows_7|maj:Windows_8|maj:Windows_Vista|maj:Windows_XP|maj:macOS_10,leaf:macOS_10_8.0,leaf:macOS_10_10.0,leaf:Windows_10|leaf:Windows_7|leaf:Windows_8_1.0|leaf:Windows_8_OTHER|leaf:Windows_Vista|leaf:Windows_XP|leaf:macOS_10_10.0|leaf:macOS_10_11.0|leaf:macOS_10_13.0|leaf:macOS_10_8.0|leaf:macOS_10_9.0
12630,fam:macOS,fam:Windows,fam:Windows|fam:macOS,maj:macOS_10,maj:Windows_8,maj:Windows_10|maj:Windows_8|maj:Windows_XP|maj:macOS_10,leaf:macOS_10_8.0,leaf:Windows_8_OTHER,leaf:Windows_10|leaf:Windows_8_OTHER|leaf:Windows_XP|leaf:macOS_10_8.0
12632,fam:macOS,fam:macOS,fam:Linux|fam:Windows|fam:macOS,maj:macOS_10,maj:Linux_OTHER,maj:Linux_OTHER|maj:Windows_7|maj:macOS_10,leaf:macOS_10_9.0,leaf:Windows_7,leaf:Linux_OTHER|leaf:Windows_7|leaf:macOS_10_9.0
12633,fam:macOS,fam:macOS,fam:Windows|fam:macOS,maj:macOS_10,maj:Windows_8,maj:Windows_10|maj:Windows_7|maj:Windows_8|maj:Windows_Vista|maj:Windows_XP|maj:macOS_10,leaf:macOS_10_9.0,leaf:macOS_10_10.0,leaf:Windows_10|leaf:Windows_7|leaf:Windows_8_1.0|leaf:Windows_8_OTHER|leaf:Windows_Vista|leaf:Windows_XP|leaf:macOS_10_10.0|leaf:macOS_10_11.0|leaf:macOS_10_13.0|leaf:macOS_10_8.0|leaf:macOS_10_9.0
12634,fam:macOS,fam:macOS,fam:macOS,maj:macOS_10,maj:macOS_10,maj:macOS_10,leaf:macOS_10_9.0,leaf:macOS_10_9.0,leaf:macOS_10_9.0
12635,fam:macOS,fam:macOS,fam:Linux|fam:Windows|fam:macOS,maj:macOS_10,maj:Linux_OTHER,maj:Linux_OTHER|maj:Windows_7|maj:macOS_10,leaf:macOS_10_9.0,leaf:Windows_7,leaf:Linux_OTHER|leaf:Windows_7|leaf:macOS_10_9.0
12640,fam:macOS,fam:macOS,fam:macOS,maj:macOS_10,maj:macOS_10,maj:macOS_10,leaf:macOS_10_9.0,leaf:macOS_10_9.0,leaf:macOS_10_9.0
12641,fam:macOS,fam:macOS,fam:macOS,maj:macOS_10,maj:macOS_10,maj:macOS_10,leaf:macOS_10_9.0,leaf:macOS_10_9.0,leaf:macOS_10_9.0
12642,fam:macOS,fam:macOS,fam:macOS,maj:macOS_10,maj:macOS_10,maj:macOS_10,leaf:macOS_10_9.0,leaf:macOS_10_9.0,leaf:macOS_10_9.0
12646,fam:macOS,fam:macOS,fam:Linux|fam:Windows|fam:macOS,maj:macOS_10,maj:Windows_7,maj:Linux_OTHER|maj:Windows_7|maj:macOS_10,leaf:macOS_10_9.0,leaf:macOS_10_9.0,leaf:Linux_OTHER|leaf:Windows_7|leaf:macOS_10_9.0
12647,fam:macOS,fam:Windows,fam:Linux|fam:Windows|fam:macOS,maj:macOS_10,maj:Linux_OTHER,maj:Linux_OTHER|maj:Linux_Ubuntu|maj:Windows_10|maj:Windows_7|maj:macOS_10,leaf:macOS_10_9.0,leaf:Linux_OTHER,leaf:Linux_OTHER|leaf:Linux_Ubuntu|leaf:Windows_10|leaf:Windows_7|leaf:macOS_10_9.0
12650,fam:macOS,fam:macOS,fam:Windows|fam:macOS,maj:macOS_OTHER,maj:macOS_OTHER,maj:Windows_7|maj:macOS_10|maj:macOS_OTHER,leaf:macOS_OTHER,leaf:macOS_OTHER,leaf:Windows_7|leaf:macOS_10_13.0|leaf:macOS_OTHER
12653,fam:macOS,fam:macOS,fam:macOS,maj:macOS_OTHER,maj:macOS_OTHER,maj:macOS_OTHER,leaf:macOS_OTHER,leaf:macOS_OTHER,leaf:macOS_OTHER
12654,fam:macOS,fam:macOS,fam:Windows|fam:macOS,maj:macOS_OTHER,maj:macOS_10,maj:Windows_7|maj:macOS_10|maj:macOS_OTHER,leaf:macOS_OTHER,leaf:macOS_10_13.0,leaf:Windows_7|leaf:macOS_10_11.0|leaf:macOS_10_12.0|leaf:macOS_10_13.0|leaf:macOS_OTHER
12657,fam:macOS,fam:macOS,fam:macOS,maj:macOS_OTHER,maj:macOS_OTHER,maj:macOS_OTHER,leaf:macOS_OTHER,leaf:macOS_OTHER,leaf:macOS_OTHER
